set,time,ssim_fp,ks_p_value,spatial_rel_error,max_spatial_rel_error,pearson_correlation_coefficient
bg_2_PSL,0,0.101102814,0,99.09939236,0.039999707,0.703680246
bg_2_PSL,1,0.100723727,0,99.24587674,0.039999194,0.704047884
bg_2_PSL,2,0.109517585,0,99.01439525,0.039997363,0.692432492
bg_2_PSL,3,0.125165191,0,99.11385995,0.03999978,0.657364243
bg_2_PSL,4,0.118924095,0,99.15002894,0.039999194,0.635424088
bg_2_PSL,5,0.110506651,0,99.05779803,0.039999927,0.618466654
bg_2_PSL,6,0.109766144,0,98.83897569,0.039999268,0.606001326
bg_2_PSL,7,0.123209656,0,98.9312066,0.039999268,0.600896255
bg_2_PSL,8,0.11097055,0,99.0234375,0.039998828,0.594479439
bg_2_PSL,9,0.107919627,0,99.20066551,0.039999707,0.573581551
bg_2_PSL,10,0.10576379,0,98.90046296,0.039999927,0.534666645
bg_2_PSL,11,0.112669857,0,99.19343171,0.039999341,0.523756105
bg_2_PSL,12,0.116031912,0,99.07588252,0.039999854,0.541990148
bg_2_PSL,13,0.117606754,0,98.99631076,0.039999561,0.542828678
bg_2_PSL,14,0.11919419,0,99.01077836,0.039999854,0.517637186
bg_2_PSL,15,0.119700049,0,99.00354456,0.039999341,0.503678626
bg_2_PSL,16,0.093584159,0,99.11024306,0.039996265,0.511590736
bg_2_PSL,17,0.083764277,0,99.23683449,0.039999927,0.521915135
bg_2_PSL,18,0.08710994,0,99.22960069,0.039999927,0.484794161
bg_2_PSL,19,0.085006259,0,99.25311053,0.039999487,0.457181144
bg_2_PSL,20,0.084858073,0,99.03247975,0.03999707,0.493734422
bg_2_PSL,21,0.094090554,0,99.2151331,0.03999751,0.5278705
bg_2_PSL,22,0.109287125,0,99.1192853,0.039999341,0.527879465
bg_2_PSL,23,0.117996213,0,99.08492477,0.039999268,0.540948192
bg_2_PSL,24,0.124149613,0,99.10300926,0.039999561,0.583066793
bg_2_PSL,25,0.129421241,0,99.03247975,0.039997803,0.619442283
bg_2_PSL,26,0.130275285,0,98.95471644,0.039998828,0.631610724
bg_2_PSL,27,0.119020746,0,99.03790509,0.039999707,0.621787419
bg_2_PSL,28,0.114260432,0,99.01077836,0.039998901,0.621412909
bg_2_PSL,29,0.110858874,0,99.04152199,0.039996265,0.637771186
bg_2_PSL,30,0.121189121,0,99.16992188,0.039999854,0.648538555
bg_2_PSL,31,0.122907613,0,98.86791088,0.039999341,0.627324736
bg_2_PSL,32,0.12827003,0,99.0198206,0.039999341,0.556128897
bg_2_PSL,33,0.128579878,0,98.98546007,0.039999634,0.53817673
bg_2_PSL,34,0.11874772,0,99.07949942,0.039999561,0.538406999
bg_2_PSL,35,0.12281428,0,99.08130787,0.039995825,0.5515387
bg_2_PSL,36,0.118748944,0,98.85886863,0.039998022,0.556507444
bg_2_PSL,37,0.110539876,0,98.98184317,0.039999927,0.523458322
bg_2_PSL,38,0.119640774,0,98.97822627,0.039997803,0.505259931
bg_2_PSL,39,0.111771569,0,99.11385995,0.03999978,0.533013814
bg_2_PSL,40,0.11463329,0,98.6255787,0.039999121,0.549205735
bg_2_PSL,41,0.103138663,0,99.20609086,0.039999414,0.561888127
bg_2_PSL,42,0.089587566,0,99.0162037,0.039996411,0.547869738
bg_2_PSL,43,0.087934079,0,99.12471065,0.039999048,0.530589269
bg_2_PSL,44,0.107183778,0,99.1265191,0.039997949,0.510890901
bg_2_PSL,45,0.106766468,0,98.89865451,0.039998828,0.495615698
bg_2_PSL,46,0.102555452,0,99.13375289,0.039999854,0.492956112
bg_2_PSL,47,0.114825702,0,99.11024306,0.039999707,0.481658573
bg_2_PSL,48,0.116661934,0,99.07045718,0.039997144,0.473181058
bg_2_PSL,49,0.120475798,0,98.96737558,0.039999048,0.492660305
bg_2_PSL,50,0.121212762,0,99.00716146,0.039999561,0.48394874
bg_2_PSL,51,0.124440657,0,98.58217593,0.039999854,0.438297809
bg_2_PSL,52,0.134754533,0,99.09215856,0.03999978,0.462025423
bg_2_PSL,53,0.135255997,0,98.916739,0.039997217,0.532387485
bg_2_PSL,54,0.120724906,0,99.05779803,0.039998096,0.521955584
bg_2_PSL,55,0.12035141,0,98.97099248,0.039997144,0.487035016
bg_2_PSL,56,0.126061218,0,98.93663194,0.039999561,0.471786319
bg_2_PSL,57,0.128918805,0,99.07226563,0.039997803,0.483243595
bg_2_PSL,58,0.124195539,0,99.13736979,0.03999978,0.491748211
bg_2_PSL,59,0.128958549,0,99.08492477,0.039999268,0.489020983
bg_2_PSL,60,0.12101434,0,98.99992766,0.039999707,0.490343667
bg_2_PSL,61,0.113590133,0,99.03428819,0.039999341,0.483478577
bg_2_PSL,62,0.11358613,0,99.08311632,0.039996924,0.503289816
bg_2_PSL,63,0.109248065,0,99.16811343,0.039998462,0.540643966
bg_2_PSL,64,0.107434699,0,99.19162326,0.039991064,0.530725514
bg_2_PSL,65,0.106140702,0,98.99450231,0.039998682,0.521214484
bg_2_PSL,66,0.096914115,0,99.13917824,0.039999707,0.562223448
bg_2_PSL,67,0.085444736,0,99.21332465,0.03999978,0.592304045
bg_2_PSL,68,0.075335037,0,99.24045139,0.039999707,0.550690194
bg_2_PSL,69,0.07851665,0,99.36704282,0.039999634,0.472252622
bg_2_PSL,70,0.072723603,0,99.3218316,0.039999048,0.359488957
bg_2_PSL,71,0.087995863,0,99.24587674,0.039999341,0.402842457
bg_2_PSL,72,0.107532214,0,99.10662616,0.039999854,0.416145367
bg_2_PSL,73,0.11116308,0,99.18077257,0.039996631,0.427879891
bg_2_PSL,74,0.11304693,0,99.10300926,0.039998682,0.435541534
bg_2_PSL,75,0.107947124,0,99.2115162,0.039998682,0.474881947
bg_2_PSL,76,0.091011404,0,99.25491898,0.03999978,0.511026746
bg_2_PSL,77,0.072619662,0,99.29832176,0.039999707,0.553840553
bg_2_PSL,78,0.063012839,0,99.43395544,0.039999341,0.576565384
bg_2_PSL,79,0.06971643,0,99.38331887,0.039999854,0.580232427
bg_2_PSL,80,0.062691005,0,99.4176794,0.039999561,0.576806251
bg_2_PSL,81,0.056750269,0,99.41225405,0.03999729,0.566075548
bg_2_PSL,82,0.073481947,0,99.36704282,0.039998096,0.57298202
bg_2_PSL,83,0.068494318,0,99.28747106,0.039998828,0.64109319
bg_2_PSL,84,0.076900909,0,99.43214699,0.039995972,0.69405366
bg_2_PSL,85,0.082650692,0,99.36704282,0.039998682,0.726802063
bg_2_PSL,86,0.080442371,0,99.307364,0.039998755,0.732408
bg_2_PSL,87,0.090283291,0,99.29470486,0.039999634,0.71888285
bg_2_PSL,88,0.072327585,0,99.37427662,0.039999048,0.696646664
bg_2_PSL,89,0.0674523,0,99.45746528,0.039998755,0.667556159
bg_2_PSL,90,0.070236822,0,99.40502025,0.039999341,0.674054095
bg_2_PSL,91,0.075550499,0,99.3145978,0.03999978,0.687032765
bg_2_PSL,92,0.088251808,0,99.28204572,0.039998682,0.68174566
bg_2_PSL,93,0.096859708,0,99.2151331,0.039997363,0.66122025
bg_2_PSL,94,0.082304034,0,99.38151042,0.039998389,0.617242126
bg_2_PSL,95,0.090646581,0,99.34714988,0.03999978,0.534863701
bg_2_PSL,96,0.095196276,0,99.37065972,0.039998389,0.488357947
bg_2_PSL,97,0.089769242,0,99.39236111,0.039998462,0.449695536
bg_2_PSL,98,0.090514192,0,99.29651331,0.03999978,0.469947579
bg_2_PSL,99,0.080940245,0,99.33449074,0.03999978,0.524609886
bg_2_PSL,100,0.077885899,0,99.39778646,0.039997803,0.548407533
bg_2_PSL,101,0.071552356,0,99.38331887,0.039999854,0.552641259
bg_2_PSL,102,0.064635459,0,99.4068287,0.039998096,0.563514959
bg_2_PSL,103,0.065738675,0,99.33810764,0.039999048,0.580740528
bg_2_PSL,104,0.071044803,0,99.33087384,0.039998828,0.598232663
bg_2_PSL,105,0.089861546,0,99.22417535,0.039998462,0.571613335
bg_2_PSL,106,0.122895413,0,99.11024306,0.039999854,0.553468005
bg_2_PSL,107,0.132914115,0,99.15183738,0.039999268,0.53276564
bg_2_PSL,108,0.134192099,0,99.2115162,0.03999978,0.554453908
bg_2_PSL,109,0.12776057,0,99.29832176,0.039999927,0.55461
bg_2_PSL,110,0.096102754,0,99.25311053,0.039999634,0.549529564
bg_2_PSL,111,0.087226858,0,99.2151331,0.03999978,0.53254404
bg_2_PSL,112,0.095336135,0,99.26757813,0.039999341,0.526291462
bg_2_PSL,113,0.107986985,0,99.17534722,0.039999927,0.462814064
bg_2_PSL,114,0.125465865,0,99.18619792,0.039997363,0.435191503
bg_2_PSL,115,0.120728695,0,99.25491898,0.039999561,0.46569714
bg_2_PSL,116,0.11803006,0,99.19524016,0.039999927,0.527294918
bg_2_PSL,117,0.121555199,0,99.23864294,0.039999634,0.572669153
bg_2_PSL,118,0.131235147,0,99.16811343,0.039996997,0.578859485
bg_2_PSL,119,0.123696786,0,99.18800637,0.039998682,0.57043402
bg_2_PSL,120,0.112039922,0,99.25311053,0.039998682,0.569711282
bg_2_PSL,121,0.095352525,0,99.30555556,0.039999927,0.575959707
bg_2_PSL,122,0.105872735,0,99.28566262,0.039998315,0.587030221
bg_2_PSL,123,0.108863987,0,99.34353299,0.039999268,0.58994488
bg_2_PSL,124,0.092220845,0,99.27842882,0.039999341,0.609711799
bg_2_PSL,125,0.078461351,0,99.37608507,0.039997949,0.599519759
bg_2_PSL,126,0.072577361,0,99.3145978,0.039998901,0.580418889
bg_2_PSL,127,0.067296951,0,99.30555556,0.039998975,0.586800726
bg_2_PSL,128,0.062072046,0,99.3254485,0.039999487,0.508553087
bg_2_PSL,129,0.057440647,0,99.40502025,0.039999634,0.402724234
bg_2_PSL,130,0.057791097,0,99.39416956,0.039999854,0.429377274
bg_2_PSL,131,0.067565804,0,99.36161748,0.03999978,0.4960254
bg_2_PSL,132,0.060166027,0,99.39416956,0.03999978,0.532221463
bg_2_PSL,133,0.050378739,0,99.38512731,0.039999854,0.563730083
bg_2_PSL,134,0.054216009,0,99.38512731,0.039993921,0.508381249
bg_2_PSL,135,0.046684132,0,99.38874421,0.039998608,0.524962977
bg_2_PSL,136,0.048983879,0,99.50448495,0.039999048,0.582228681
bg_2_PSL,137,0.05783011,0,99.41225405,0.039999634,0.550355292
bg_2_PSL,138,0.067492033,0,99.36342593,0.039998462,0.531857347
bg_2_PSL,139,0.058020995,0,99.47193287,0.039999121,0.546819316
bg_2_PSL,140,0.071243848,0,99.45203993,0.039998242,0.600361176
bg_2_PSL,141,0.072714957,0,99.48278356,0.039998828,0.588393157
bg_2_PSL,142,0.064467521,0,99.45746528,0.039998828,0.569221879
bg_2_PSL,143,0.061264869,0,99.5099103,0.039999854,0.548563551
bg_2_PSL,144,0.061786222,0,99.32906539,0.039998975,0.5131471
bg_2_PSL,145,0.057055795,0,99.44480613,0.039999854,0.488717668
bg_2_PSL,146,0.056669868,0,99.3145978,0.03999729,0.469335109
bg_2_PSL,147,0.06956973,0,99.14460359,0.039999927,0.50815746
bg_2_PSL,148,0.07285172,0,99.18258102,0.039999268,0.489901361
bg_2_PSL,149,0.073639311,0,99.22960069,0.039999854,0.471938723
bg_2_PSL,150,0.078629949,0,99.24045139,0.039996191,0.497425434
bg_2_PSL,151,0.089286178,0,99.30374711,0.039998975,0.495157516
bg_2_PSL,152,0.100115572,0,99.18438947,0.039999707,0.476951012
bg_2_PSL,153,0.104859583,0,99.21694155,0.03999978,0.451754689
bg_2_PSL,154,0.08952592,0,99.307364,0.039997583,0.545020395
bg_2_PSL,155,0.091533614,0,99.27300347,0.039998096,0.536552509
bg_2_PSL,156,0.080719608,0,99.34172454,0.039999927,0.488935063
bg_2_PSL,157,0.069903244,0,99.33087384,0.039999634,0.446791749
bg_2_PSL,158,0.065001839,0,99.33268229,0.039998755,0.490154599
bg_2_PSL,159,0.060549934,0,99.29832176,0.039998682,0.523481726
bg_2_PSL,160,0.06988039,0,99.28385417,0.039998096,0.495369026
bg_2_PSL,161,0.107799502,0,99.13736979,0.039999048,0.452697074
bg_2_PSL,162,0.101933238,0,99.12471065,0.039998535,0.371073637
bg_2_PSL,163,0.083503168,0,99.17173032,0.039998315,0.333927461
bg_2_PSL,164,0.072552723,0,99.3254485,0.039999561,0.31503633
bg_2_PSL,165,0.064428925,0,99.2151331,0.039998315,0.285356634
bg_2_PSL,166,0.072123359,0,99.27119502,0.039999194,0.325471115
bg_2_PSL,167,0.101083589,0,99.2151331,0.039998975,0.328872597
bg_2_PSL,168,0.112959377,0,99.1229022,0.039998828,0.339209459
bg_2_PSL,169,0.106503976,0,99.13556134,0.039999634,0.367136769
bg_2_PSL,170,0.100155301,0,98.71419271,0.039999854,0.388935727
bg_2_PSL,171,0.09639868,0,99.24045139,0.039999487,0.402779614
bg_2_PSL,172,0.1095822,0,99.23864294,0.039998096,0.39246782
bg_2_PSL,173,0.096429363,0,99.11747685,0.03999978,0.375082785
bg_2_PSL,174,0.09081878,0,99.17896412,0.039999268,0.376605018
bg_2_PSL,175,0.089481639,0,99.17353877,0.039999927,0.378771131
bg_2_PSL,176,0.098832939,0,99.12832755,0.039999561,0.3912106
bg_2_PSL,177,0.081498004,0,99.14098669,0.039998901,0.366906812
bg_2_PSL,178,0.073190872,0,99.25672743,0.039998389,0.38378665
bg_2_PSL,179,0.075263911,0,99.24768519,0.039995459,0.437025863
bg_2_PSL,180,0.072278906,0,99.20789931,0.039999854,0.425095205
bg_2_PSL,181,0.080685419,0,99.3218316,0.039999634,0.420504226
bg_2_PSL,182,0.091155124,0,99.18438947,0.039999854,0.456184425
bg_2_PSL,183,0.08378564,0,99.22779225,0.039998682,0.483473807
bg_2_PSL,184,0.071341677,0,99.28204572,0.039999927,0.447615781
bg_2_PSL,185,0.068918644,0,99.28927951,0.039999927,0.432736035
bg_2_PSL,186,0.071734134,0,99.21332465,0.039998389,0.435956503
bg_2_PSL,187,0.064606836,0,99.24949363,0.039999414,0.419619962
bg_2_PSL,188,0.063173364,0,99.32725694,0.039998022,0.447449163
bg_2_PSL,189,0.065280678,0,99.29289641,0.039998608,0.420129827
bg_2_PSL,190,0.062371649,0,99.35438368,0.039999854,0.397777261
bg_2_PSL,191,0.062770695,0,99.38512731,0.0399948,0.413920672
bg_2_PSL,192,0.070036016,0,99.3254485,0.039998828,0.408003236
bg_2_PSL,193,0.071476119,0,99.24587674,0.039998022,0.405851384
bg_2_PSL,194,0.06261576,0,99.26576968,0.039999194,0.440186535
bg_2_PSL,195,0.069633343,0,99.26034433,0.039999707,0.458700591
bg_2_PSL,196,0.081873388,0,99.15907118,0.039999854,0.449974579
bg_2_PSL,197,0.085437915,0,99.12471065,0.039999634,0.425511355
bg_2_PSL,198,0.084222904,0,99.12832755,0.039999927,0.400826911
bg_2_PSL,199,0.074978664,0,99.18800637,0.039999854,0.386652955
bg_2_PSL,200,0.088728377,0,99.18258102,0.03999978,0.383334221
bg_2_PSL,201,0.103210156,0,99.18438947,0.039999927,0.415274679
bg_2_PSL,202,0.103683541,0,98.61111111,0.039999194,0.442366519
bg_2_PSL,203,0.101412376,0,99.27481192,0.039999707,0.428319274
bg_2_PSL,204,0.087548617,0,99.130136,0.039999707,0.413968678
bg_2_PSL,205,0.086078001,0,99.24949363,0.039999927,0.44818214
bg_2_PSL,206,0.103079009,0,98.67078993,0.039999487,0.48505672
bg_2_PSL,207,0.114978444,0,99.06864873,0.039999268,0.495626884
bg_2_PSL,208,0.13080605,0,99.15002894,0.03999978,0.507108912
bg_2_PSL,209,0.132384391,0,99.11385995,0.039999048,0.48911417
bg_2_PSL,210,0.107234245,0,99.14279514,0.039999854,0.469863093
bg_2_PSL,211,0.094710167,0,99.15907118,0.039999414,0.491729483
bg_2_PSL,212,0.088692763,0,99.3218316,0.039999561,0.489163431
bg_2_PSL,213,0.074443687,0,99.19524016,0.039999707,0.479758272
bg_2_PSL,214,0.068891185,0,99.14460359,0.039998242,0.452683225
bg_2_PSL,215,0.052845335,0,99.22417535,0.039999268,0.43237479
bg_2_PSL,216,0.041404065,0,99.30555556,0.039997656,0.426876284
bg_2_PSL,217,0.055633641,0,99.20247396,0.039999341,0.430790169
bg_2_PSL,218,0.093047579,0,99.20247396,0.039999854,0.411311574
bg_2_PSL,219,0.097710279,0,99.06141493,0.039999927,0.391745075
bg_2_PSL,220,0.09511914,0,99.21875,0.039999634,0.42091511
bg_2_PSL,221,0.093994367,0,99.15907118,0.039999854,0.390135802
bg_2_PSL,222,0.084768574,0,99.11747685,0.039999707,0.391112113
bg_2_PSL,223,0.091829825,0,99.14279514,0.039999487,0.425895754
bg_2_PSL,224,0.095527067,0,99.10300926,0.039999854,0.435224927
bg_2_PSL,225,0.093295716,0,99.07588252,0.039999634,0.430734979
bg_2_PSL,226,0.09536078,0,99.10662616,0.039998315,0.444336908
bg_2_PSL,227,0.081507365,0,99.19343171,0.039997217,0.456720948
bg_2_PSL,228,0.100911338,0,99.01439525,0.039996558,0.410122499
bg_2_PSL,229,0.098131493,0,98.96375868,0.039997803,0.390183743
bg_2_PSL,230,0.101524854,0,99.01077836,0.039998315,0.40127601
bg_2_PSL,231,0.097640101,0,98.98184317,0.039998389,0.415941167
bg_2_PSL,232,0.084911934,0,99.05056424,0.039999194,0.41625598
bg_2_PSL,233,0.097591854,0,98.99631076,0.039999268,0.448805131
bg_2_PSL,234,0.095897253,0,99.25672743,0.039999634,0.488338269
bg_2_PSL,235,0.096914958,0,99.27481192,0.03999978,0.475336246
bg_2_PSL,236,0.103678331,0,99.13194444,0.039998022,0.4140471
bg_2_PSL,237,0.114906147,0,99.05237269,0.039999634,0.359292527
bg_2_PSL,238,0.095176958,0,99.12471065,0.039999927,0.359360618
bg_2_PSL,239,0.082717575,0,99.18077257,0.039998608,0.364568964
bg_2_PSL,240,0.077817899,0,99.18981481,0.039995459,0.340249111
bg_2_PSL,241,0.077532824,0,99.13556134,0.039998608,0.348334306
bg_2_PSL,242,0.080261753,0,99.26938657,0.039999561,0.396042641
bg_2_PSL,243,0.096142431,0,99.26034433,0.039999487,0.408347628
bg_2_PSL,244,0.118464698,0,99.17353877,0.039997217,0.41109075
bg_2_PSL,245,0.125092654,0,99.16268808,0.039996924,0.408985161
bg_2_PSL,246,0.131643292,0,99.17534722,0.039999707,0.415932168
bg_2_PSL,247,0.132905759,0,99.09396701,0.039999121,0.462049746
bg_2_PSL,248,0.133406694,0,99.05960648,0.039999634,0.510484724
bg_2_PSL,249,0.127360609,0,99.10300926,0.039998608,0.505437308
bg_2_PSL,250,0.126344481,0,99.16087963,0.039998022,0.486468966
bg_2_PSL,251,0.127861703,0,99.12109375,0.039999341,0.465961382
bg_2_PSL,252,0.123204324,0,98.96195023,0.039998462,0.486444061
bg_2_PSL,253,0.127034115,0,99.0234375,0.039999194,0.518834695
bg_2_PSL,254,0.127717247,0,99.0198206,0.03999978,0.473194036
bg_2_PSL,255,0.109553497,0,99.11385995,0.039997144,0.427908048
bg_2_PSL,256,0.099347657,0,99.09758391,0.039997876,0.43789008
bg_2_PSL,257,0.099252618,0,99.19704861,0.03999978,0.448092804
bg_2_PSL,258,0.10250896,0,99.04513889,0.039999121,0.422951912
bg_2_PSL,259,0.10868327,0,99.20066551,0.039997144,0.419939471
bg_2_PSL,260,0.11648702,0,99.32906539,0.039997803,0.438623103
bg_2_PSL,261,0.115734694,0,99.19524016,0.039995605,0.462610162
bg_2_PSL,262,0.109510884,0,99.10300926,0.039997656,0.481095784
bg_2_PSL,263,0.112573243,0,99.15364583,0.039998901,0.492114092
bg_2_PSL,264,0.120408128,0,99.25130208,0.039998608,0.479428806
bg_2_PSL,265,0.099975197,0,99.26215278,0.039998828,0.461284555
bg_2_PSL,266,0.10244434,0,99.15726273,0.039999341,0.468318477
bg_2_PSL,267,0.103843759,0,99.2259838,0.039999854,0.492129744
bg_2_PSL,268,0.116461844,0,99.26034433,0.039997729,0.494068982
bg_2_PSL,269,0.123881713,0,99.16992188,0.039998975,0.499870748
bg_2_PSL,270,0.138424909,0,99.20970775,0.039999561,0.509828578
bg_2_PSL,271,0.141126099,0,99.19704861,0.039998462,0.508611466
bg_2_PSL,272,0.131440277,0,99.0270544,0.03999978,0.509342576
bg_2_PSL,273,0.112476299,0,99.12109375,0.039998315,0.469367427
bg_2_PSL,274,0.114941191,0,99.23864294,0.039999194,0.455324524
bg_2_PSL,275,0.109728274,0,99.18258102,0.03999978,0.486178718
bg_2_PSL,276,0.132963953,0,99.22779225,0.039998975,0.519060608
bg_2_PSL,277,0.131632197,0,99.12109375,0.039999414,0.480465718
bg_2_PSL,278,0.127714738,0,99.09035012,0.039999707,0.500386879
bg_2_PSL,279,0.127511863,0,99.03971354,0.039998315,0.479313877
bg_2_PSL,280,0.099161335,0,99.15364583,0.039999561,0.466613759
bg_2_PSL,281,0.108359327,0,99.04513889,0.03999978,0.463915034
bg_2_PSL,282,0.130438326,0,99.15002894,0.03999978,0.477217951
bg_2_PSL,283,0.129976304,0,99.14279514,0.039998975,0.516993331
bg_2_PSL,284,0.1260135,0,99.09215856,0.039998828,0.560655263
bg_2_PSL,285,0.126982331,0,99.00173611,0.039997949,0.545184938
bg_2_PSL,286,0.125342814,0,99.05056424,0.039998022,0.511695403
bg_2_PSL,287,0.115540571,0,99.06684028,0.039998462,0.459556431
bg_2_PSL,288,0.106941599,0,99.22055845,0.039998828,0.466202941
bg_2_PSL,289,0.089937705,0,99.22960069,0.039999414,0.477873857
bg_2_PSL,290,0.100752253,0,99.19524016,0.039999854,0.43821308
bg_2_PSL,291,0.118270671,0,99.15907118,0.039999634,0.432399262
bg_2_PSL,292,0.125003999,0,99.0198206,0.039999707,0.512690228
bg_2_PSL,293,0.113001787,0,99.15183738,0.039999268,0.527365171
bg_2_PSL,294,0.11988234,0,99.0234375,0.039999707,0.550794975
bg_2_PSL,295,0.123733206,0,99.04152199,0.039997949,0.562665449
bg_2_PSL,296,0.123291737,0,98.92578125,0.039999634,0.567175378
bg_2_PSL,297,0.117650793,0,99.00716146,0.039999268,0.557652347
bg_2_PSL,298,0.11922395,0,99.15726273,0.039999341,0.552260446
bg_2_PSL,299,0.120149238,0,99.10843461,0.039997949,0.5532876
bg_2_PSL,300,0.125524041,0,99.04152199,0.039996777,0.559577889
bg_2_PSL,301,0.142750912,0,99.130136,0.039997363,0.539064331
bg_2_PSL,302,0.13147623,0,99.09035012,0.039998901,0.531262308
bg_2_PSL,303,0.120094272,0,99.08130787,0.039999854,0.534766966
bg_2_PSL,304,0.120541809,0,99.12471065,0.039999707,0.5523335
bg_2_PSL,305,0.113243173,0,99.16630498,0.039998755,0.557682288
bg_2_PSL,306,0.116322737,0,99.10662616,0.03999978,0.56032838
bg_2_PSL,307,0.108898861,0,99.13556134,0.039997583,0.526870032
bg_2_PSL,308,0.093475423,0,99.20428241,0.039996265,0.453567984
bg_2_PSL,309,0.104268998,0,98.61472801,0.039999854,0.403657416
bg_2_PSL,310,0.111512085,0,99.13375289,0.039999927,0.395896906
bg_2_PSL,311,0.117594161,0,99.15726273,0.039996851,0.439536194
bg_2_PSL,312,0.113366763,0,99.16811343,0.039998975,0.491881546
bg_2_PSL,313,0.107876896,0,98.53153935,0.039998169,0.529453521
bg_2_PSL,314,0.118273635,0,99.13375289,0.039999707,0.538188079
bg_2_PSL,315,0.110565055,0,99.19885706,0.03999978,0.535762652
bg_2_PSL,316,0.110582372,0,99.28927951,0.039998169,0.506313572
bg_2_PSL,317,0.107892641,0,99.17896412,0.039999048,0.456554127
bg_2_PSL,318,0.110064791,0,99.1120515,0.039999927,0.519702722
bg_2_PSL,319,0.124947174,0,99.1192853,0.039999854,0.570064362
bg_2_PSL,320,0.123506262,0,99.09035012,0.039999927,0.611868782
bg_2_PSL,321,0.129704529,0,99.0198206,0.039999707,0.641095644
bg_2_PSL,322,0.122388111,0,99.09215856,0.039998755,0.657020225
bg_2_PSL,323,0.112371569,0,99.20247396,0.039998828,0.642232157
bg_2_PSL,324,0.117810611,0,99.17353877,0.039996924,0.61181821
bg_2_PSL,325,0.120017382,0,99.20970775,0.03999978,0.601680382
bg_2_PSL,326,0.103713996,0,99.37065972,0.039998828,0.583828435
bg_2_PSL,327,0.097611679,0,99.36342593,0.039997217,0.564755268
bg_2_PSL,328,0.097505549,0,99.32002315,0.039999854,0.570966595
bg_2_PSL,329,0.098376987,0,99.16449653,0.039999194,0.566101078
bg_2_PSL,330,0.106266111,0,99.130136,0.039999927,0.539842606
bg_2_PSL,331,0.106624268,0,99.28385417,0.03999707,0.519370323
bg_2_PSL,332,0.100637197,0,99.08492477,0.039999341,0.495600726
bg_2_PSL,333,0.113053695,0,99.07045718,0.039997656,0.476069965
bg_2_PSL,334,0.113494946,0,98.37058738,0.039997217,0.489021303
bg_2_PSL,335,0.114704001,0,98.82993345,0.03999978,0.516560496
bg_2_PSL,336,0.125772681,0,98.90769676,0.039999268,0.491150986
bg_2_PSL,337,0.118898886,0,98.78653067,0.039998389,0.427133723
bg_2_PSL,338,0.097500776,0,98.96375868,0.039999341,0.402667017
bg_2_PSL,339,0.105341442,0,98.94024884,0.039999414,0.393765759
bg_2_PSL,340,0.130043984,0,98.86971933,0.039997949,0.385398098
bg_2_PSL,341,0.148272745,0,98.80099826,0.039998315,0.377786226
bg_2_PSL,342,0.134726024,0,98.76482928,0.039999414,0.394129911
bg_2_PSL,343,0.127374854,0,98.75036169,0.039999414,0.437836726
bg_2_PSL,344,0.108681314,0,98.85706019,0.039998755,0.442109216
bg_2_PSL,345,0.110558219,0,99.00896991,0.039998462,0.411677439
bg_2_PSL,346,0.107743669,0,98.90227141,0.039999634,0.443127936
bg_2_PSL,347,0.126621289,0,98.99992766,0.039993848,0.481558117
bg_2_PSL,348,0.140993196,0,98.87514468,0.039998315,0.46599202
bg_2_PSL,349,0.137174407,0,98.84620949,0.03999751,0.437070844
bg_2_PSL,350,0.137563086,0,98.98907697,0.039997876,0.4516132
bg_2_PSL,351,0.140419084,0,98.81727431,0.039999048,0.46763718
bg_2_PSL,352,0.127867643,0,98.96737558,0.039997949,0.485431536
bg_2_PSL,353,0.123957494,0,98.87333623,0.039998242,0.468798419
bg_2_PSL,354,0.125479512,0,98.90227141,0.039999561,0.449641965
bg_2_PSL,355,0.112144418,0,99.04152199,0.039998901,0.415114199
bg_2_PSL,356,0.121857911,0,98.84078414,0.039998389,0.366028011
bg_2_PSL,357,0.113655551,0,98.37239583,0.039999854,0.430490387
bg_2_PSL,358,0.108792133,0,99.0234375,0.039997803,0.487146873
bg_2_PSL,359,0.115552644,0,98.88780382,0.039998975,0.502413562
bg_2_PSL,360,0.123129287,0,99.02524595,0.039999194,0.510051396
bg_2_PSL,361,0.116442515,0,99.10662616,0.039999854,0.518051178
bg_2_PSL,362,0.112901699,0,99.14279514,0.039999927,0.53032292
bg_2_PSL,363,0.123903568,0,99.1120515,0.039998975,0.527479652
bg_2_PSL,364,0.123459627,0,99.0306713,0.039998828,0.574777403
bg_2_PSL,365,0.116728155,0,99.05598958,0.039997437,0.604775161
bg_2_PSL,366,0.111010861,0,98.98003472,0.039998096,0.623995427
bg_2_PSL,367,0.096094988,0,98.85163484,0.039998682,0.624659537
bg_2_PSL,368,0.099702474,0,99.05237269,0.039998901,0.573216462
bg_2_PSL,369,0.105699654,0,98.99631076,0.039998975,0.53902906
bg_2_PSL,370,0.111303599,0,99.18619792,0.039999121,0.566071873
bg_2_PSL,371,0.126896622,0,99.18800637,0.039999634,0.57979736
bg_2_PSL,372,0.121748154,0,99.12832755,0.039999268,0.599768846
bg_2_PSL,373,0.109545783,0,99.06322338,0.039996631,0.605740837
bg_2_PSL,374,0.114722547,0,99.05598958,0.039999561,0.627040909
bg_2_PSL,375,0.117270072,0,98.90227141,0.039996558,0.604559269
bg_2_PSL,376,0.111455894,0,99.1120515,0.039999414,0.599286477
bg_2_PSL,377,0.111984263,0,99.01077836,0.039999707,0.572454164
bg_2_PSL,378,0.114569036,0,98.98184317,0.039998682,0.498194945
bg_2_PSL,379,0.128911608,0,99.03247975,0.039999194,0.462896798
bg_2_PSL,380,0.114849591,0,99.03428819,0.039999121,0.465630456
bg_2_PSL,381,0.110566556,0,98.99811921,0.039999634,0.510383446
bg_2_PSL,382,0.123568869,0,99.11024306,0.039998389,0.54764764
bg_2_PSL,383,0.128644677,0,99.13736979,0.039999487,0.536938449
bg_2_PSL,384,0.115601573,0,98.94205729,0.03999502,0.567997425
bg_2_PSL,385,0.120197224,0,99.04152199,0.039996777,0.590798125
bg_2_PSL,386,0.131991192,0,98.94929109,0.039999707,0.564920106
bg_2_PSL,387,0.108028863,0,99.07045718,0.039999634,0.557818994
bg_2_PSL,388,0.097836652,0,99.01258681,0.039999927,0.544684464
bg_2_PSL,389,0.104204034,0,99.14279514,0.039998096,0.52556432
bg_2_PSL,390,0.105719417,0,99.16087963,0.039999194,0.537530381
bg_2_PSL,391,0.112767675,0,98.96375868,0.039998975,0.50797414
bg_2_PSL,392,0.112540361,0,99.03790509,0.039999048,0.519101472
bg_2_PSL,393,0.109311111,0,98.99992766,0.039999561,0.544504864
bg_2_PSL,394,0.099866383,0,99.01077836,0.039999487,0.548425948
bg_2_PSL,395,0.100191167,0,99.04694734,0.039999707,0.571413324
bg_2_PSL,396,0.075587937,0,99.19524016,0.039999048,0.608824627
bg_2_PSL,397,0.058249247,0,99.22779225,0.039999121,0.61999573
bg_2_PSL,398,0.070309297,0,99.13917824,0.039999048,0.644951064
bg_2_PSL,399,0.079281487,0,99.16811343,0.039999048,0.577119067
bg_2_PSL,400,0.092888741,0,99.11024306,0.039996411,0.517779752
bg_2_PSL,401,0.099625278,0,99.18981481,0.039995532,0.526797565
bg_2_PSL,402,0.115969586,0,99.16811343,0.039999487,0.550991792
bg_2_PSL,403,0.112273923,0,99.10481771,0.039998682,0.534418626
bg_2_PSL,404,0.112142154,0,99.06141493,0.039997803,0.529694848
bg_2_PSL,405,0.116077474,0,99.16630498,0.039998682,0.611035958
bg_2_PSL,406,0.113714305,0,99.14279514,0.039997144,0.66480129
bg_2_PSL,407,0.116813236,0,99.22055845,0.039999048,0.709465085
bg_2_PSL,408,0.110361637,0,99.10481771,0.039999561,0.692555062
bg_2_PSL,409,0.107153518,0,99.13736979,0.039998828,0.671272467
bg_2_PSL,410,0.117076895,0,99.08854167,0.039997876,0.685443049
bg_2_PSL,411,0.128169818,0,99.09939236,0.039998242,0.676738182
bg_2_PSL,412,0.132475684,0,99.15183738,0.039999341,0.611277751
bg_2_PSL,413,0.115963814,0,99.10662616,0.039998682,0.572994113
bg_2_PSL,414,0.104789057,0,99.23683449,0.039995166,0.529278818
bg_2_PSL,415,0.098901938,0,99.29108796,0.039999854,0.506542953
bg_2_PSL,416,0.094638264,0,99.15907118,0.039998608,0.499714916
bg_2_PSL,417,0.079765029,0,99.11024306,0.039999268,0.549678864
bg_2_PSL,418,0.072520461,0,99.17715567,0.039996704,0.615196205
bg_2_PSL,419,0.081637086,0,99.2223669,0.039999927,0.607359098
bg_2_PSL,420,0.06939394,0,99.28204572,0.039999194,0.634367796
bg_2_PSL,421,0.062598376,0,99.30013021,0.039996924,0.649912366
bg_2_PSL,422,0.049441178,0,99.15183738,0.039999854,0.65038662
bg_2_PSL,423,0.056330995,0,99.37789352,0.03999978,0.618188072
bg_2_PSL,424,0.057612397,0,99.22960069,0.039999268,0.627032182
bg_2_PSL,425,0.077214482,0,99.26396123,0.039999268,0.581444801
bg_2_PSL,426,0.10403776,0,98.62196181,0.039996704,0.5555481
bg_2_PSL,427,0.111146592,0,99.08854167,0.039998901,0.499078527
bg_2_PSL,428,0.098347813,0,98.99269387,0.039998901,0.507573692
bg_2_PSL,429,0.082757565,0,99.19162326,0.039998755,0.568812325
bg_2_PSL,430,0.077310956,0,99.25491898,0.039999487,0.600159011
bg_2_PSL,431,0.098592518,0,99.16992188,0.039999927,0.556420517
bg_2_PSL,432,0.119129462,0,99.130136,0.039998462,0.508936296
bg_2_PSL,433,0.0937181,0,99.15364583,0.039997363,0.500704826
bg_2_PSL,434,0.084293407,0,99.26576968,0.039999487,0.496725471
bg_2_PSL,435,0.110978389,0,99.17896412,0.039999634,0.508362475
bg_2_PSL,436,0.113158944,0,99.1229022,0.039999854,0.542078493
bg_2_PSL,437,0.100125437,0,99.07588252,0.039999194,0.490448963
bg_2_PSL,438,0.098909815,0,99.14822049,0.03999707,0.475522517
bg_2_PSL,439,0.103643294,0,99.17896412,0.039999194,0.467067143
bg_2_PSL,440,0.087972754,0,99.19885706,0.039998169,0.462202581
bg_2_PSL,441,0.076224616,0,99.36342593,0.039999487,0.488629734
bg_2_PSL,442,0.078360498,0,99.36342593,0.039999341,0.521569464
bg_2_PSL,443,0.077433995,0,99.16268808,0.039999707,0.54315218
bg_2_PSL,444,0.088229188,0,99.17896412,0.039998608,0.52409399
bg_2_PSL,445,0.085998721,0,99.22779225,0.039997437,0.531137306
bg_2_PSL,446,0.080352342,0,99.28566262,0.03999978,0.515671822
bg_2_PSL,447,0.0737853,0,99.2151331,0.039999487,0.563820777
bg_2_PSL,448,0.067626513,0,99.39236111,0.039997876,0.575516943
bg_2_PSL,449,0.068638195,0,99.24045139,0.039999854,0.531053616
bg_2_PSL,450,0.068053057,0,99.24045139,0.039999854,0.4898313
bg_2_PSL,451,0.089800945,0,99.15183738,0.039995312,0.495453392
bg_2_PSL,452,0.091447942,0,99.23502604,0.039998975,0.509444579
bg_2_PSL,453,0.081959917,0,99.26215278,0.039996118,0.502903537
bg_2_PSL,454,0.082996525,0,99.27119502,0.039999634,0.481727481
bg_2_PSL,455,0.085067707,0,99.30917245,0.039999854,0.52982787
bg_2_PSL,456,0.089407751,0,99.22960069,0.039998242,0.524680857
bg_2_PSL,457,0.100696936,0,99.24949363,0.039999487,0.523651617
bg_2_PSL,458,0.094440495,0,99.19704861,0.039998022,0.485852975
bg_2_PSL,459,0.096420207,0,99.23140914,0.039996631,0.47287194
bg_2_PSL,460,0.099902816,0,99.15545428,0.039999854,0.502636451
bg_2_PSL,461,0.085177482,0,99.20789931,0.039998169,0.537888627
bg_2_PSL,462,0.072887648,0,99.2259838,0.039999121,0.582029876
bg_2_PSL,463,0.068656076,0,99.20066551,0.039998535,0.527672763
bg_2_PSL,464,0.082824838,0,99.30193866,0.039999854,0.486387807
bg_2_PSL,465,0.080549758,0,99.16992188,0.039999194,0.44383465
bg_2_PSL,466,0.083506081,0,99.24949363,0.039998975,0.443660535
bg_2_PSL,467,0.086712721,0,99.28204572,0.039999414,0.467924247
bg_2_PSL,468,0.076347894,0,99.35076678,0.039998901,0.42438011
bg_2_PSL,469,0.071922516,0,99.28566262,0.039999707,0.427701261
bg_2_PSL,470,0.063638955,0,99.20970775,0.039999414,0.398314073
bg_2_PSL,471,0.060394767,0,98.7250434,0.039992822,0.380900072
bg_2_PSL,472,0.064004059,0,99.21332465,0.039998755,0.338935372
bg_2_PSL,473,0.069027636,0,99.25672743,0.039995898,0.331413077
bg_2_PSL,474,0.057506363,0,99.34172454,0.039999414,0.294828396
bg_2_PSL,475,0.053277964,0,99.36342593,0.039999854,0.259984719
bg_2_PSL,476,0.052502771,0,99.33268229,0.039999121,0.327545206
bg_2_PSL,477,0.068604372,0,99.29108796,0.03999978,0.400604464
bg_2_PSL,478,0.098715934,0,99.18438947,0.039999268,0.401707897
bg_2_PSL,479,0.117579124,0,99.06684028,0.039999854,0.423399459
bg_2_PSL,480,0.101166574,0,99.28385417,0.039999634,0.39732194
bg_2_PSL,481,0.098769886,0,99.35076678,0.039996484,0.405046216
bg_2_PSL,482,0.100077713,0,99.27481192,0.039998682,0.447806491
bg_2_PSL,483,0.098036342,0,99.28747106,0.039998389,0.47650905
bg_2_PSL,484,0.079504706,0,99.24587674,0.039999268,0.449892015
bg_2_PSL,485,0.066516777,0,99.38331887,0.039999121,0.496368443
bg_2_PSL,486,0.071306423,0,99.4212963,0.039999487,0.480425051
bg_2_PSL,487,0.084066806,0,99.38151042,0.039999414,0.467156698
bg_2_PSL,488,0.088652501,0,99.30917245,0.039997949,0.44769036
bg_2_PSL,489,0.078985883,0,99.28204572,0.03999978,0.426494309
bg_2_PSL,490,0.088882417,0,99.2151331,0.039998242,0.423727137
bg_2_PSL,491,0.089276905,0,99.2223669,0.039999268,0.442303848
bg_2_PSL,492,0.095403776,0,99.16449653,0.039999414,0.46187216
bg_2_PSL,493,0.093793076,0,99.19885706,0.039999927,0.446149709
bg_2_PSL,494,0.074381319,0,99.18981481,0.039999854,0.434440698
bg_2_PSL,495,0.062827448,0,99.24949363,0.039997876,0.412134245
bg_2_PSL,496,0.060625275,0,99.36161748,0.039998828,0.371325016
bg_2_PSL,497,0.059156285,0,99.29470486,0.039998755,0.476870877
bg_2_PSL,498,0.056973813,0,99.27481192,0.039995679,0.505746472
bg_2_PSL,499,0.051741926,0,99.28747106,0.039999927,0.42195979
bg_2_PSL,500,0.048440307,0,99.16268808,0.03999978,0.387949548
bg_2_PSL,501,0.042677329,0,99.27842882,0.039999707,0.346174346
bg_2_PSL,502,0.039857136,0,99.29832176,0.03999978,0.313284847
bg_2_PSL,503,0.040403672,0,99.32002315,0.039995093,0.313910789
bg_2_PSL,504,0.031663526,0,99.36161748,0.039999341,0.371136525
bg_2_PSL,505,0.047688282,0,99.39055266,0.03999729,0.355342788
bg_2_PSL,506,0.059037391,0,99.33810764,0.039999707,0.389065953
bg_2_PSL,507,0.070115232,0,99.2259838,0.039998462,0.4030586
bg_2_PSL,508,0.080596617,0,99.25491898,0.039998315,0.401267091
bg_2_PSL,509,0.076164655,0,99.14279514,0.039996777,0.387890445
bg_2_PSL,510,0.078602534,0,99.23864294,0.039999927,0.485541513
bg_2_PSL,511,0.090945013,0,99.2259838,0.039998755,0.558971289
bg_2_PSL,512,0.100778291,0,99.29289641,0.039998535,0.555689128
bg_2_PSL,513,0.110938522,0,99.2151331,0.039999927,0.557948424
bg_2_PSL,514,0.104068737,0,99.20609086,0.039998755,0.564063705
bg_2_PSL,515,0.114378359,0,99.19524016,0.039999854,0.580236786
bg_2_PSL,516,0.118670824,0,99.24406829,0.039998169,0.558553614
bg_2_PSL,517,0.111186229,0,99.19704861,0.039999707,0.517210349
bg_2_PSL,518,0.10772294,0,99.27119502,0.039999707,0.473671693
bg_2_PSL,519,0.11067126,0,99.18800637,0.039998535,0.44160694
bg_2_PSL,520,0.125344867,0,99.24225984,0.039999634,0.452228319
bg_2_PSL,521,0.117155227,0,99.17534722,0.039999854,0.474578812
bg_2_PSL,522,0.094875582,0,99.22055845,0.039998755,0.462272522
bg_2_PSL,523,0.064424426,0,99.32002315,0.039999121,0.414036927
bg_2_PSL,524,0.055268993,0,99.39778646,0.039999194,0.411937485
bg_2_PSL,525,0.052922823,0,99.41587095,0.039999634,0.44862107
bg_2_PSL,526,0.042568076,0,99.38874421,0.039999634,0.349876317
bg_2_PSL,527,0.057227203,0,99.43757234,0.039998828,0.326836655
bg_2_PSL,528,0.049677536,0,99.25311053,0.039999707,0.329478983
bg_2_PSL,529,0.071603554,0,99.15726273,0.039998828,0.356048569
bg_2_PSL,530,0.097151654,0,99.18800637,0.039998901,0.376160754
bg_2_PSL,531,0.100884362,0,99.19343171,0.039999927,0.303370146
bg_2_PSL,532,0.094348769,0,99.21875,0.039999268,0.297332143
bg_2_PSL,533,0.082796347,0,99.29651331,0.039999707,0.362728401
bg_2_PSL,534,0.069884903,0,99.307364,0.039998608,0.390981798
bg_2_PSL,535,0.055209589,0,99.26215278,0.039999341,0.401870008
bg_2_PSL,536,0.053360147,0,99.30193866,0.039999561,0.395528309
bg_2_PSL,537,0.057476876,0,99.38151042,0.039999194,0.422256715
bg_2_PSL,538,0.049430793,0,99.38331887,0.039999341,0.34627919
bg_2_PSL,539,0.055694531,0,99.35076678,0.039999854,0.329961148
bg_2_PSL,540,0.079324368,0,99.17534722,0.039999927,0.320573358
bg_2_PSL,541,0.083741983,0,99.17173032,0.039999341,0.35362799
bg_2_PSL,542,0.092023532,0,99.16811343,0.039997876,0.34174005
bg_2_PSL,543,0.07416084,0,98.70515046,0.039996704,0.331360908
bg_2_PSL,544,0.065419195,0,99.24768519,0.039998462,0.348907863
bg_2_PSL,545,0.063749674,0,99.24406829,0.03999978,0.304584724
bg_2_PSL,546,0.077086448,0,99.22055845,0.03999707,0.299398318
bg_2_PSL,547,0.096523004,0,99.12109375,0.03999978,0.344034041
bg_2_PSL,548,0.092660225,0,99.17173032,0.039996777,0.370861725
bg_2_PSL,549,0.082177977,0,99.18981481,0.039996704,0.373365699
bg_2_PSL,550,0.092156882,0,99.18619792,0.039999048,0.382383337
bg_2_PSL,551,0.075139973,0,99.20970775,0.039995898,0.375545844
bg_2_PSL,552,0.062696696,0,99.30555556,0.039999634,0.345268553
bg_2_PSL,553,0.053900577,0,99.33629919,0.039999487,0.354344697
bg_2_PSL,554,0.051575593,0,99.27842882,0.039997949,0.341870209
bg_2_PSL,555,0.039830145,0,99.37246817,0.039999634,0.35079185
bg_2_PSL,556,0.043065513,0,99.3145978,0.039998975,0.366389995
bg_2_PSL,557,0.050143474,0,99.37789352,0.039998022,0.417656214
bg_2_PSL,558,0.048153799,0,99.38331887,0.039997949,0.41229977
bg_2_PSL,559,0.050338292,0,99.25130208,0.039999854,0.377909833
bg_2_PSL,560,0.053823352,0,99.3145978,0.039999854,0.385334264
bg_2_PSL,561,0.049814385,0,99.38512731,0.039999854,0.403303319
bg_2_PSL,562,0.040737627,0,99.46108218,0.039998975,0.41840585
bg_2_PSL,563,0.047513972,0,99.36342593,0.03999978,0.431087451
bg_2_PSL,564,0.051945165,0,99.49905961,0.039998682,0.432020037
bg_2_PSL,565,0.054803351,0,99.45927373,0.039999341,0.473687857
bg_2_PSL,566,0.055726642,0,99.4104456,0.039999927,0.506667323
bg_2_PSL,567,0.055780767,0,99.55692998,0.039999487,0.463011338
bg_2_PSL,568,0.048299079,0,99.49725116,0.039996777,0.455722946
bg_2_PSL,569,0.048790294,0,99.4176794,0.039995679,0.423393243
bg_2_PSL,570,0.051345912,0,99.27119502,0.039998096,0.450669594
bg_2_PSL,571,0.073248278,0,99.29108796,0.039998169,0.460952572
bg_2_PSL,572,0.114519848,0,99.10481771,0.039999341,0.496411082
bg_2_PSL,573,0.130549111,0,99.06864873,0.039999561,0.542803266
bg_2_PSL,574,0.119580219,0,99.19704861,0.039996924,0.532254207
bg_2_PSL,575,0.117990337,0,99.15002894,0.039999854,0.533163646
bg_2_PSL,576,0.115545062,0,99.11747685,0.039999854,0.53741568
bg_2_PSL,577,0.123034324,0,99.17353877,0.039999121,0.563054286
bg_2_PSL,578,0.126172492,0,99.15002894,0.039999194,0.571742864
bg_2_PSL,579,0.123240627,0,99.07045718,0.039999341,0.569542278
bg_2_PSL,580,0.125141191,0,99.17534722,0.039999854,0.5339161
bg_2_PSL,581,0.111471516,0,99.15545428,0.039999414,0.528029069
bg_2_PSL,582,0.106315281,0,99.17534722,0.039999927,0.528313922
bg_2_PSL,583,0.111062268,0,99.14279514,0.039999854,0.490858476
bg_2_PSL,584,0.117679741,0,99.17353877,0.039998389,0.475731918
bg_2_PSL,585,0.118653385,0,99.08854167,0.039998022,0.464779438
bg_2_PSL,586,0.117696619,0,99.16449653,0.039999414,0.454046951
bg_2_PSL,587,0.114319587,0,98.62738715,0.039998608,0.461400938
bg_2_PSL,588,0.10515921,0,99.17353877,0.039998389,0.473146813
bg_2_PSL,589,0.130458146,0,99.19524016,0.039999268,0.477958981
bg_2_PSL,590,0.136145438,0,99.19343171,0.039999487,0.495575462
bg_2_PSL,591,0.127175796,0,99.18619792,0.039999927,0.484577489
bg_2_PSL,592,0.136780482,0,99.2223669,0.039998022,0.471352014
bg_2_PSL,593,0.139067065,0,99.15183738,0.039999487,0.494044057
bg_2_PSL,594,0.13606024,0,99.18258102,0.039996924,0.511428962
bg_2_PSL,595,0.135330684,0,99.05598958,0.039999561,0.517202668
bg_2_PSL,596,0.130407609,0,99.15907118,0.039997217,0.515985152
bg_2_PSL,597,0.121819931,0,99.15002894,0.039999634,0.49913114
bg_2_PSL,598,0.126765187,0,99.16811343,0.039999414,0.457954863
bg_2_PSL,599,0.128216905,0,99.12471065,0.039999414,0.446396605
bg_2_PSL,600,0.129494708,0,99.2223669,0.039999707,0.451653448
bg_2_PSL,601,0.125291073,0,99.17715567,0.03999978,0.44016088
bg_2_PSL,602,0.126978959,0,99.18258102,0.039999561,0.44417379
bg_2_PSL,603,0.127038257,0,99.17353877,0.039999414,0.465049133
bg_2_PSL,604,0.125869167,0,99.15364583,0.039999268,0.467554791
bg_2_PSL,605,0.131477449,0,99.20066551,0.039997949,0.484529872
bg_2_PSL,606,0.141383306,0,99.18077257,0.039997803,0.516378955
bg_2_PSL,607,0.144979281,0,99.20609086,0.039999194,0.507327164
bg_2_PSL,608,0.145571724,0,99.16630498,0.039998901,0.491599766
bg_2_PSL,609,0.13408095,0,99.20247396,0.039998901,0.515345875
bg_2_PSL,610,0.122342538,0,99.18619792,0.039999194,0.514791305
bg_2_PSL,611,0.120139595,0,99.27662037,0.039999707,0.530309861
bg_2_PSL,612,0.106572846,0,99.30193866,0.039999121,0.561303163
bg_2_PSL,613,0.108351531,0,99.22055845,0.039999854,0.579197184
bg_2_PSL,614,0.111103147,0,99.17715567,0.039999707,0.586253186
bg_2_PSL,615,0.110270444,0,99.18438947,0.039999707,0.562485167
bg_2_PSL,616,0.102722477,0,99.18981481,0.03999978,0.575637174
bg_2_PSL,617,0.109257989,0,99.20428241,0.039999561,0.561124056
bg_2_PSL,618,0.090470367,0,99.20247396,0.039998535,0.534007824
bg_2_PSL,619,0.074448292,0,99.37427662,0.039999634,0.504303021
bg_2_PSL,620,0.046068703,0,99.40321181,0.039999927,0.51167676
bg_2_PSL,621,0.045346152,0,99.49001736,0.039999048,0.496359489
bg_2_PSL,622,0.066510891,0,99.36161748,0.039999268,0.474754587
bg_2_PSL,623,0.10266956,0,99.20428241,0.039998535,0.49275431
bg_2_PSL,624,0.114539799,0,99.26034433,0.039999707,0.512467594
bg_2_PSL,625,0.117476919,0,99.19524016,0.039999854,0.514747878
bg_2_PSL,626,0.124529326,0,99.16630498,0.039998242,0.511630266
bg_2_PSL,627,0.13712976,0,99.17353877,0.039999707,0.494277724
bg_2_PSL,628,0.138773357,0,99.20789931,0.039998901,0.468202994
