set,time,ssim_fp,ks_p_value,spatial_rel_error,max_spatial_rel_error,pearson_correlation_coefficient
bg_2_so4_a2_SRF,0,0.9919483816217359,1.150582164164265e-06,98.85886863425925,0.043472311635504406,0.9999231954281887
bg_2_so4_a2_SRF,1,0.9797761156714736,8.412034602200493e-06,98.95652488425925,0.04343494875385613,0.9999335177591923
bg_2_so4_a2_SRF,2,0.9793554380998557,1.9801157025073675e-06,99.04152199074075,0.04345446348928757,0.9999336141622793
bg_2_so4_a2_SRF,3,0.9716812862811497,1.0060042434870942e-05,99.04875578703704,0.043394012819506965,0.9999414335698024
bg_2_so4_a2_SRF,4,0.9889610231046012,4.451443425671182e-06,99.05418113425925,0.0434773883198673,0.9999306182249453
bg_2_so4_a2_SRF,5,0.9760539771001175,4.3239260980088695e-09,98.92578125,0.043449386561576875,0.9999344785169301
bg_2_so4_a2_SRF,6,0.981663623726195,1.9171489117410263e-05,99.02162905092592,0.04346009564291102,0.9999416758548405
bg_2_so4_a2_SRF,7,0.9828163230438359,4.247097663531854e-05,98.91312210648148,0.04344962454376721,0.9999350636931843
bg_2_so4_a2_SRF,8,0.9853341751965907,2.977991520879854e-06,98.97099247685185,0.04324769374996993,0.9999362018377764
bg_2_so4_a2_SRF,9,0.9813311384591797,0.00011327254051971787,98.99631076388889,0.04344970387113767,0.9999371583853395
bg_2_so4_a2_SRF,10,0.9853924620309518,2.4833181410388282e-05,98.97280092592592,0.04343962918981597,0.9999413233751254
bg_2_so4_a2_SRF,11,0.9875358310145391,0.00013633258441330068,98.88961226851852,0.043428919650204074,0.9999426875260721
bg_2_so4_a2_SRF,12,0.9916382897648576,0.0011493798938264027,98.99088541666666,0.043394012819506965,0.9999353110701348
bg_2_so4_a2_SRF,13,0.9865003578425912,0.00026045092337633624,99.05056423611111,0.04338322292004944,0.9999371272749655
bg_2_so4_a2_SRF,14,0.9756110941070187,0.0003614355399164217,98.99450231481481,0.04340956254056517,0.9999311065577495
bg_2_so4_a2_SRF,15,0.9722345075898098,0.0004864437222879025,98.9890769675926,0.04341971718757334,0.9999479660117317
bg_2_so4_a2_SRF,16,0.9852990231845501,0.00033529487678935974,98.89503761574075,0.0434594610373676,0.9999406982715467
bg_2_so4_a2_SRF,17,0.9878134160604355,0.0007000084946566612,98.95290798611111,0.04345200435915764,0.99994149616618
bg_2_so4_a2_SRF,18,0.9885260723252992,0.00024127327966594204,98.99992766203704,0.043412735890914746,0.9999444175774026
bg_2_so4_a2_SRF,19,0.9880515745744973,5.4514160393350755e-05,98.93120659722221,0.0434624754061994,0.9999448273504749
bg_2_so4_a2_SRF,20,0.9800260147986043,0.0006205915357568408,98.43207465277779,0.043457874519825114,0.9999422028367388
bg_2_so4_a2_SRF,21,0.9882010266661307,0.000888218716213464,98.97280092592592,0.043429554296272765,0.9999378907730468
bg_2_so4_a2_SRF,22,0.9875876144053574,0.0004746449539298776,99.03067129629629,0.043454780795480104,0.9999459451774504
bg_2_so4_a2_SRF,23,0.9812462607704243,4.0163054301553585e-05,98.91854745370371,0.04338187416550272,0.9999388941792795
bg_2_so4_a2_SRF,24,0.9897175222610487,0.0011229630114970217,98.97822627314815,0.043432806844157484,0.9999462512545123
bg_2_so4_a2_SRF,25,0.9849560586923913,0.001735975817975305,98.98003472222221,0.04346731422170246,0.9999384026658363
bg_2_so4_a2_SRF,26,0.9802971456479762,0.008196545182093241,98.92578125,0.0433488681630652,0.9999350615850413
bg_2_so4_a2_SRF,27,0.9869541818939481,0.001986579130826514,98.96737557870371,0.043477071028673375,0.9999224379365019
bg_2_so4_a2_SRF,28,0.9882258101246973,0.0016219986196473989,98.98726851851852,0.043426619051145664,0.9999432184618818
bg_2_so4_a2_SRF,29,0.9744328938745114,0.00011945272555867795,99.01801215277779,0.043421145167518334,0.9999456692379601
bg_2_so4_a2_SRF,30,0.9813979913256416,0.00016812350549127853,98.98365162037037,0.043189280581256775,0.9999432020322524
bg_2_so4_a2_SRF,31,0.9810532324220269,8.666122698505338e-05,99.03067129629629,0.043433441485068204,0.9999368950601448
bg_2_so4_a2_SRF,32,0.9854410382373471,6.515302381241432e-08,99.0089699074074,0.04346001631726414,0.9999297656614787
bg_2_so4_a2_SRF,33,0.9796887000666344,7.991503874590634e-05,99.01439525462963,0.043426619051145664,0.9999279054929996
bg_2_so4_a2_SRF,34,0.9802553649899081,0.00012266148195407293,98.99811921296296,0.04345168705112309,0.9999386556473285
bg_2_so4_a2_SRF,35,0.9815017187209742,2.2143403087273237e-05,98.96918402777779,0.043440025834825965,0.9999397334776838
bg_2_so4_a2_SRF,36,0.9881589885777626,1.757576307380177e-05,98.98726851851852,0.04347564321569576,0.9999345229123953
bg_2_so4_a2_SRF,37,0.9831546396979254,9.258299123938534e-08,98.99088541666666,0.04345668462821454,0.9999428257650468
bg_2_so4_a2_SRF,38,0.9849103137961709,3.590105060690582e-05,98.98546006944444,0.043350613729849385,0.9999465599632329
bg_2_so4_a2_SRF,39,0.9813725440102744,4.161865322281677e-07,98.99631076388889,0.043469852597143366,0.9999412006811776
bg_2_so4_a2_SRF,40,0.986280170109385,1.5356925442707984e-06,98.96556712962963,0.04343241019316065,0.9999317589894681
bg_2_so4_a2_SRF,41,0.9866755676285973,9.928004445590333e-08,99.0089699074074,0.04347722967429665,0.9999383270734492
bg_2_so4_a2_SRF,42,0.985016662506981,4.247097663532218e-05,99.04875578703704,0.04337187739559568,0.9999215856849538
bg_2_so4_a2_SRF,43,0.9889648531751958,7.991503874590634e-05,99.0234375,0.04338631710728582,0.9999244955670944
bg_2_so4_a2_SRF,44,0.9893475449848234,0.0010718204306871095,99.02705439814815,0.04347302554749913,0.999923908292403
bg_2_so4_a2_SRF,45,0.9863207511471264,0.0004985177508477673,98.99088541666666,0.043444071595138675,0.9999270164776355
bg_2_so4_a2_SRF,46,0.9869933024404233,2.8636097485463415e-05,98.9890769675926,0.043423287129442024,0.9999216155838709
bg_2_so4_a2_SRF,47,0.9852289767110272,4.6171361533062435e-05,98.99811921296296,0.04346318933287689,0.9999230084267479
bg_2_so4_a2_SRF,48,0.9902363410207495,8.879619237183674e-07,98.95290798611111,0.043465648405497714,0.9999258106792022
bg_2_so4_a2_SRF,49,0.988206225993563,0.0006205915357568408,99.03609664351852,0.04337600307198896,0.9999368580807872
bg_2_so4_a2_SRF,50,0.9852408234663096,8.879619237182788e-07,99.04875578703704,0.043413211891651246,0.9999367114058009
bg_2_so4_a2_SRF,51,0.9905448553546121,2.7624292400167855e-08,99.06141493055556,0.04347746764263289,0.9999308611067508
bg_2_so4_a2_SRF,52,0.989836948030002,3.1832281641379873e-07,99.04513888888889,0.04347254960628772,0.9999348142993676
bg_2_so4_a2_SRF,53,0.9883344450370208,3.590105060690272e-05,99.10300925925925,0.04347453269154395,0.9999284931787499
bg_2_so4_a2_SRF,54,0.9866382204033792,6.039266498424055e-06,99.05960648148148,0.043457874519825114,0.9999332352852226
bg_2_so4_a2_SRF,55,0.9835397872171896,8.595244229383373e-07,99.06322337962963,0.04337822457530722,0.9999300785297217
bg_2_so4_a2_SRF,56,0.9837345825969145,4.7471694659234154e-05,99.00716145833334,0.04338060474598448,0.9999404290137528
bg_2_so4_a2_SRF,57,0.9836251299788449,0.00026045092337635657,99.00716145833334,0.04342106583541101,0.9999286018425843
bg_2_so4_a2_SRF,58,0.9849322692537064,1.2744366829766794e-05,98.99631076388889,0.04344716538875683,0.999931428479361
bg_2_so4_a2_SRF,59,0.9895253760352573,0.00010456820927322704,99.02524594907408,0.043469693949073004,0.9999243186612189
bg_2_so4_a2_SRF,60,0.9827796785265649,5.760088836254018e-05,99.07949942129629,0.0433807634236085,0.9999260475420607
bg_2_so4_a2_SRF,61,0.985289931266003,2.221856423890202e-08,99.04694733796296,0.04345073512575636,0.9999242872894197
bg_2_so4_a2_SRF,62,0.9865611035488869,3.490502748716815e-05,99.01258680555556,0.0434734221648135,0.9999230500419055
bg_2_so4_a2_SRF,63,0.9862728589592924,2.0869882215820114e-09,98.95109953703704,0.04347445336829158,0.9999290086127048
bg_2_so4_a2_SRF,64,0.9854308476674162,1.6980418218275495e-10,99.00716145833334,0.04339250542170988,0.9999311454815986
bg_2_so4_a2_SRF,65,0.9834959520958597,3.528739783497347e-10,99.06503182870371,0.043426460388733726,0.9999338262787545
bg_2_so4_a2_SRF,66,0.9850404872826712,1.4331788523925285e-05,98.88599537037037,0.043456287997019824,0.9999329791735709
bg_2_so4_a2_SRF,67,0.9826754311737328,5.6834655116356845e-06,98.41037326388889,0.043431220238196434,0.9999343022858075
bg_2_so4_a2_SRF,68,0.9823814647234139,0.00017710405896696022,98.84440104166666,0.0433917120525401,0.9999226216667763
bg_2_so4_a2_SRF,69,0.9876642665490125,5.6834655116356845e-06,98.99992766203704,0.04346683827480744,0.999924196700838
bg_2_so4_a2_SRF,70,0.9835028374828023,1.9184358311140947e-06,98.96556712962963,0.043362991202496835,0.9999336375761335
bg_2_so4_a2_SRF,71,0.9828692864160499,1.5356925442709487e-06,98.96918402777779,0.04345517742792474,0.99993532005931
bg_2_so4_a2_SRF,72,0.9806117257009531,2.353771314931244e-10,99.01077835648148,0.04339242608485212,0.9999255671635413
bg_2_so4_a2_SRF,73,0.9807620595180073,1.8580186871835827e-09,99.01982060185185,0.043449227906717534,0.999921978526979
bg_2_so4_a2_SRF,74,0.9849764314710223,1.5356925442709487e-06,99.00354456018519,0.04344042247950701,0.9999314928238138
bg_2_so4_a2_SRF,75,0.9771020082179399,1.9314750396562414e-09,98.94205729166666,0.04344081912385911,0.9999411819928471
bg_2_so4_a2_SRF,76,0.9756172246209415,8.047873241525454e-08,98.86067708333334,0.04347786425626351,0.9999386893643303
bg_2_so4_a2_SRF,77,0.9859078941482098,2.5311752673688983e-09,98.93844039351852,0.043466441652033116,0.9999360329491955
bg_2_so4_a2_SRF,78,0.962804164164974,7.334222554584352e-09,98.88057002314815,0.043374971656226814,0.9999404696307632
bg_2_so4_a2_SRF,79,0.9765319538811235,1.4317541419840164e-08,98.85886863425925,0.043456605302001905,0.999936437303685
bg_2_so4_a2_SRF,80,0.9808575053862728,1.501440415416309e-10,98.8914207175926,0.04344962454376721,0.9999188652168077
bg_2_so4_a2_SRF,81,0.9831752321219522,2.3434110699693437e-09,98.99811921296296,0.043358310016528005,0.9999247402335049
bg_2_so4_a2_SRF,82,0.9834996179662776,2.221856423890202e-08,98.93844039351852,0.04346429988336808,0.9999266144395031
bg_2_so4_a2_SRF,83,0.9835495585770377,1.598793909300349e-08,98.93663194444444,0.04340615116545714,0.9999337564767679
bg_2_so4_a2_SRF,84,0.9801138000478592,4.734280958134615e-08,98.828125,0.043396948264741594,0.9999361970051907
bg_2_so4_a2_SRF,85,0.9855429840210932,1.564361955007795e-10,98.93663194444444,0.04341575055424539,0.9999335994062866
bg_2_so4_a2_SRF,86,0.9857831246953503,4.6871736951921985e-11,98.98003472222221,0.04345509810146213,0.9999321394753353
bg_2_so4_a2_SRF,87,0.9805734128146725,8.842259573531523e-09,98.8624855324074,0.04345652597577612,0.9999333486585515
bg_2_so4_a2_SRF,88,0.9857188423593285,3.959672533450819e-08,98.86610243055556,0.043457795193809844,0.9999412678338427
bg_2_so4_a2_SRF,89,0.9725391655284207,1.065073444920046e-08,98.77025462962963,0.04330911512237556,0.999949163570143
bg_2_so4_a2_SRF,90,0.9776595767776194,2.0688307215322544e-14,98.94929108796296,0.04347683306013979,0.9999149314281044
bg_2_so4_a2_SRF,91,0.9838292347744397,8.262249580951321e-14,98.91312210648148,0.04339988369196084,0.9999282037755299
bg_2_so4_a2_SRF,92,0.9866539654842886,3.5208150897018956e-07,98.96918402777779,0.04341091121703631,0.9999375370165899
bg_2_so4_a2_SRF,93,0.981930900478494,1.5356925442709487e-06,98.73227719907408,0.04344637211024975,0.9999346743813617
bg_2_so4_a2_SRF,94,0.9899426514033205,5.25207326037407e-07,98.90950520833334,0.04344724471653517,0.9999308870092027
bg_2_so4_a2_SRF,95,0.9761518386129151,2.9758125263304144e-07,98.87333622685185,0.043435266072995686,0.9999363076211063
bg_2_so4_a2_SRF,96,0.9814608523269126,1.011071100913493e-06,98.92397280092592,0.04343748730107786,0.9999371886031472
bg_2_so4_a2_SRF,97,0.9504020571768157,2.1423896483996168e-08,99.03247974537037,0.04345652597577612,0.999940387201507
bg_2_so4_a2_SRF,98,0.9374142530622097,3.308808630225052e-08,98.93844039351852,0.043425191087543454,0.9999430052366439
bg_2_so4_a2_SRF,99,0.9727702476676667,5.032190689064048e-09,98.88418692129629,0.043458271149704124,0.9999424402916529
bg_2_so4_a2_SRF,100,0.9750846252664286,1.980215231352452e-07,98.88418692129629,0.04342408044623871,0.9999479174066633
bg_2_so4_a2_SRF,101,0.98373591459413,1.2817489682417208e-08,98.81004050925925,0.043410514547880745,0.9999456917337765
bg_2_so4_a2_SRF,102,0.9917399754224157,4.3029851008247505e-07,98.87514467592592,0.04347667441438495,0.9999289476530965
bg_2_so4_a2_SRF,103,0.9766516035040982,3.2921172812563324e-07,98.24942129629629,0.04340075638306545,0.9999423743386087
bg_2_so4_a2_SRF,104,0.9802789273039622,5.428784469144041e-07,98.84982638888889,0.04343637668832625,0.9999465516282615
bg_2_so4_a2_SRF,105,0.9833288600070742,2.0656903288099096e-08,98.84078414351852,0.04341749587696256,0.9999482203585704
bg_2_so4_a2_SRF,106,0.9897523283366677,8.879619237182788e-07,98.76121238425925,0.04345525675437419,0.9999288158867629
bg_2_so4_a2_SRF,107,0.9708204571771583,9.258299123938534e-08,98.77025462962963,0.043430347602674405,0.9999388451986043
bg_2_so4_a2_SRF,108,0.9888745216161717,2.5995166259986994e-07,98.77206307870371,0.04343923254447704,0.9999440001508081
bg_2_so4_a2_SRF,109,0.9865447500966512,4.0252280339179666e-07,98.77387152777779,0.04344438890822567,0.9999432380916526
bg_2_so4_a2_SRF,110,0.9739252956672098,4.316841513041824e-06,98.75578703703704,0.0433873484985832,0.9999473323579748
bg_2_so4_a2_SRF,111,0.9782079213267909,4.490502221259643e-05,98.77206307870371,0.043417416544249944,0.9999468803541208
bg_2_so4_a2_SRF,112,0.9868439303619428,5.799614247405955e-07,98.74674479166666,0.04345271830146566,0.999957777351141
bg_2_so4_a2_SRF,113,0.9866961719683722,5.994097347310276e-07,98.88418692129629,0.04346874205954569,0.9999565892354513
bg_2_so4_a2_SRF,114,0.9783509999927985,1.0443336030716418e-06,98.82089120370371,0.04336981454405426,0.9999406914303768
bg_2_so4_a2_SRF,115,0.9868635721530276,1.0675142967601344e-05,98.7449363425926,0.043457001932933476,0.9999243866698728
bg_2_so4_a2_SRF,116,0.9823149012844137,3.169234393388657e-06,98.80099826388889,0.043445816814511935,0.9999410513585175
bg_2_so4_a2_SRF,117,0.9831285014034535,2.8636097485463415e-05,98.87876157407408,0.04341543322215801,0.9999495830117687
bg_2_so4_a2_SRF,118,0.9800049551808254,2.2465009107787868e-06,98.77025462962963,0.04346493448249096,0.9999460683060382
bg_2_so4_a2_SRF,119,0.9864032338098632,2.0489903865895176e-07,98.88237847222221,0.0434624754061994,0.9999431216731312
bg_2_so4_a2_SRF,120,0.9834674405309948,4.448728976175975e-07,98.71238425925925,0.04347167704617001,0.9999381117294553
bg_2_so4_a2_SRF,121,0.9753017232305338,1.8005847055740445e-06,98.71961805555556,0.04344169174027586,0.9999448786822606
bg_2_so4_a2_SRF,122,0.9807545959545395,7.793913384254715e-07,98.71057581018519,0.043459381711615466,0.9999447247786812
bg_2_so4_a2_SRF,123,0.9849621921578317,4.059284200554382e-06,98.73227719907408,0.043284039649056215,0.999950425786456
bg_2_so4_a2_SRF,124,0.985806810349117,2.048990386589947e-07,98.78833912037037,0.04340813452603887,0.9999439199789508
bg_2_so4_a2_SRF,125,0.977892326067747,9.788326085266156e-07,98.7648292824074,0.043462237430403415,0.9999447831673042
bg_2_so4_a2_SRF,126,0.9844835454168924,2.7833573118724607e-05,98.75217013888889,0.04345374954958466,0.9999395916562085
bg_2_so4_a2_SRF,127,0.9800604990228623,3.6924159604650454e-05,98.81184895833334,0.043427253700267066,0.9999496004740144
bg_2_so4_a2_SRF,128,0.979061067038691,5.158537908828529e-05,98.68344907407408,0.04346065092207077,0.999951498176519
bg_2_so4_a2_SRF,129,0.9792669240114147,6.6133696431846e-06,98.75940393518519,0.04346533110651517,0.9999483693823084
bg_2_so4_a2_SRF,130,0.9829076120803901,2.468616544788875e-06,98.6671730324074,0.043314748987750486,0.9999431482042866
bg_2_so4_a2_SRF,131,0.9807847923012263,4.0163054301553585e-05,98.75036168981481,0.0434599369916041,0.9999444378180593
bg_2_so4_a2_SRF,132,0.989284876581215,8.66742566075785e-06,98.73227719907408,0.043455970691827224,0.9999315085352203
bg_2_so4_a2_SRF,133,0.9770138686565388,1.3124638918171887e-05,98.71780960648148,0.04341162522068732,0.9999406455683495
bg_2_so4_a2_SRF,134,0.974121217164601,5.451416039335537e-05,98.76844618055556,0.04345248032081474,0.9999268087225985
bg_2_so4_a2_SRF,135,0.9923042616063136,0.00021224324597367424,98.70153356481481,0.043430347602674405,0.9999423712816955
bg_2_so4_a2_SRF,136,0.9838687142556499,4.880688355645126e-05,98.77748842592592,0.04345454281585544,0.9999546978635325
bg_2_so4_a2_SRF,137,0.9915622097580548,0.0002956465391977719,98.73589409722221,0.04341757520966202,0.9999508835942682
bg_2_so4_a2_SRF,138,0.9837568792760338,1.564487174609163e-05,98.77748842592592,0.04329967229779636,0.9999417824506984
bg_2_so4_a2_SRF,139,0.9857692059003929,1.809299463495326e-05,98.79918981481481,0.043468900707931815,0.9999455517479745
bg_2_so4_a2_SRF,140,0.986555186888728,7.460838252232738e-06,98.71780960648148,0.04340123239572411,0.9999470315497223
bg_2_so4_a2_SRF,141,0.9909078157105465,3.4784268017707777e-06,98.70876736111111,0.04346667962573718,0.9999482512003289
bg_2_so4_a2_SRF,142,0.9842385393193804,4.590076240905217e-06,98.69791666666666,0.04343994650585028,0.99995369336643
bg_2_so4_a2_SRF,143,0.9884955704960393,1.707270013320359e-05,98.67259837962963,0.04347722967429665,0.9999547782257828
bg_2_so4_a2_SRF,144,0.9791635512119677,0.00015957524253146425,98.71419270833334,0.04347722967429665,0.9999452809526401
bg_2_so4_a2_SRF,145,0.9836340470221733,0.0006205915357568868,98.68525752314815,0.043468266114071584,0.9999513997411359
bg_2_so4_a2_SRF,146,0.9867234044917182,0.0001163237001137947,98.68344907407408,0.04347223231188365,0.9999549894449205
bg_2_so4_a2_SRF,147,0.9848287731811368,0.00017255848987618753,98.82993344907408,0.04344637211024975,0.9999576650420722
bg_2_so4_a2_SRF,148,0.988022112059599,5.920597543891516e-05,98.6961082175926,0.04347223231188365,0.9999548134207592
bg_2_so4_a2_SRF,149,0.9863845565109681,3.440238556534081e-09,98.75217013888889,0.043452956281998176,0.9999486093540587
bg_2_so4_a2_SRF,150,0.9841881855328445,2.5552893187688947e-05,98.76663773148148,0.04338576174181988,0.9999394297717019
bg_2_so4_a2_SRF,151,0.9790267100417763,1.707270013320359e-05,98.8136574074074,0.04337814523608066,0.9999463019249566
bg_2_so4_a2_SRF,152,0.9816626889389716,2.6292512309347565e-05,98.77748842592592,0.043472866900481286,0.9999495084932
bg_2_so4_a2_SRF,153,0.9789711503418592,4.016305430156048e-05,98.7449363425926,0.04335140716719091,0.9999498890786794
bg_2_so4_a2_SRF,154,0.9857433481204422,5.920597543892514e-05,98.7160011574074,0.04344716538875683,0.9999515084038614
bg_2_so4_a2_SRF,155,0.9902456964985021,1.4331788523927862e-05,98.75397858796296,0.04346810746547496,0.9999536769287738
bg_2_so4_a2_SRF,156,0.9879202723225828,0.0001018106610997419,98.76302083333334,0.04347175636988286,0.999953337441261
bg_2_so4_a2_SRF,157,0.9897166368554041,2.7052560696651104e-05,98.84801793981481,0.04343193421153023,0.9999482324254075
bg_2_so4_a2_SRF,158,0.9824467200508843,5.0177810613635777e-05,98.70695891203704,0.043393536799663214,0.9999561772715125
bg_2_so4_a2_SRF,159,0.9817341056214863,5.303051356008845e-05,98.78110532407408,0.04346073024761239,0.9999510804877546
bg_2_so4_a2_SRF,160,0.9829729692368164,4.24709766353149e-05,98.75759548611111,0.04337346419841983,0.9999489384398178
bg_2_so4_a2_SRF,161,0.97994327727029,1.2374664997445723e-05,98.72866030092592,0.04332839694992052,0.9999499979474096
bg_2_so4_a2_SRF,162,0.9887352897903089,1.3515768737184935e-05,98.85163483796296,0.04346723489725285,0.9999534719724843
bg_2_so4_a2_SRF,163,0.9865712127937237,4.732855307136073e-06,98.71057581018519,0.04345882643098214,0.9999569280948836
bg_2_so4_a2_SRF,164,0.9741763117983752,1.2744366829766794e-05,98.69068287037037,0.043438994557115786,0.9999415101713658
bg_2_so4_a2_SRF,165,0.9874072422272011,1.564487174609443e-05,98.79195601851852,0.04347603983083934,0.9999444327009399
bg_2_so4_a2_SRF,166,0.9893925339685007,4.617136153306637e-05,98.78110532407408,0.04344423025170849,0.9999427460998789
bg_2_so4_a2_SRF,167,0.9713007714331554,9.479012048879601e-06,98.74674479166666,0.043427650355540304,0.999950242209868
bg_2_so4_a2_SRF,168,0.9830955532295268,4.316841513042639e-06,98.69429976851852,0.0434395498607745,0.9999419254604761
bg_2_so4_a2_SRF,169,0.9839392563442877,8.66742566075785e-06,98.79738136574075,0.043432568853598856,0.9999489354669352
bg_2_so4_a2_SRF,170,0.9801148075094351,4.3029851008247505e-07,98.78291377314815,0.04342241447944587,0.9999444018922423
bg_2_so4_a2_SRF,171,0.987492099247673,1.044333603071849e-06,98.81004050925925,0.04345446348928757,0.9999477343262396
bg_2_so4_a2_SRF,172,0.9784220560816573,3.072180760627438e-06,98.74131944444444,0.043438280594321504,0.999948972354969
bg_2_so4_a2_SRF,173,0.9875442177471228,6.836997033586797e-07,98.75397858796296,0.043446768749667755,0.9999455365715073
bg_2_so4_a2_SRF,174,0.9850992793953824,6.41641298676025e-06,98.83535879629629,0.043316097931585903,0.9999446724873637
bg_2_so4_a2_SRF,175,0.9848691657887761,3.7004679164818098e-06,98.77206307870371,0.04343859791125054,0.9999494239325571
bg_2_so4_a2_SRF,176,0.985114342267085,2.7833573118724607e-05,98.7160011574074,0.04347453269154395,0.9999368472632152
bg_2_so4_a2_SRF,177,0.9763061533773029,3.1692343933880527e-06,98.80823206018519,0.043465569080771815,0.9999437466433041
bg_2_so4_a2_SRF,178,0.9801179053487359,1.3515768737184935e-05,98.69791666666666,0.043401629072577774,0.9999489151900408
bg_2_so4_a2_SRF,179,0.9746021792983304,1.8624773805279252e-05,98.87333622685185,0.04338599975566995,0.9999485330708772
bg_2_so4_a2_SRF,180,0.9759884838855813,3.1178424784872904e-05,98.71780960648148,0.04346858341110695,0.9999475860887634
bg_2_so4_a2_SRF,181,0.9810085901634538,8.163873429066253e-06,98.73408564814815,0.04347373945842819,0.9999530678316751
bg_2_so4_a2_SRF,182,0.989823778760154,1.2015253150425658e-05,98.7648292824074,0.04338830055011449,0.9999502424937465
bg_2_so4_a2_SRF,183,0.9811318335567983,1.1140565142226836e-06,98.76663773148148,0.04343931187357114,0.9999464071375742
bg_2_so4_a2_SRF,184,0.9839734387975287,6.416412986759058e-06,98.76663773148148,0.04333220561405144,0.9999487658341466
bg_2_so4_a2_SRF,185,0.9529135135444774,4.617136153305849e-05,98.69429976851852,0.043478102224284,0.9999353588274211
bg_2_so4_a2_SRF,186,0.9795022019706636,1.3124638918171887e-05,98.76302083333334,0.04335450156024717,0.9999254306610443
bg_2_so4_a2_SRF,187,0.9901327989548411,1.0996059345645405e-05,98.65632233796296,0.04342828500329325,0.9999333540111821
bg_2_so4_a2_SRF,188,0.9940154661407329,0.00011945272555866822,98.71238425925925,0.04343994650585028,0.9999221576827261
bg_2_so4_a2_SRF,189,0.9812482383201299,0.00021777116343523105,98.65089699074075,0.04334910619527451,0.9999534408029098
bg_2_so4_a2_SRF,190,0.9886146994652052,0.0007888746502269603,98.68706597222221,0.0434428816691875,0.999947839913686
bg_2_so4_a2_SRF,191,0.9873777736767514,1.065073444920046e-08,98.78291377314815,0.04339853498439451,0.9999480469102201
bg_2_so4_a2_SRF,192,0.989626702527251,8.052650258551858e-07,98.67440682870371,0.043463268657997496,0.9999446995137057
bg_2_so4_a2_SRF,193,0.9840739384159282,2.8636097485463415e-05,98.74674479166666,0.04345160772408156,0.9999578669911642
bg_2_so4_a2_SRF,194,0.9832155866334606,0.0002234349733294029,98.70153356481481,0.043434631434506044,0.9999429691393128
bg_2_so4_a2_SRF,195,0.9818749839726844,0.0008272940501061597,98.66898148148148,0.0433771138249378,0.9999432010910903
bg_2_so4_a2_SRF,196,0.9905792355846247,0.00046311561257966186,98.67621527777779,0.043433203494825365,0.9999449581028588
bg_2_so4_a2_SRF,197,0.9708940805382739,8.666122698504621e-05,98.6961082175926,0.043451925032168735,0.9999412749031018
bg_2_so4_a2_SRF,198,0.9915831889621356,3.030794119605502e-05,98.69791666666666,0.04346945597686879,0.9999353147462879
bg_2_so4_a2_SRF,199,0.9882823545305018,1.97335388714283e-05,98.7160011574074,0.043420669174677046,0.9999351471103091
bg_2_so4_a2_SRF,200,0.9861490399798319,2.2788457664383397e-05,98.6961082175926,0.04338195350411075,0.9999525255769471
bg_2_so4_a2_SRF,201,0.9897691585792527,6.25447878295557e-05,98.74131944444444,0.04332911107675505,0.999954063785064
bg_2_so4_a2_SRF,202,0.9753673978190383,0.00011029742222553275,98.78472222222221,0.04340337444682559,0.9999509401189064
bg_2_so4_a2_SRF,203,0.9858990148284537,3.393540985347553e-05,98.67802372685185,0.04347104245599361,0.9999438182768937
bg_2_so4_a2_SRF,204,0.9760697724046112,5.347852405098965e-06,98.65270543981481,0.04341091121703631,0.9999479302055331
bg_2_so4_a2_SRF,205,0.9842657758698845,4.059284200555149e-06,98.73951099537037,0.04342804701048458,0.9999493849293402
bg_2_so4_a2_SRF,206,0.9861815466724256,1.564487174609443e-05,98.74855324074075,0.043463268657997496,0.9999557823784103
bg_2_so4_a2_SRF,207,0.9853393155720108,1.2015253150425658e-05,98.72866030092592,0.04344018449273786,0.99995596133097
bg_2_so4_a2_SRF,208,0.9849894413810255,2.886585566344631e-06,98.79738136574075,0.043445658158468424,0.9999511812807689
bg_2_so4_a2_SRF,209,0.9782260738491098,1.1326213337410613e-05,98.65632233796296,0.04346287203226291,0.9999503166897602
bg_2_so4_a2_SRF,210,0.9785469101261102,8.210627178298933e-05,98.74312789351852,0.04347675373726895,0.9999466207962555
bg_2_so4_a2_SRF,211,0.9842670182148451,2.6282888608795795e-06,98.69791666666666,0.043464775832789175,0.9999444508613946
bg_2_so4_a2_SRF,212,0.9784635214196197,1.6367981583652546e-06,98.21144386574075,0.043313003290081295,0.9999540579205206
bg_2_so4_a2_SRF,213,0.9869172804162655,2.797883979852895e-06,98.72685185185185,0.04341479855735164,0.9999542796026897
bg_2_so4_a2_SRF,214,0.9906400391563666,2.3451454727134114e-05,98.76844618055556,0.043433520815122834,0.9999550898817499
bg_2_so4_a2_SRF,215,0.9870262046478337,1.2744366829766794e-05,98.71057581018519,0.04342638105750802,0.9999502244718541
bg_2_so4_a2_SRF,216,0.9909544821148407,2.886585566344631e-06,98.68706597222221,0.04347516727708931,0.9999452686407405
bg_2_so4_a2_SRF,217,0.9562356217392043,5.017781061362725e-05,98.681640625,0.04344192972629503,0.9999278087921377
bg_2_so4_a2_SRF,218,0.9633049399175442,5.158537908828529e-05,98.71961805555556,0.04343375880520777,0.9999426069172054
bg_2_so4_a2_SRF,219,0.9856007155718578,4.880688355644296e-05,98.73951099537037,0.04346429988336808,0.9999497968755662
bg_2_so4_a2_SRF,220,0.9788301405988271,2.9460695146436954e-05,98.77387152777779,0.043432648183798224,0.9999485685263694
bg_2_so4_a2_SRF,221,0.9872625208458975,3.072180760627438e-06,98.68706597222221,0.04343661467699013,0.9999566155844513
bg_2_so4_a2_SRF,222,0.9717225718940522,3.372270567919216e-06,98.70695891203704,0.043471280427408436,0.9999562741212942
bg_2_so4_a2_SRF,223,0.9899205278530341,5.0177810613635777e-05,98.66536458333334,0.043363943302511046,0.9999537632851762
bg_2_so4_a2_SRF,224,0.9855007805086058,4.490502221259643e-05,98.77025462962963,0.04344835530405042,0.9999547168194359
bg_2_so4_a2_SRF,225,0.9904240227868485,0.0004195797578882231,98.68887442129629,0.0434060718308628,0.9999642729265354
bg_2_so4_a2_SRF,226,0.9870581207159793,0.00010739656042617059,98.69249131944444,0.04344486487746142,0.9999624672902219
bg_2_so4_a2_SRF,227,0.9885890136211631,0.00026045092337633624,98.68525752314815,0.04346755219497236,0.999959049373775
bg_2_so4_a2_SRF,228,0.9802467992363393,0.00012932585565715682,98.72142650462963,0.04342043117807876,0.9999487446187916
bg_2_so4_a2_SRF,229,0.9694514386309933,0.00033529487678933393,98.7648292824074,0.04344589614251395,0.9999412073463495
bg_2_so4_a2_SRF,230,0.9888870067831536,3.372270567919216e-06,98.77567997685185,0.043463506633280365,0.9999556489185031
bg_2_so4_a2_SRF,231,0.9669630571047092,3.64085686350896e-07,98.67802372685185,0.043448434631631394,0.9999491399214971
bg_2_so4_a2_SRF,232,0.9695352044496501,1.1140565142226836e-06,98.75578703703704,0.043471518398704855,0.9999505251766126
bg_2_so4_a2_SRF,233,0.9868604342730823,1.97335388714318e-05,98.61291956018519,0.04334434552858205,0.9999347427714498
bg_2_so4_a2_SRF,234,0.9912640192428263,0.00010181066109975863,98.79557291666666,0.04342598440118212,0.9999428022915445
bg_2_so4_a2_SRF,235,0.9863375787920061,8.93024734572142e-06,98.73408564814815,0.04340289843629874,0.999949308638867
bg_2_so4_a2_SRF,236,0.9788141501971641,0.00011945272555866822,98.65270543981481,0.04345438416270654,0.9999463440647431
bg_2_so4_a2_SRF,237,0.9842408917306319,1.658343614974549e-05,98.71238425925925,0.0434191618608878,0.9999375426471993
bg_2_so4_a2_SRF,238,0.9875841799404058,1.4757291032967307e-05,98.72504340277779,0.043189915545346784,0.9999552521995341
bg_2_so4_a2_SRF,239,0.9839213328126105,6.78909146381623e-05,98.7160011574074,0.043446610093940026,0.9999506486460813
bg_2_so4_a2_SRF,240,0.978878452873115,1.9184358311140947e-06,98.6961082175926,0.04342677771350496,0.9999471925593929
bg_2_so4_a2_SRF,241,0.9863517617260026,1.2672275407515743e-06,98.62196180555556,0.043458271149704124,0.9999510224126035
bg_2_so4_a2_SRF,242,0.9763369095397846,5.683465511634624e-06,98.77748842592592,0.04346929732866686,0.9999536250712444
bg_2_so4_a2_SRF,243,0.9796108426581843,4.0252280339179666e-07,98.68887442129629,0.04344962454376721,0.9999483066864178
bg_2_so4_a2_SRF,244,0.9771930621573365,1.2231425829093793e-07,98.5984519675926,0.043477943578950164,0.99995000396152
bg_2_so4_a2_SRF,245,0.9861361691417199,6.289099770090709e-08,98.70515046296296,0.043355850391981275,0.9999524226612703
bg_2_so4_a2_SRF,246,0.979018291361941,4.568425063490614e-08,98.74674479166666,0.04335188322896408,0.9999452654987308
bg_2_so4_a2_SRF,247,0.9738283450643187,8.879619237182788e-07,98.65270543981481,0.043447086060965326,0.9999468004179385
bg_2_so4_a2_SRF,248,0.9882864462357713,1.8493120798795952e-07,98.65993923611111,0.043450973107275664,0.9999443233820444
bg_2_so4_a2_SRF,249,0.973785852201037,1.585468282564956e-06,98.70153356481481,0.04343907388624936,0.9999519509860068
bg_2_so4_a2_SRF,250,0.9895536565104601,1.3085856841087262e-06,98.69068287037037,0.04347413607515052,0.9999367811563866
bg_2_so4_a2_SRF,251,0.978899996541989,4.568425063490614e-08,98.72685185185185,0.04346001631726414,0.9999531433482827
bg_2_so4_a2_SRF,252,0.9842996950011526,5.032190689064048e-09,98.78833912037037,0.04339924900652102,0.9999551896475111
bg_2_so4_a2_SRF,253,0.9870521647817899,3.191736143932725e-08,98.80099826388889,0.04329102282431772,0.9999467256105038
bg_2_so4_a2_SRF,254,0.9893669106272088,5.2677154521415164e-08,98.28920717592592,0.04344097778150785,0.9999443059024143
bg_2_so4_a2_SRF,255,0.9680800185629514,1.585468282564956e-06,98.73951099537037,0.043426143063751955,0.9999512504401001
bg_2_so4_a2_SRF,256,0.9902564399852812,3.169234393388657e-06,98.71238425925925,0.04330490951764447,0.9999486926855615
bg_2_so4_a2_SRF,257,0.9855008270982096,1.8493120798799838e-07,98.73227719907408,0.04347500863078191,0.9999515268472722
bg_2_so4_a2_SRF,258,0.9703912209154417,2.5128992271840057e-07,98.74855324074075,0.04346358595834834,0.9999539032431938
bg_2_so4_a2_SRF,259,0.9675340056168417,1.1903666576761818e-08,98.71419270833334,0.04344478554928836,0.9999521762913666
bg_2_so4_a2_SRF,260,0.986920192813123,2.5128992271840057e-07,98.71057581018519,0.04340075638306545,0.9999460710507428
bg_2_so4_a2_SRF,261,0.9870772970839689,4.599242843481657e-07,98.66536458333334,0.04345692260677348,0.9999507935313087
bg_2_so4_a2_SRF,262,0.9791272839963137,4.915186323198817e-07,98.70153356481481,0.04345343224270796,0.9999619852370807
bg_2_so4_a2_SRF,263,0.9652961093982138,2.569383698402175e-08,98.70876736111111,0.04344970387113767,0.9999578464567607
bg_2_so4_a2_SRF,264,0.9797125772567291,5.636392117403761e-09,98.73227719907408,0.04347730899708856,0.9999560209666779
bg_2_so4_a2_SRF,265,0.9794375547365065,4.1040217291624254e-08,98.6328125,0.043470487188898545,0.9999436504666083
bg_2_so4_a2_SRF,266,0.9811060159761962,6.289099770090709e-08,98.66536458333334,0.043477943578950164,0.9999564431214599
bg_2_so4_a2_SRF,267,0.9875567261166353,3.685626878048774e-08,98.71057581018519,0.043441771068962076,0.9999506157225158
bg_2_so4_a2_SRF,268,0.954648879501733,1.3569770617054343e-07,98.62557870370371,0.043472866900481286,0.9999478288979379
bg_2_so4_a2_SRF,269,0.9893709124471282,4.7328553071369625e-06,98.75759548611111,0.04343328282491947,0.9999563509051836
bg_2_so4_a2_SRF,270,0.9803717743258498,3.2921172812563324e-07,98.72142650462963,0.04346461718303477,0.9999599312283842
bg_2_so4_a2_SRF,271,0.9780933765478085,4.408220082353585e-08,98.65089699074075,0.04345612934444984,0.9999542461288907
bg_2_so4_a2_SRF,272,0.9679739602541705,2.3894827930822152e-08,98.6183449074074,0.04346461718303477,0.9999436417810077
bg_2_so4_a2_SRF,273,0.9939636103751399,1.1470862389807775e-08,98.71419270833334,0.043446213454390446,0.9999512704046083
bg_2_so4_a2_SRF,274,0.9866090993748705,9.887811610335094e-09,98.68344907407408,0.04342281113873241,0.9999498865389214
bg_2_so4_a2_SRF,275,0.9785299834772337,4.2534792392707784e-08,98.72142650462963,0.04345914373428013,0.9999531993198989
bg_2_so4_a2_SRF,276,0.9825038882291547,1.7870452129148007e-07,98.75397858796296,0.0434624754061994,0.9999486758799905
bg_2_so4_a2_SRF,277,0.9811069543681147,4.1618653222812507e-07,98.74131944444444,0.043370369928036744,0.9999480075328694
bg_2_so4_a2_SRF,278,0.983922923150534,5.25207326037407e-07,98.79195601851852,0.0433963929116195,0.9999457462088596
bg_2_so4_a2_SRF,279,0.9817550733520631,1.0786513566828264e-06,98.81004050925925,0.04344653076605643,0.9999465856276594
bg_2_so4_a2_SRF,280,0.9804867792377743,8.595244229383373e-07,98.72323495370371,0.04343502808366075,0.9999445445179709
bg_2_so4_a2_SRF,281,0.9844264691516157,8.879619237182788e-07,98.73046875,0.04346580705491005,0.9999496588177486
bg_2_so4_a2_SRF,282,0.9825002713289702,5.267715452140367e-08,98.77387152777779,0.04333450666726826,0.9999439074234661
bg_2_so4_a2_SRF,283,0.9883249953878338,1.784740536171447e-08,98.23495370370371,0.04347469133800923,0.9999510132817303
bg_2_so4_a2_SRF,284,0.9799725846262878,3.440238556534081e-09,98.70334201388889,0.04347302554749913,0.9999454500395324
bg_2_so4_a2_SRF,285,0.978677727599762,1.1470862389810384e-08,98.84982638888889,0.043470011245161096,0.9999522799888647
bg_2_so4_a2_SRF,286,0.9748101679467095,6.182680466456314e-10,98.69429976851852,0.04345985766593091,0.9999513187133815
bg_2_so4_a2_SRF,287,0.9776930634828289,6.694516610881162e-10,98.67802372685185,0.043374654297083315,0.9999544505979411
bg_2_so4_a2_SRF,288,0.9740370542305216,2.733588236430491e-09,98.77025462962963,0.043438994557115786,0.9999558143538151
bg_2_so4_a2_SRF,289,0.9888925118598004,4.905980701563292e-08,98.80099826388889,0.043441374425399436,0.9999511238811761
bg_2_so4_a2_SRF,290,0.9876017137175873,1.1053394508698403e-08,98.75759548611111,0.043438280594321504,0.9999489698010396
bg_2_so4_a2_SRF,291,0.9832183161159324,3.713196981142727e-09,98.79557291666666,0.04345509810146213,0.9999476540018216
bg_2_so4_a2_SRF,292,0.979274819152677,4.2534792392707784e-08,98.90950520833334,0.043465093132140115,0.9999441743362135
bg_2_so4_a2_SRF,293,0.9800867583582866,3.8202622416188884e-08,98.90588831018519,0.043452956281998176,0.9999487742277793
bg_2_so4_a2_SRF,294,0.9780301895424852,1.2352353807622346e-08,98.79014756944444,0.043474929307608476,0.9999428973309452
bg_2_so4_a2_SRF,295,0.9824476973251748,9.928004445590333e-08,98.79738136574075,0.043418130538189756,0.9999455641345065
bg_2_so4_a2_SRF,296,0.9818075519079964,2.318309015676597e-06,98.828125,0.04345620867074141,0.9999456738766621
bg_2_so4_a2_SRF,297,0.9778941944526524,2.4290800783376404e-07,98.876953125,0.04344145375413828,0.999943554333586
bg_2_so4_a2_SRF,298,0.9749952213778416,6.402152556521944e-07,98.779296875,0.04347104245599361,0.9999425897618714
bg_2_so4_a2_SRF,299,0.9838141123977523,8.879619237182788e-07,98.80461516203704,0.04347715035149159,0.9999482221664638
bg_2_so4_a2_SRF,300,0.9737604610392275,2.3923258678200205e-06,98.81908275462963,0.04345676395441401,0.9999449882414776
bg_2_so4_a2_SRF,301,0.9757049820453023,2.7118099788786027e-06,98.93301504629629,0.04343169622053739,0.999939287441953
bg_2_so4_a2_SRF,302,0.9684584423305491,4.162643969582576e-09,98.81727430555556,0.043445658158468424,0.9999398147119177
bg_2_so4_a2_SRF,303,0.9884691341814952,3.34342429579974e-11,98.80099826388889,0.04339726560909328,0.9999431715575363
bg_2_so4_a2_SRF,304,0.981133384817736,6.07053095337711e-08,98.82269965277779,0.0434428816691875,0.9999361165468894
bg_2_so4_a2_SRF,305,0.9802645355438951,7.0642344389376785e-09,98.84440104166666,0.04347032854103869,0.9999336743925585
bg_2_so4_a2_SRF,306,0.9750715537063643,2.3434110699693437e-09,98.86067708333334,0.04344542017430448,0.9999421651815871
bg_2_so4_a2_SRF,307,0.9783898638328347,9.178209139181962e-09,98.73408564814815,0.04341805120558241,0.9999442800564607
bg_2_so4_a2_SRF,308,0.9833975780567129,4.664972705153131e-09,98.8914207175926,0.04347120110361665,0.9999444105522517
bg_2_so4_a2_SRF,309,0.9724681280809613,8.518298510112506e-09,98.72504340277779,0.04347500863078191,0.9999349937038567
bg_2_so4_a2_SRF,310,0.9710879542440237,2.048990386589947e-07,98.89684606481481,0.043422573143199965,0.9999404157371772
bg_2_so4_a2_SRF,311,0.9917413803305895,7.793913384256277e-07,98.85886863425925,0.04346041294536696,0.9999368160492056
bg_2_so4_a2_SRF,312,0.9829923338561188,6.836997033586797e-07,98.87152777777779,0.04344185039763513,0.9999397992507572
bg_2_so4_a2_SRF,313,0.9697668209118835,3.440238556534081e-09,98.88237847222221,0.04337425759785783,0.9999355716961011
bg_2_so4_a2_SRF,314,0.9896088523270922,9.526577919716633e-09,98.86067708333334,0.043396789592486794,0.9999401138905819
bg_2_so4_a2_SRF,315,0.9727876149980312,1.2352353807622346e-08,98.91673900462963,0.0434690593562653,0.9999395562179189
bg_2_so4_a2_SRF,316,0.9794118821327216,6.836997033588176e-07,98.88599537037037,0.04338568240384353,0.9999448428875736
bg_2_so4_a2_SRF,317,0.9794909592534875,5.994097347309063e-07,98.98003472222221,0.04346080957314086,0.999944351790899
bg_2_so4_a2_SRF,318,0.9844273649505102,2.7624292400164788e-08,98.94205729166666,0.0433380772451726,0.999944333232582
bg_2_so4_a2_SRF,319,0.9808501421201788,1.3225225893921146e-13,98.92939814814815,0.04346818678977985,0.999942981068261
bg_2_so4_a2_SRF,320,0.9654898153284565,5.08093029950819e-07,98.88237847222221,0.04347405675183237,0.9999405099468925
bg_2_so4_a2_SRF,321,0.9744504209360987,5.031329332045381e-06,98.91493055555556,0.04340559582302043,0.9999286795120506
bg_2_so4_a2_SRF,322,0.9771320890810875,3.077829266808748e-07,98.92758969907408,0.04343891522796905,0.9999365054233709
bg_2_so4_a2_SRF,323,0.9783730290648878,4.16264396958209e-09,98.98726851851852,0.0434102765462295,0.999929476398202
bg_2_so4_a2_SRF,324,0.9810505479972005,5.458168915524288e-08,98.90227141203704,0.043462951357436136,0.999942005463791
bg_2_so4_a2_SRF,325,0.9792498312231501,4.590076240905649e-06,98.90588831018519,0.043462792707076515,0.9999445841318497
bg_2_so4_a2_SRF,326,0.982901869281445,4.1040217291633274e-08,98.96556712962963,0.04344169174027586,0.9999327899696757
bg_2_so4_a2_SRF,327,0.9777740948381736,4.186158209606426e-06,98.96375868055556,0.04343875656963611,0.999931384758974
bg_2_so4_a2_SRF,328,0.9789602300489705,1.4406237527663304e-06,99.04333043981481,0.04347096313216236,0.9999168666393558
bg_2_so4_a2_SRF,329,0.982216901926183,3.1868840828533716e-09,99.05960648148148,0.04345200435915764,0.9999262666234561
bg_2_so4_a2_SRF,330,0.9853006242931942,3.6856268780495864e-08,99.05237268518519,0.043468900707931815,0.9999252520098916
bg_2_so4_a2_SRF,331,0.9831667213919818,6.182680466454804e-10,99.05598958333334,0.04347500863078191,0.9999250962255727
bg_2_so4_a2_SRF,332,0.9811006323902051,1.395243952795197e-06,98.94386574074075,0.04344883126933893,0.9999325731681495
bg_2_so4_a2_SRF,333,0.9776761552481202,1.1411294188331622e-07,98.98365162037037,0.04342241447944587,0.9999306045788828
bg_2_so4_a2_SRF,334,0.9819284225490308,9.258299123938534e-08,98.89684606481481,0.04333617294027378,0.9999322477587188
bg_2_so4_a2_SRF,335,0.9858699246106519,4.845191605540298e-09,98.95833333333334,0.04344827597645628,0.9999357054813787
bg_2_so4_a2_SRF,336,0.978108890842806,5.267715452140367e-08,98.90950520833334,0.0433451389763212,0.9999397053238538
bg_2_so4_a2_SRF,337,0.9816933043620226,9.942334407200355e-10,98.96195023148148,0.043478181546931186,0.9999332653538388
bg_2_so4_a2_SRF,338,0.98288632085469,1.102148815927726e-07,99.05237268518519,0.043474929307608476,0.9999329241547359
bg_2_so4_a2_SRF,339,0.9813352183070433,6.0853587746744464e-05,99.0089699074074,0.04343296550446411,0.999942569588383
bg_2_so4_a2_SRF,340,0.9885655042600666,4.6171361533062435e-05,99.0234375,0.04336814838823757,0.9999465407860703
bg_2_so4_a2_SRF,341,0.9853997053559882,8.833891524850762e-12,98.96737557870371,0.043425905069877466,0.999941032644191
bg_2_so4_a2_SRF,342,0.9846694701631482,2.5552893187688947e-05,98.99088541666666,0.043461840803813635,0.999940948179006
bg_2_so4_a2_SRF,343,0.9900270501965249,6.0853587746744464e-05,99.05960648148148,0.04333990219691993,0.9999410585741688
bg_2_so4_a2_SRF,344,0.9845577988190042,3.030794119605502e-05,99.04152199074075,0.04347373945842819,0.9999439558491081
bg_2_so4_a2_SRF,345,0.9846442016048028,1.564487174609303e-05,98.93301504629629,0.043473104870988315,0.999931103937022
bg_2_so4_a2_SRF,346,0.9811723749116118,2.628288860879832e-06,99.01258680555556,0.04347786425626351,0.9999327728503309
bg_2_so4_a2_SRF,347,0.9870985396468513,2.4833181410388282e-05,99.01801215277779,0.043393774809644306,0.9999309530451579
bg_2_so4_a2_SRF,348,0.9861204244892673,1.5356925442707984e-06,98.99992766203704,0.04346017496854474,0.9999326748636446
bg_2_so4_a2_SRF,349,0.9872596484625613,1.2015253150425658e-05,98.90588831018519,0.04347802290162366,0.99993690450037
bg_2_so4_a2_SRF,350,0.986779440444988,3.6924159604647276e-05,98.96918402777779,0.04339512353063336,0.9999371698123514
bg_2_so4_a2_SRF,351,0.9851626516783255,0.00010456820927322704,99.02886284722221,0.04336600617937368,0.9999407896415224
bg_2_so4_a2_SRF,352,0.984287271104576,7.991503874590634e-05,98.97280092592592,0.04336386396091558,0.9999320672884382
bg_2_so4_a2_SRF,353,0.9855675416336497,0.0012609534828207688,98.98003472222221,0.04340694451067677,0.9999336915383099
bg_2_so4_a2_SRF,354,0.9856173195814141,0.0017359758179754253,99.03247974537037,0.04330062452385188,0.9999366782632485
bg_2_so4_a2_SRF,355,0.9829746884795655,0.0009759929075479542,99.01982060185185,0.04344343696833313,0.9999324383969734
bg_2_so4_a2_SRF,356,0.9842254046746137,7.169355647241367e-05,99.01439525462963,0.04347540524645174,0.9999311985034988
bg_2_so4_a2_SRF,357,0.9760955243071577,3.29915333763581e-05,99.03609664351852,0.04347603983083934,0.9999436194019813
bg_2_so4_a2_SRF,358,0.9796027672214928,0.0003032040831757962,99.04513888888889,0.0434624754061994,0.9999486501530772
bg_2_so4_a2_SRF,359,0.9788238885200686,0.00017255848987618753,98.98546006944444,0.043468900707931815,0.9999517963962562
bg_2_so4_a2_SRF,360,0.9843892620018775,0.00024751251525577763,98.90950520833334,0.043472152988249746,0.9999420006124532
bg_2_so4_a2_SRF,361,0.9904618608076122,0.0013204517500073878,98.95109953703704,0.04347247028270644,0.9999258219740506
bg_2_so4_a2_SRF,362,0.988379002920189,0.0030187114183172856,98.99450231481481,0.04345073512575636,0.9999244938962567
bg_2_so4_a2_SRF,363,0.9832416366656377,0.0015855794027715949,98.96195023148148,0.043466600301182316,0.9999243941743985
bg_2_so4_a2_SRF,364,0.9824048986883137,0.0001163237001137947,99.12651909722221,0.043449307234153786,0.9999244935440444
bg_2_so4_a2_SRF,365,0.9821227652423385,1.3918051137780477e-05,99.06864872685185,0.043453670222885224,0.9999293055060394
bg_2_so4_a2_SRF,366,0.985846869626748,3.936113075098664e-06,98.55504918981481,0.04339163271555074,0.9999277478193372
bg_2_so4_a2_SRF,367,0.989098072375964,5.636392117404414e-09,98.94929108796296,0.04343796327718194,0.9999315510353636
bg_2_so4_a2_SRF,368,0.9844900504246751,1.809299463495165e-05,99.04694733796296,0.04332117627426007,0.9999274214404816
bg_2_so4_a2_SRF,369,0.9854318208714592,0.00013996944928328689,99.07407407407408,0.04346033361977271,0.9999277617978207
bg_2_so4_a2_SRF,370,0.987239414747955,2.2788457664385406e-05,99.0234375,0.04345010050779262,0.9999321502813409
bg_2_so4_a2_SRF,371,0.9843120514429773,1.8092994634950037e-05,98.98184317129629,0.043427333031348034,0.9999279559851607
bg_2_so4_a2_SRF,372,0.979511699988453,0.00015957524253145145,99.07045717592592,0.04346715557279008,0.9999379877005182
bg_2_so4_a2_SRF,373,0.9787610167962761,5.0177810613635777e-05,99.01077835648148,0.04347786425626351,0.9999433655327314
bg_2_so4_a2_SRF,374,0.9506457307989441,2.8865855663443544e-06,99.03609664351852,0.04347397742850106,0.9999371936161209
bg_2_so4_a2_SRF,375,0.9747089789444876,0.00010456820927322704,98.95471643518519,0.04338766584930419,0.9999318885627994
bg_2_so4_a2_SRF,376,0.9816079166690835,0.00010456820927321846,99.00354456018519,0.043452956281998176,0.999938958676837
bg_2_so4_a2_SRF,377,0.9878458458895344,2.5693836984018886e-08,98.95833333333334,0.04346667962573718,0.9999331246822865
bg_2_so4_a2_SRF,378,0.9881304115207253,3.700467916482512e-06,99.05056423611111,0.043318240363976364,0.9999278335211533
bg_2_so4_a2_SRF,379,0.9827575899611001,0.00011327254051971787,99.02524594907408,0.04346168215308562,0.9999279136839967
bg_2_so4_a2_SRF,380,0.9911953748542631,1.3108603088394669e-07,98.90950520833334,0.04347254960628772,0.9999228328589004
bg_2_so4_a2_SRF,381,0.9868416952945238,5.347852405098965e-06,98.97280092592592,0.04347334284137694,0.9999290000026195
bg_2_so4_a2_SRF,382,0.9824034754992725,6.194878058601675e-07,98.98726851851852,0.04346398258349087,0.9999326503556741
bg_2_so4_a2_SRF,383,0.9888663511228277,0.00018176279259688824,99.00173611111111,0.043432092872126335,0.9999284482192411
bg_2_so4_a2_SRF,384,0.9871405396976793,8.435453561512865e-05,99.03247974537037,0.04336941784081481,0.9999304053329798
bg_2_so4_a2_SRF,385,0.9863047667780183,1.3918051137780477e-05,99.01077835648148,0.043474770661222135,0.9999332713825261
bg_2_so4_a2_SRF,386,0.985457942811184,3.905443927253578e-05,98.96195023148148,0.04347096313216236,0.999939136732311
bg_2_so4_a2_SRF,387,0.9905575449356688,0.00015957524253145145,98.89865451388889,0.04339409215610153,0.9999409237229527
bg_2_so4_a2_SRF,388,0.9719215253805217,1.1186974470968712e-09,98.90950520833334,0.043431537559809705,0.9999438609334369
bg_2_so4_a2_SRF,389,0.9798341584469399,6.6133696431846e-06,98.94748263888889,0.04345644664953718,0.999937677899804
bg_2_so4_a2_SRF,390,0.9827913528006078,0.00010456820927321846,98.89684606481481,0.04344391293851623,0.9999369621117246
bg_2_so4_a2_SRF,391,0.9874869862682519,2.946069514643952e-05,99.00716145833334,0.0434284436650999,0.9999381136530131
bg_2_so4_a2_SRF,392,0.9838501176231997,9.912224565855981e-05,98.95290798611111,0.043271580776374025,0.9999406698659168
bg_2_so4_a2_SRF,393,0.9864833875014799,4.7471694659234154e-05,98.95290798611111,0.04334751931164166,0.9999397464194929
bg_2_so4_a2_SRF,394,0.9804357208704869,4.754677010187969e-07,99.05598958333334,0.04341543322215801,0.9999414575193293
bg_2_so4_a2_SRF,395,0.9921913769964444,1.9171489117408562e-05,99.00173611111111,0.04346667962573718,0.9999450829511879
bg_2_so4_a2_SRF,396,0.9783845576269529,2.7978839798531633e-06,99.01620370370371,0.043421145167518334,0.9999351795004866
bg_2_so4_a2_SRF,397,0.9751715510955128,1.0644612611182657e-07,99.0089699074074,0.04347167704617001,0.9999345491061202
bg_2_so4_a2_SRF,398,0.9927672365137208,0.0001436981340107256,99.03971354166666,0.04331490768722269,0.9999288029587441
bg_2_so4_a2_SRF,399,0.9771842207512772,0.0001259518757657411,98.90950520833334,0.043381160117438256,0.999935858114895
bg_2_so4_a2_SRF,400,0.9805319607384505,7.56982331725049e-05,99.05056423611111,0.0434395498607745,0.9999338461065624
bg_2_so4_a2_SRF,401,0.9844025589043066,0.0001681235054912651,99.02705439814815,0.04342225581563915,0.9999352305727537
bg_2_so4_a2_SRF,402,0.9872132825930038,0.00014752081123948612,98.99269386574075,0.04347183569358255,0.9999378422004884
bg_2_so4_a2_SRF,403,0.982089808952825,0.0017755925483559061,98.98726851851852,0.04344795866594815,0.9999266394588597
bg_2_so4_a2_SRF,404,0.9685059999569291,6.78909146381623e-05,99.12651909722221,0.04345208368613338,0.9999310317215924
bg_2_so4_a2_SRF,405,0.9822878134905982,2.1423896483991377e-08,99.07407407407408,0.043475087953942185,0.9999338229491136
bg_2_so4_a2_SRF,406,0.9857509336401749,2.886585566344631e-06,98.96918402777779,0.04315872193819503,0.9999297409560747
bg_2_so4_a2_SRF,407,0.988893914027388,7.991503874590634e-05,99.03428819444444,0.04338742783628319,0.9999382236492431
bg_2_so4_a2_SRF,408,0.9905133854995709,1.6685493889790536e-07,99.02705439814815,0.04347199434094246,0.99993080157265
bg_2_so4_a2_SRF,409,0.9890069660664306,4.3029851008247505e-07,99.01439525462963,0.043476991705842,0.9999317612420615
bg_2_so4_a2_SRF,410,0.9809010013421756,0.0010470725032132513,99.00716145833334,0.04345914373428013,0.9999293472010327
bg_2_so4_a2_SRF,411,0.9820032053451542,0.00035251579959036654,98.9402488425926,0.043456605302001905,0.9999356186703758
bg_2_so4_a2_SRF,412,0.9824436767642744,2.6282888608800847e-06,99.01801215277779,0.04334125106982335,0.9999356783016239
bg_2_so4_a2_SRF,413,0.9872208969371875,3.68562687804918e-08,98.96918402777779,0.043404643805914495,0.9999293501536894
bg_2_so4_a2_SRF,414,0.9829962590046954,5.080930299508707e-07,99.11566840277779,0.04345914373428013,0.9999303594162006
bg_2_so4_a2_SRF,415,0.9840787937058809,9.788326085264208e-07,99.05960648148148,0.04341035588012641,0.9999286286635842
bg_2_so4_a2_SRF,416,0.9820749189757283,5.709150814149989e-10,99.06141493055556,0.04331546313496075,0.9999309284410649
bg_2_so4_a2_SRF,417,0.9806288469877354,4.059284200555149e-06,99.13375289351852,0.043458747105124755,0.9999403486945027
bg_2_so4_a2_SRF,418,0.9781451208420241,5.080930299507673e-07,99.03067129629629,0.04327300919862804,0.9999414641719672
bg_2_so4_a2_SRF,419,0.9837677524592383,7.460838252232738e-06,99.05056423611111,0.043441771068962076,0.9999353886319796
bg_2_so4_a2_SRF,420,0.9837360614110117,5.031329332046324e-06,98.96556712962963,0.04346414123345579,0.9999227054604227
bg_2_so4_a2_SRF,421,0.9838571075827562,6.311082682855164e-09,99.08854166666666,0.043417416544249944,0.9999318620340105
bg_2_so4_a2_SRF,422,0.991173998132574,7.242334282307005e-08,99.08311631944444,0.043398296976782144,0.9999234865931641
bg_2_so4_a2_SRF,423,0.9868143558595361,4.4905022212600274e-05,98.99269386574075,0.04346112687512315,0.9999185134638923
bg_2_so4_a2_SRF,424,0.9879897451545484,4.490502221259643e-05,98.45920138888889,0.043472152988249746,0.9999251578399126
bg_2_so4_a2_SRF,425,0.9825565637410131,3.117842478487561e-05,98.96556712962963,0.04344383361018528,0.9999322684122097
bg_2_so4_a2_SRF,426,0.98825371806228,9.912224565855165e-05,99.00173611111111,0.043448513959199214,0.9999209819987329
bg_2_so4_a2_SRF,427,0.9843843335578651,1.4406237527660475e-06,98.98726851851852,0.04341463989101846,0.9999245532683507
bg_2_so4_a2_SRF,428,0.9833845545655007,1.6585773652486603e-08,98.98003472222221,0.04338631710728582,0.999930393960743
bg_2_so4_a2_SRF,429,0.9788452968734596,2.48331814103861e-05,99.05598958333334,0.04333006324420931,0.9999347690935316
bg_2_so4_a2_SRF,430,0.9826025502899518,3.816541253609153e-06,99.05237268518519,0.04339607556668879,0.9999375161619336
bg_2_so4_a2_SRF,431,0.9859615089949807,2.7052560696646374e-05,99.01801215277779,0.043471359751187065,0.9999365167202329
bg_2_so4_a2_SRF,432,0.9713578797289811,1.0060042434870942e-05,98.93482349537037,0.043463506633280365,0.9999319408520408
bg_2_so4_a2_SRF,433,0.9855260453742017,5.031329332045381e-06,98.98726851851852,0.04347270825341081,0.9999186597193338
bg_2_so4_a2_SRF,434,0.9846450474986347,3.2692357749654057e-06,98.95290798611111,0.043472390959112,0.9999410418688102
bg_2_so4_a2_SRF,435,0.9829558483683342,6.835466906504836e-11,99.03247974537037,0.043470804484460376,0.9999393774194337
bg_2_so4_a2_SRF,436,0.9871994869385734,2.1935514594178151e-07,99.01801215277779,0.043474770661222135,0.9999338836803603
bg_2_so4_a2_SRF,437,0.9852738929651859,1.698041821827336e-10,99.05237268518519,0.04334410749400366,0.9999316151337939
bg_2_so4_a2_SRF,438,0.9857638227696964,2.254279972678004e-12,98.9890769675926,0.0434209071711569,0.999935521928191
bg_2_so4_a2_SRF,439,0.9870013123605825,1.9202226216319544e-08,98.96556712962963,0.04342971295765836,0.9999265580749765
bg_2_so4_a2_SRF,440,0.9899862077643384,2.246500910779221e-06,98.94567418981481,0.04345866777925421,0.999922000991372
bg_2_so4_a2_SRF,441,0.9851831265515312,2.2694896653639334e-07,98.91673900462963,0.04339726560909328,0.9999365405196705
bg_2_so4_a2_SRF,442,0.9834569664103473,1.0280252197310326e-07,98.9890769675926,0.043336490324950065,0.9999405445733105
bg_2_so4_a2_SRF,443,0.9820120865668963,2.1200774705895398e-07,98.93120659722221,0.043361086996782906,0.9999370544054359
bg_2_so4_a2_SRF,444,0.9778846566691335,4.3029851008247505e-07,98.97641782407408,0.04347675373726895,0.9999300915866071
bg_2_so4_a2_SRF,445,0.9905317817237725,4.879899105924485e-06,98.94386574074075,0.04346493448249096,0.9999324973038042
bg_2_so4_a2_SRF,446,0.9779501819655655,1.011071100913493e-06,98.94748263888889,0.04346406190847991,0.9999361059541698
bg_2_so4_a2_SRF,447,0.9875282306008207,1.0786513566827194e-06,98.92758969907408,0.043388776575169506,0.9999314162086046
bg_2_so4_a2_SRF,448,0.9905278944460228,6.515302381241432e-08,99.01439525462963,0.043215789615137425,0.9999338380018762
bg_2_so4_a2_SRF,449,0.9771769723108104,1.1411294188330406e-07,98.96918402777779,0.043459302385850176,0.9999288370548516
bg_2_so4_a2_SRF,450,0.9782533414162766,2.3479718065211918e-07,98.90588831018519,0.04347032854103869,0.9999330507471601
bg_2_so4_a2_SRF,451,0.9767718880643759,3.183228164138316e-07,98.83174189814815,0.043421700491901125,0.9999398801935849
bg_2_so4_a2_SRF,452,0.974439984200656,1.9184358311140947e-06,98.93844039351852,0.04342574640722868,0.9999507618217822
bg_2_so4_a2_SRF,453,0.9845911143503963,1.6121938426112258e-07,98.87514467592592,0.04342106583541101,0.9999399995044115
bg_2_so4_a2_SRF,454,0.9818099091119892,1.1140565142225732e-06,98.83897569444444,0.04337592373239391,0.9999380253290348
bg_2_so4_a2_SRF,455,0.9768071552425505,4.408220082352618e-08,98.88961226851852,0.04344272301217033,0.9999393609099676
bg_2_so4_a2_SRF,456,0.9634823214828923,3.981711360107215e-10,98.81908275462963,0.04347302554749913,0.999935828491596
bg_2_so4_a2_SRF,457,0.9882344785948137,3.3633115485220963e-12,98.82993344907408,0.04347120110361665,0.9999321447763239
bg_2_so4_a2_SRF,458,0.9824845003219151,2.7624292400164788e-08,98.85163483796296,0.04340313644162138,0.999941419793594
bg_2_so4_a2_SRF,459,0.9786704318788029,1.150582164164265e-06,98.88057002314815,0.04343375880520777,0.9999436451803299
bg_2_so4_a2_SRF,460,0.981566137191961,1.9916648390754754e-08,98.80642361111111,0.04336497474205445,0.9999366981251478
bg_2_so4_a2_SRF,461,0.9825401660596186,5.080930299508707e-07,98.85344328703704,0.04345017983508414,0.9999304213393991
bg_2_so4_a2_SRF,462,0.9911125798287237,1.7870452129148007e-07,98.73770254629629,0.04346001631726414,0.9999379256663162
bg_2_so4_a2_SRF,463,0.9816827655511275,9.587479375181515e-08,98.37058738425925,0.04345240099390478,0.9999346518066724
bg_2_so4_a2_SRF,464,0.9815840937623451,2.048990386589947e-07,98.84982638888889,0.043446213454390446,0.9999318142236477
bg_2_so4_a2_SRF,465,0.9924979949095691,1.7268124070594114e-07,98.88780381944444,0.04343693199502442,0.9999394549322141
bg_2_so4_a2_SRF,466,0.9836075759441449,4.3029851008247505e-07,98.90227141203704,0.043470804484460376,0.9999368637525609
bg_2_so4_a2_SRF,467,0.9859847274794648,6.289099770090709e-08,98.85163483796296,0.04344970387113767,0.999938803475288
bg_2_so4_a2_SRF,468,0.9867363137032908,1.065073444920046e-08,98.76663773148148,0.04339837631266609,0.9999389494166979
bg_2_so4_a2_SRF,469,0.9805940911882745,5.458168915524288e-08,98.81908275462963,0.04347730899708856,0.9999424533098582
bg_2_so4_a2_SRF,470,0.9817462885559084,1.9802152313520368e-07,98.86067708333334,0.04345509810146213,0.9999464474427441
bg_2_so4_a2_SRF,471,0.9775557553545166,3.8202622416188884e-08,98.72504340277779,0.04340964187458051,0.999948748000322
bg_2_so4_a2_SRF,472,0.9830326348640117,3.574177623517925e-09,98.76844618055556,0.04341178388802057,0.9999502946412522
bg_2_so4_a2_SRF,473,0.9880332306323819,1.5987939093007094e-08,98.828125,0.04345747788961718,0.9999489716212359
bg_2_so4_a2_SRF,474,0.9847568182645186,1.2231425829093793e-07,98.80823206018519,0.04344549950237228,0.999954010715268
bg_2_so4_a2_SRF,475,0.9794286782429817,7.242334282307005e-08,98.86791087962963,0.04342804701048458,0.9999411249539983
bg_2_so4_a2_SRF,476,0.971669817186192,1.612193842611566e-07,98.8624855324074,0.043395282203440855,0.9999502207559332
bg_2_so4_a2_SRF,477,0.9780475763690742,1.3512447309600703e-06,98.93482349537037,0.04347104245599361,0.9999433946139392
bg_2_so4_a2_SRF,478,0.9850145582477131,1.0110711009132918e-06,98.84078414351852,0.04342669838233189,0.9999427912055933
bg_2_so4_a2_SRF,479,0.9848392577014016,4.915186323199818e-07,98.8425925925926,0.04346493448249096,0.999930424404959
bg_2_so4_a2_SRF,480,0.9783099980911739,3.892935797132267e-07,98.81184895833334,0.04344462689290275,0.9999355168419795
bg_2_so4_a2_SRF,481,0.9814273506747963,4.915186323199818e-07,98.84620949074075,0.043445816814511935,0.9999436034905784
bg_2_so4_a2_SRF,482,0.9844559252245882,5.080930299508707e-07,98.83716724537037,0.04344026382167406,0.9999536548137901
bg_2_so4_a2_SRF,483,0.9827944303364641,1.141129418833284e-07,98.76663773148148,0.04344970387113767,0.9999495673463884
bg_2_so4_a2_SRF,484,0.9827343969720886,1.3085856841087262e-06,98.73046875,0.043450259162362496,0.999949341321502
bg_2_so4_a2_SRF,485,0.9877942384991761,6.6133696431858265e-06,98.80642361111111,0.04347596050783694,0.9999399728704944
bg_2_so4_a2_SRF,486,0.9835534285010136,9.765383430855923e-06,98.84078414351852,0.04346525178173664,0.9999466194427897
bg_2_so4_a2_SRF,487,0.9810262986273302,6.194878058601675e-07,98.72866030092592,0.043459778340244566,0.9999486324514042
bg_2_so4_a2_SRF,488,0.9844678434161496,1.2231425829096395e-07,98.79195601851852,0.04342225581563915,0.9999475263851851
bg_2_so4_a2_SRF,489,0.9866669911690905,3.936113075098664e-06,98.70515046296296,0.04347040786497519,0.9999435527016136
bg_2_so4_a2_SRF,490,0.9773378561727271,4.451443425670343e-06,98.82089120370371,0.043384412994432235,0.999926626941854
bg_2_so4_a2_SRF,491,0.969579845023498,8.319675474200882e-07,98.70515046296296,0.04337425759785783,0.9999375396717857
bg_2_so4_a2_SRF,492,0.9883137003493578,4.161865322282103e-07,98.7937644675926,0.043418209870783944,0.9999493391270282
bg_2_so4_a2_SRF,493,0.9810730941626223,2.877073098669255e-07,98.82993344907408,0.04345010050779262,0.9999552209623345
bg_2_so4_a2_SRF,494,0.9821320649605254,1.7870452129148007e-07,98.73951099537037,0.04344962454376721,0.9999485526000177
bg_2_so4_a2_SRF,495,0.9683656532681925,5.25207326037407e-07,98.76844618055556,0.04337632043023755,0.9999466478676147
bg_2_so4_a2_SRF,496,0.9776766206815964,8.879619237182788e-07,98.70515046296296,0.043448593286753885,0.9999269247888127
bg_2_so4_a2_SRF,497,0.9871403286005122,5.994097347310276e-07,98.80280671296296,0.043468900707931815,0.9999488558241566
bg_2_so4_a2_SRF,498,0.9833385770366625,8.163873429066253e-06,98.7648292824074,0.04345184570516668,0.9999532364481593
bg_2_so4_a2_SRF,499,0.9898533214781565,2.9460695146436954e-05,98.76302083333334,0.0434777849335637,0.9999492773199824
bg_2_so4_a2_SRF,500,0.9863487500298423,2.2788457664383397e-05,98.67078993055556,0.04344034315059712,0.9999461046651765
bg_2_so4_a2_SRF,501,0.9876153469206088,0.00013996944928328689,98.66536458333334,0.04333680770941576,0.9999442678357716
bg_2_so4_a2_SRF,502,0.9877882538128354,0.00019644461752508466,98.84982638888889,0.043418209870783944,0.9999418234567833
bg_2_so4_a2_SRF,503,0.9805635356386196,0.001659194328246733,98.69791666666666,0.04345224234004539,0.9999476685811112
bg_2_so4_a2_SRF,504,0.9825724192390257,0.00014752081123947425,98.68344907407408,0.04340678584173811,0.9999429593585899
bg_2_so4_a2_SRF,505,0.9863654807089764,0.00034380374864477416,98.69429976851852,0.04328983251755998,0.9999455803497524
bg_2_so4_a2_SRF,506,0.9853808612335049,0.00031886907644618136,98.75940393518519,0.04341083188323151,0.9999476460363851
bg_2_so4_a2_SRF,507,0.9884562182175268,1.0363217488057107e-05,98.78291377314815,0.04339583755785259,0.9999454630611944
bg_2_so4_a2_SRF,508,0.9841216773378477,1.2271321309287483e-06,98.73770254629629,0.04343851858203802,0.999941108642118
bg_2_so4_a2_SRF,509,0.9885595536814064,2.3479718065211918e-07,98.681640625,0.04340448513621261,0.9999377847800365
bg_2_so4_a2_SRF,510,0.9796549500509407,1.237466499744796e-05,98.70334201388889,0.04347350148823691,0.9999401569332529
bg_2_so4_a2_SRF,511,0.986495064211822,2.886585566344631e-06,98.828125,0.04346588637959648,0.9999508925886087
bg_2_so4_a2_SRF,512,0.9902776640643101,1.4406237527663304e-06,98.79738136574075,0.043429792288331416,0.9999413300508364
bg_2_so4_a2_SRF,513,0.985396998794124,7.239690276275127e-06,98.70153356481481,0.04343542473248652,0.9999536424584103
bg_2_so4_a2_SRF,514,0.9829328038579069,2.3451454727134114e-05,98.70695891203704,0.04346937665277441,0.9999503783334195
bg_2_so4_a2_SRF,515,0.9941738974570112,1.757576307380177e-05,98.70876736111111,0.04346786949248136,0.9999505245694078
bg_2_so4_a2_SRF,516,0.9797629048522015,5.226217841134755e-09,98.78472222222221,0.043429236973343686,0.9999548263252671
bg_2_so4_a2_SRF,517,0.9841267306195716,0.00013996944928328689,98.72142650462963,0.043325699127812825,0.9999568362956195
bg_2_so4_a2_SRF,518,0.9836605409416358,2.9460695146436954e-05,98.75940393518519,0.04346755219497236,0.9999460076390877
bg_2_so4_a2_SRF,519,0.9908632849506155,1.658343614974253e-05,98.78291377314815,0.04324428122025519,0.9999485442082091
bg_2_so4_a2_SRF,520,0.9842675525921258,0.00012932585565713584,98.71419270833334,0.043427571024511974,0.9999561467640019
bg_2_so4_a2_SRF,521,0.9823650746830748,2.5552893187684468e-05,98.65813078703704,0.043478181546931186,0.9999369963514368
bg_2_so4_a2_SRF,522,0.9900014913288743,0.0001018106610997419,98.74855324074075,0.04344359562511346,0.9999451119678914
bg_2_so4_a2_SRF,523,0.9880421040799462,4.880688355644296e-05,98.73227719907408,0.04342106583541101,0.9999404980842455
bg_2_so4_a2_SRF,524,0.9736656673615884,5.920597543891516e-05,98.69972511574075,0.043408451862968725,0.9999602258267937
bg_2_so4_a2_SRF,525,0.9840292278583813,0.00013996944928328689,98.67440682870371,0.04347199434094246,0.999946409346207
bg_2_so4_a2_SRF,526,0.9891945984988874,0.0002604509233763769,98.70334201388889,0.04343447277475205,0.9999502598574856
bg_2_so4_a2_SRF,527,0.9832276960272167,8.435453561511466e-05,98.73770254629629,0.04334148910582322,0.999949825564656
bg_2_so4_a2_SRF,528,0.9804262378630018,6.0853587746744464e-05,98.75940393518519,0.04346303068259621,0.9999423361634521
bg_2_so4_a2_SRF,529,0.9807222709381875,3.299153337636382e-05,98.67621527777779,0.04341091121703631,0.9999496056647729
bg_2_so4_a2_SRF,530,0.9831569992630037,0.00016379658039161694,98.68344907407408,0.04340075638306545,0.9999451920598268
bg_2_so4_a2_SRF,531,0.9888088290165361,2.090528511706558e-05,98.72685185185185,0.04346176147845621,0.9999391954158231
bg_2_so4_a2_SRF,532,0.9853525241711095,4.0163054301553585e-05,98.73227719907408,0.0434690593562653,0.9999443623114496
bg_2_so4_a2_SRF,533,0.9823386527746735,0.00021224324597367424,98.75578703703704,0.04345509810146213,0.9999517838021555
bg_2_so4_a2_SRF,534,0.9897622773144561,9.912224565855981e-05,98.68344907407408,0.04345041781687975,0.9999469984957308
bg_2_so4_a2_SRF,535,0.9810215762372868,5.920597543892514e-05,98.78291377314815,0.04346152350230499,0.9999408322239586
bg_2_so4_a2_SRF,536,0.9880771609719744,7.169355647241367e-05,98.6671730324074,0.04341805120558241,0.9999382686409477
bg_2_so4_a2_SRF,537,0.9786497119692963,1.3515768737182499e-05,98.60568576388889,0.04342669838233189,0.9999448897443881
bg_2_so4_a2_SRF,538,0.982892866943266,4.879899105924485e-06,98.73770254629629,0.04347254960628772,0.9999376331633502
bg_2_so4_a2_SRF,539,0.983078062394701,0.0001018106610997419,98.8136574074074,0.04345541540723363,0.99995373763917
bg_2_so4_a2_SRF,540,0.9860667689632027,0.00021224324597367424,98.73227719907408,0.043477071028673375,0.9999537833293247
bg_2_so4_a2_SRF,541,0.9800969086368687,0.0001259518757657411,98.7937644675926,0.04345644664953718,0.9999485726375891
bg_2_so4_a2_SRF,542,0.9796623167857418,0.0009533196447469055,98.77387152777779,0.04325332833877567,0.9999476594729241
bg_2_so4_a2_SRF,543,0.9954199096916503,0.00044084243972729656,98.75397858796296,0.04347802290162366,0.9999526518937697
bg_2_so4_a2_SRF,544,0.982076159846611,0.0008272940501061597,98.779296875,0.043422493811329496,0.9999490888474689
bg_2_so4_a2_SRF,545,0.9846214507784445,0.0011763756575720518,98.6961082175926,0.04336608552061381,0.9999486637897013
bg_2_so4_a2_SRF,546,0.9894850913467085,0.0004195797578882231,98.79557291666666,0.043450259162362496,0.9999513548798202
bg_2_so4_a2_SRF,547,0.98511347886706,0.00035251579959036654,98.69068287037037,0.043266819338055144,0.9999497033937734
bg_2_so4_a2_SRF,548,0.9925589894115104,0.0007888746502268451,98.72142650462963,0.04347389810515659,0.9999268498207837
bg_2_so4_a2_SRF,549,0.9815909484951738,0.002031473906746282,98.68525752314815,0.04342884031938627,0.9999400458079253
bg_2_so4_a2_SRF,550,0.9796430742085412,0.0011763756575718842,98.67440682870371,0.04345168705112309,0.9999435390402385
bg_2_so4_a2_SRF,551,0.9838419593661832,3.692415960464409e-05,98.81546585648148,0.04345081445294262,0.9999449742630345
bg_2_so4_a2_SRF,552,0.9860837882899779,0.003084810421914194,98.63462094907408,0.04337084597093704,0.9999440004999005
bg_2_so4_a2_SRF,553,0.9928947398615142,0.0010718204306871095,98.67621527777779,0.04347207366460268,0.9999499298602428
bg_2_so4_a2_SRF,554,0.9870789265699099,0.00034380374864477416,98.68525752314815,0.043453670222885224,0.9999520778959589
bg_2_so4_a2_SRF,555,0.9907659484692304,0.0009533196447469055,98.72504340277779,0.043365530131656574,0.9999527751892797
bg_2_so4_a2_SRF,556,0.9895603305580484,0.00044084243972722977,98.69249131944444,0.0434734221648135,0.9999521393153749
bg_2_so4_a2_SRF,557,0.9863928503113096,0.0021718664882638653,98.71961805555556,0.043472628929855844,0.9999432294527141
bg_2_so4_a2_SRF,558,0.992223141830399,0.0005364514613182832,98.77025462962963,0.04334474225261615,0.9999425769342564
bg_2_so4_a2_SRF,559,0.9793219853386064,0.0009094423450177127,98.68525752314815,0.04335347009811935,0.9999464001110472
bg_2_so4_a2_SRF,560,0.987316297098076,0.004074631231801228,98.7160011574074,0.04343193421153023,0.99994966460129
bg_2_so4_a2_SRF,561,0.9850189309044088,0.0013204517500072946,98.7160011574074,0.043471518398704855,0.9999566511377713
bg_2_so4_a2_SRF,562,0.9818775039564114,0.00020684816631722603,98.73408564814815,0.043465093132140115,0.9999517920253013
bg_2_so4_a2_SRF,563,0.983793944002109,0.0006671622397865303,98.68706597222221,0.04343193421153023,0.9999461895784306
bg_2_so4_a2_SRF,564,0.9817228715524784,3.393540985347553e-05,98.70153356481481,0.04347437404502605,0.9999405722392728
bg_2_so4_a2_SRF,565,0.9859315223461613,0.000605758089773743,98.69068287037037,0.04347397742850106,0.9999543782077878
bg_2_so4_a2_SRF,566,0.9803030184875475,9.47587770465715e-07,98.74674479166666,0.043474770661222135,0.9999517727985338
bg_2_so4_a2_SRF,567,0.9832490310673488,0.00099916927359679,98.68525752314815,0.043394647511895014,0.9999525732042777
bg_2_so4_a2_SRF,568,0.9796735689606224,0.002535134288246844,98.77025462962963,0.04341114921837174,0.9999515567014745
bg_2_so4_a2_SRF,569,0.9844406854486838,0.009232343693639754,98.71961805555556,0.04347540524645174,0.9999376991931934
bg_2_so4_a2_SRF,570,0.9840227226268307,0.01079792677837373,98.81908275462963,0.04345446348928757,0.9999399373423057
bg_2_so4_a2_SRF,571,0.9877218925950216,0.0035862186525441883,98.69972511574075,0.04334204452269558,0.9999536505405755
bg_2_so4_a2_SRF,572,0.9717096382337124,0.00099916927359679,98.6961082175926,0.04338187416550272,0.9999460666592903
bg_2_so4_a2_SRF,573,0.9888523119136164,0.00033529487678933393,98.72685185185185,0.04333371320189218,0.9999601684808006
bg_2_so4_a2_SRF,574,0.9904850837183181,7.460838252234115e-06,98.69972511574075,0.04346445853322774,0.999948914941723
bg_2_so4_a2_SRF,575,0.977613291561549,3.393540985347553e-05,98.72685185185185,0.04346533110651517,0.9999560606619932
bg_2_so4_a2_SRF,576,0.986414655718791,3.207274943741068e-05,98.72685185185185,0.04344684807751189,0.9999456522959361
bg_2_so4_a2_SRF,577,0.9754873989756414,0.0008078706048038672,98.52792245370371,0.04336354659440211,0.999956623798529
bg_2_so4_a2_SRF,578,0.9890719890644756,6.976759430196627e-05,98.63462094907408,0.04334728127864266,0.9999451215894749
bg_2_so4_a2_SRF,579,0.9915253801930642,6.78909146381623e-05,98.62557870370371,0.043421145167518334,0.9999457907233767
bg_2_so4_a2_SRF,580,0.988990420894341,6.0853587746754716e-05,98.6472800925926,0.04337814523608066,0.9999399058084427
bg_2_so4_a2_SRF,581,0.9769664065741078,5.760088836253532e-05,98.54058159722221,0.04344034315059712,0.999942256925533
bg_2_so4_a2_SRF,582,0.9900598440453188,0.00013278541333559813,98.69791666666666,0.04341376722524511,0.9999509073047176
bg_2_so4_a2_SRF,583,0.9862255199711483,2.629251230935217e-05,98.68887442129629,0.04342717436917295,0.9999568003935294
bg_2_so4_a2_SRF,584,0.9901532319763783,1.0363217488057107e-05,98.6472800925926,0.04327515182401155,0.9999485059441588
bg_2_so4_a2_SRF,585,0.9837875938040811,3.072180760626851e-06,98.6328125,0.04347175636988286,0.9999556308609545
bg_2_so4_a2_SRF,586,0.9811316151244038,3.5208150897026203e-07,98.55143229166666,0.043472152988249746,0.999941060914634
bg_2_so4_a2_SRF,587,0.9868968752621373,6.6133696431858265e-06,98.68525752314815,0.043426619051145664,0.9999510633437524
bg_2_so4_a2_SRF,588,0.9723104454985582,1.3124638918171887e-05,98.65993923611111,0.0433714013537219,0.9999451503115131
bg_2_so4_a2_SRF,589,0.990653622903387,0.00013633258441327862,98.60206886574075,0.043468980032105135,0.9999471185234261
bg_2_so4_a2_SRF,590,0.9802643409459493,3.5877949346568133e-06,98.70334201388889,0.04329070540947193,0.9999389180598675
bg_2_so4_a2_SRF,591,0.9755658583485766,4.915186323198817e-07,98.7648292824074,0.04345089378011572,0.999951219725702
bg_2_so4_a2_SRF,592,0.9804264638002476,7.770148544610762e-08,98.68887442129629,0.04347715035149159,0.9999503779800021
bg_2_so4_a2_SRF,593,0.9754780783949341,2.7118099788786027e-06,98.72504340277779,0.04343947053171987,0.999944931381141
bg_2_so4_a2_SRF,594,0.9749753151418125,4.879899105924485e-06,98.6961082175926,0.04347619847680469,0.9999353353818345
bg_2_so4_a2_SRF,595,0.9822874478490504,1.1411294188330406e-07,98.75397858796296,0.04345795384582723,0.9999471150013826
bg_2_so4_a2_SRF,596,0.9817095632556664,1.7443078166449516e-06,98.72866030092592,0.04343851858203802,0.9999516355539838
bg_2_so4_a2_SRF,597,0.9805175021604156,3.816541253609153e-06,98.7160011574074,0.04346842476261558,0.9999555001162722
bg_2_so4_a2_SRF,598,0.9867334344743383,3.640856863509709e-07,98.68525752314815,0.04346152350230499,0.999953951485721
bg_2_so4_a2_SRF,599,0.97686093713564,6.402152556523238e-07,98.63642939814815,0.0434777849335637,0.999953188749136
bg_2_so4_a2_SRF,600,0.9873958393643361,3.9054439272529066e-05,98.77387152777779,0.04347437404502605,0.99995335188405
bg_2_so4_a2_SRF,601,0.9858509534207159,4.367183471967656e-05,98.70334201388889,0.043252217298348716,0.9999430760158231
bg_2_so4_a2_SRF,602,0.9613733472452286,0.0003269847635035047,98.75759548611111,0.04344153308286396,0.9999571332830254
bg_2_so4_a2_SRF,603,0.9670890129751621,1.1665858052643624e-05,98.76663773148148,0.04347009056915023,0.9999376797128822
bg_2_so4_a2_SRF,604,0.961546018039242,1.044333603071849e-06,98.65632233796296,0.043436773336033595,0.9999519538325733
bg_2_so4_a2_SRF,605,0.9823325249883084,9.173070935862629e-07,98.64366319444444,0.04346390325848868,0.9999538683436846
bg_2_so4_a2_SRF,606,0.9851688377022626,8.879619237182788e-07,98.72323495370371,0.04343201354183486,0.9999535249211583
bg_2_so4_a2_SRF,607,0.9373430225781784,4.408220082353585e-08,98.73408564814815,0.04345509810146213,0.9999484050221417
bg_2_so4_a2_SRF,608,0.9877685148320678,4.734280958134615e-08,98.76302083333334,0.04347112177981171,0.9999348709886965
bg_2_so4_a2_SRF,609,0.9874431137092187,7.242334282307005e-08,98.75036168981481,0.04341836853593284,0.9999346360523884
bg_2_so4_a2_SRF,610,0.990200192541722,5.79961424740478e-07,98.63823784722221,0.04338782452458573,0.9999308528439509
bg_2_so4_a2_SRF,611,0.9823716925597891,1.5356925442710993e-06,98.61291956018519,0.04346723489725285,0.999957968693291
bg_2_so4_a2_SRF,612,0.9882351188747599,4.879899105924485e-06,98.69068287037037,0.04345620867074141,0.999948299253757
bg_2_so4_a2_SRF,613,0.9809905724974307,7.688463378073922e-06,98.71057581018519,0.04346533110651517,0.9999474980597107
bg_2_so4_a2_SRF,614,0.9815781127214361,4.059284200555149e-06,98.65270543981481,0.043360531602021704,0.9999436803308928
bg_2_so4_a2_SRF,615,0.961804952330711,6.225096786166659e-06,98.70153356481481,0.043404088461727615,0.9999342786714847
bg_2_so4_a2_SRF,616,0.989893449075965,3.816541253609877e-06,98.6472800925926,0.04346342730819923,0.9999605128527927
bg_2_so4_a2_SRF,617,0.975902929647198,8.930247345723057e-06,98.52973090277779,0.04346049227094805,0.9999506096573487
bg_2_so4_a2_SRF,618,0.9835537709011465,4.059284200555149e-06,98.486328125,0.04346541043128054,0.9999449461135932
bg_2_so4_a2_SRF,619,0.9830743755123246,3.490502748716815e-05,98.68525752314815,0.04340202574910246,0.9999429081506558
bg_2_so4_a2_SRF,620,0.9835221760487548,1.809299463495326e-05,98.76663773148148,0.04346755219497236,0.9999518390669876
bg_2_so4_a2_SRF,621,0.9782825112465977,2.1092594792090773e-06,98.67259837962963,0.04347358081164716,0.9999428210358009
bg_2_so4_a2_SRF,622,0.9643747083401976,2.483318141039046e-05,98.66174768518519,0.0434599369916041,0.9999503077002887
bg_2_so4_a2_SRF,623,0.99263797353839,1.0675142967601344e-05,98.68706597222221,0.04346937665277441,0.9999638477715325
bg_2_so4_a2_SRF,624,0.9765139821941451,1.6367981583652546e-06,98.5984519675926,0.04342273180690142,0.9999425773679201
bg_2_so4_a2_SRF,625,0.9873421035869294,5.428784469144041e-07,98.71238425925925,0.04336529210762034,0.9999502676545406
bg_2_so4_a2_SRF,626,0.98361267481818,3.372270567918574e-06,98.65270543981481,0.043346091111870835,0.9999437116041227
bg_2_so4_a2_SRF,627,0.9751421781640326,1.0110711009132918e-06,98.66898148148148,0.04344962454376721,0.9999482962594453
bg_2_so4_a2_SRF,628,0.9790455848599137,9.788326085264208e-07,98.69068287037037,0.04346802814115692,0.9999585787215933
bg_2_so4_a2_SRF,629,0.9784844376303071,3.169234393388657e-06,98.82631655092592,0.04345985766593091,0.9999611230726413
bg_2_so4_a2_SRF,630,0.98145060523698,1.98011570250756e-06,98.72504340277779,0.04339758295323442,0.9999468366771991
bg_2_so4_a2_SRF,631,0.9838643896095115,2.5128992271840057e-07,98.828125,0.043418130538189756,0.9999478319777764
bg_2_so4_a2_SRF,632,0.9840922922421105,1.2231425829093793e-07,98.73770254629629,0.04346731422170246,0.9999477699809864
bg_2_so4_a2_SRF,633,0.9808097232320616,1.8005847055740445e-06,98.65813078703704,0.043451211088676556,0.9999536439846103
bg_2_so4_a2_SRF,634,0.9824762582975036,5.994097347309063e-07,98.81004050925925,0.0434777849335637,0.9999555820396644
bg_2_so4_a2_SRF,635,0.9859139578049789,3.077829266808748e-07,98.75036168981481,0.04346303068259621,0.9999532379642599
bg_2_so4_a2_SRF,636,0.97567872529881,1.5411095832882043e-08,98.68706597222221,0.04343748730107786,0.9999515573712233
bg_2_so4_a2_SRF,637,0.9796997138158506,8.047873241525454e-08,98.73046875,0.043468980032105135,0.9999566777529978
bg_2_so4_a2_SRF,638,0.9805614197389102,3.5556077339885495e-08,98.78653067129629,0.04335323206808167,0.9999502496651305
bg_2_so4_a2_SRF,639,0.9891019562583081,6.433626887140301e-10,98.62738715277779,0.04347207366460268,0.9999517896336115
bg_2_so4_a2_SRF,640,0.9820370616530733,8.842259573533548e-09,98.73951099537037,0.04346390325848868,0.9999502344911324
bg_2_so4_a2_SRF,641,0.9682652685946473,9.226442069751977e-12,98.77567997685185,0.043332126267191365,0.9999527733865843
bg_2_so4_a2_SRF,642,0.9784209702997418,1.1053394508695885e-08,98.79557291666666,0.04344415092343016,0.9999417944847645
bg_2_so4_a2_SRF,643,0.9774192693679042,3.713196981142727e-09,98.73770254629629,0.043367910365504254,0.9999469336720846
bg_2_so4_a2_SRF,644,0.9733805986446262,3.183228164138316e-07,98.78291377314815,0.04343003028027165,0.9999481060089255
bg_2_so4_a2_SRF,645,0.9667227982483462,1.6685493889794053e-07,98.82631655092592,0.04344272301217033,0.9999384781330706
bg_2_so4_a2_SRF,646,0.9722445917228462,1.453977042691669e-07,98.77387152777779,0.04344296099767635,0.9999487854625598
bg_2_so4_a2_SRF,647,0.9802563660008479,1.453977042691669e-07,98.78472222222221,0.043437725289189114,0.9999444866252517
bg_2_so4_a2_SRF,648,0.9801284746519037,4.1618653222812507e-07,98.81908275462963,0.04346263405666427,0.9999459743309403
bg_2_so4_a2_SRF,649,0.9786548106473584,1.0110711009132918e-06,98.8914207175926,0.043387903862206756,0.9999467374543645
bg_2_so4_a2_SRF,650,0.9775255354787351,6.991649002923935e-08,98.82993344907408,0.04346723489725285,0.9999496282086707
bg_2_so4_a2_SRF,651,0.9702608041868525,4.9059807015643645e-08,98.83897569444444,0.043472152988249746,0.9999536835279683
bg_2_so4_a2_SRF,652,0.9736102259593712,2.4514358149740155e-10,98.77387152777779,0.0434219384878678,0.9999525619683083
bg_2_so4_a2_SRF,653,0.9814145073986377,3.1262812505251657e-10,98.74312789351852,0.04345446348928757,0.9999528691955425
bg_2_so4_a2_SRF,654,0.9811856541804306,3.8929357971330664e-07,98.75397858796296,0.04346572773021046,0.9999497705759655
bg_2_so4_a2_SRF,655,0.9903810590780997,1.3085856841084685e-06,98.89503761574075,0.04346493448249096,0.9999480506583567
bg_2_so4_a2_SRF,656,0.973073413365949,1.7268124070594114e-07,98.84440104166666,0.04345652597577612,0.9999512492576872
bg_2_so4_a2_SRF,657,0.9753435812022992,1.1903666576761818e-08,98.76302083333334,0.04346429988336808,0.9999537054921671
bg_2_so4_a2_SRF,658,0.983682275090057,1.266265011748038e-07,98.8425925925926,0.04343542473248652,0.9999476470440571
bg_2_so4_a2_SRF,659,0.9831111624558633,1.044333603071849e-06,98.85163483796296,0.04342241447944587,0.999952156603969
bg_2_so4_a2_SRF,660,0.9832171083459885,5.080930299508707e-07,98.81727430555556,0.04341297389134221,0.9999507305321093
bg_2_so4_a2_SRF,661,0.9913105080448791,1.3569770617054343e-07,98.91493055555556,0.043469693949073004,0.9999479465499623
bg_2_so4_a2_SRF,662,0.9790216653795832,1.1882623568319085e-06,98.7648292824074,0.04340035970548802,0.9999546473785837
bg_2_so4_a2_SRF,663,0.9744832000192392,7.300320217687081e-07,98.87152777777779,0.04345374954958466,0.9999570566849407
bg_2_so4_a2_SRF,664,0.9817029495021274,1.5411095832878565e-08,98.91854745370371,0.04347596050783694,0.9999554533774995
bg_2_so4_a2_SRF,665,0.9721951259218139,1.1814459314412548e-07,98.82631655092592,0.04345906440847536,0.9999523418133005
bg_2_so4_a2_SRF,666,0.984103581832704,1.5049653456706336e-07,98.8624855324074,0.04344359562511346,0.9999513750036331
bg_2_so4_a2_SRF,667,0.9721795360066549,1.3108603088394669e-07,98.78472222222221,0.0434286816577112,0.9999398285980972
bg_2_so4_a2_SRF,668,0.9871173375747898,4.568425063490614e-08,98.83716724537037,0.04343574205131029,0.999943417703479
bg_2_so4_a2_SRF,669,0.987442931921055,2.6890223520576324e-07,98.8425925925926,0.043462237430403415,0.9999412258077166
bg_2_so4_a2_SRF,670,0.9837480947593545,3.2921172812563324e-07,98.87514467592592,0.04342812634143396,0.9999423546924603
bg_2_so4_a2_SRF,671,0.982427371060124,3.2921172812563324e-07,98.86067708333334,0.043384968361464216,0.9999420697873633
bg_2_so4_a2_SRF,672,0.9832100851864937,3.64085686350896e-07,98.89684606481481,0.043410038544459816,0.9999434146700614
bg_2_so4_a2_SRF,673,0.9765147094977508,1.5049653456706336e-07,98.84440104166666,0.043408531197168296,0.9999410274353645
bg_2_so4_a2_SRF,674,0.9829312443527273,9.200705670171748e-06,98.84440104166666,0.043462951357436136,0.9999440207100152
bg_2_so4_a2_SRF,675,0.9842022985243691,2.4514358149740155e-10,98.85525173611111,0.04343129956861949,0.9999397182980757
bg_2_so4_a2_SRF,676,0.9754695858915798,1.9171489117408562e-05,98.90769675925925,0.04343106157731085,0.9999508100885506
bg_2_so4_a2_SRF,677,0.9801467513813039,3.5556077339885495e-08,98.99450231481481,0.0434101178783962,0.9999521676254485
bg_2_so4_a2_SRF,678,0.9818402809609812,5.655303560814134e-08,98.93301504629629,0.043389887298455485,0.9999474476761896
bg_2_so4_a2_SRF,679,0.9703301312760657,7.770148544610762e-08,98.93301504629629,0.04345002118048794,0.9999443971076023
bg_2_so4_a2_SRF,680,0.974741669332497,1.2672275407515743e-06,98.97641782407408,0.0434624754061994,0.9999440945894508
bg_2_so4_a2_SRF,681,0.9793663040963676,1.4331788523925285e-05,99.02705439814815,0.043349661603302246,0.9999344799430688
bg_2_so4_a2_SRF,682,0.9790021471354348,4.4487289761768847e-07,98.84801793981481,0.043403612451911364,0.9999481977620719
bg_2_so4_a2_SRF,683,0.9868640565660697,3.169234393388657e-06,98.91312210648148,0.043432806844157484,0.9999397966229839
bg_2_so4_a2_SRF,684,0.9837570441929987,3.1262812505243897e-10,99.01077835648148,0.04347009056915023,0.9999441232425138
bg_2_so4_a2_SRF,685,0.9817590906849261,4.754677010187969e-07,99.05056423611111,0.04346342730819923,0.9999420002844157
bg_2_so4_a2_SRF,686,0.99184032551877,3.255174626822687e-10,99.00173611111111,0.04345850912747364,0.9999422911486836
bg_2_so4_a2_SRF,687,0.9774704584507725,1.9916648390754754e-08,98.94748263888889,0.04347564321569576,0.9999501017772999
bg_2_so4_a2_SRF,688,0.9779377256986539,4.2534792392707784e-08,99.01801215277779,0.04346779016812384,0.9999415880314908
bg_2_so4_a2_SRF,689,0.9856382709688832,1.2352353807623749e-08,98.91493055555556,0.043418844531063726,0.9999449336252253
bg_2_so4_a2_SRF,690,0.9824709718205658,4.754677010187969e-07,98.93844039351852,0.04347730899708856,0.9999336395927609
bg_2_so4_a2_SRF,691,0.9866532151135826,1.1411294188330406e-07,98.92035590277779,0.043473184194464345,0.9999334069967333
bg_2_so4_a2_SRF,692,0.9824572551912047,8.162068694694403e-10,98.8914207175926,0.043474929307608476,0.9999346098274723
bg_2_so4_a2_SRF,693,0.9726173289756516,1.0975033909217231e-11,98.9890769675926,0.043360531602021704,0.9999417882320718
bg_2_so4_a2_SRF,694,0.9721967703024413,7.300320217687081e-07,99.04333043981481,0.0434395498607745,0.9999355762708091
bg_2_so4_a2_SRF,695,0.9729550600726383,2.5472479499573765e-06,99.01982060185185,0.04339837631266609,0.9999347286473536
bg_2_so4_a2_SRF,696,0.9794675304941421,3.077829266808748e-07,98.974609375,0.043396630920179355,0.9999313184444419
bg_2_so4_a2_SRF,697,0.9869783512952306,5.226217841134755e-09,99.05418113425925,0.043385920417733086,0.99993359716995
bg_2_so4_a2_SRF,698,0.9808295441454445,2.2599159558136568e-10,99.04513888888889,0.0433756857135298,0.9999412223270772
bg_2_so4_a2_SRF,699,0.9881546139349943,1.0975033909217231e-11,98.96556712962963,0.043440501808403746,0.9999465639829274
bg_2_so4_a2_SRF,700,0.9805357068716796,2.689022352057353e-07,98.46100983796296,0.043376479109282884,0.9999302730807347
bg_2_so4_a2_SRF,701,0.976370052996037,1.2231425829093793e-07,98.9601417824074,0.04340884853383496,0.9999303422564128
bg_2_so4_a2_SRF,702,0.9855735148138464,6.836997033586797e-07,98.99269386574075,0.043475801861792666,0.999924349781407
bg_2_so4_a2_SRF,703,0.980989907981132,1.044333603071849e-06,98.91854745370371,0.043384412994432235,0.9999327988230987
bg_2_so4_a2_SRF,704,0.9825403846209012,1.0443336030717455e-06,98.89322916666666,0.04344185039763513,0.9999293539294297
bg_2_so4_a2_SRF,705,0.9810628549130052,1.3085856841085973e-06,98.95471643518519,0.043458747105124755,0.999934028614579
bg_2_so4_a2_SRF,706,0.981247894683308,1.9802152313520368e-07,98.95833333333334,0.043434631434506044,0.9999268422465865
bg_2_so4_a2_SRF,707,0.9816845159672852,2.9758125263304144e-07,98.94386574074075,0.043472946223996785,0.9999307950627465
bg_2_so4_a2_SRF,708,0.9856908319613532,1.2015253150425658e-05,98.93120659722221,0.04345835047564045,0.9999282757861071
bg_2_so4_a2_SRF,709,0.985974339092213,1.3124638918173071e-05,98.92397280092592,0.04332522303997903,0.9999298516161081
bg_2_so4_a2_SRF,710,0.9853376792667109,8.052650258551858e-07,98.89503761574075,0.04340131173112116,0.9999367273668461
bg_2_so4_a2_SRF,711,0.9819841787632039,5.098398344362795e-11,99.00173611111111,0.04347603983083934,0.999936723821917
bg_2_so4_a2_SRF,712,0.9824698126537543,4.144973150279513e-10,98.98003472222221,0.0434355040622122,0.9999453581734905
bg_2_so4_a2_SRF,713,0.9897290948015774,1.1665858052642567e-05,99.01439525462963,0.04346049227094805,0.9999481270853654
bg_2_so4_a2_SRF,714,0.9700542125577483,2.7833573118724607e-05,98.91493055555556,0.043432727513984436,0.9999319272900672
bg_2_so4_a2_SRF,715,0.9845172227530505,6.039266498424055e-06,99.10300925925925,0.04344192972629503,0.9999204646064835
bg_2_so4_a2_SRF,716,0.981395453533679,6.42806629838436e-05,99.03067129629629,0.043316494679048835,0.9999278685466146
bg_2_so4_a2_SRF,717,0.9824528514497688,9.650132937392644e-05,99.04694733796296,0.043473104870988315,0.9999313282904034
bg_2_so4_a2_SRF,718,0.9826515200167266,3.9054439272529066e-05,98.93120659722221,0.04345517742792474,0.9999312464725275
bg_2_so4_a2_SRF,719,0.9784407691398734,1.1411294188331622e-07,99.03247974537037,0.04343962918981597,0.9999342595793589
bg_2_so4_a2_SRF,720,0.9791514808405356,0.00015545707221931596,99.07949942129629,0.043468266114071584,0.9999435222936902
bg_2_so4_a2_SRF,721,0.9821100621357373,3.590105060690582e-05,99.01077835648148,0.04326872391906989,0.9999363172438159
bg_2_so4_a2_SRF,722,0.9765219131854377,0.00029564653919774894,98.96195023148148,0.04334267928404571,0.9999272506862473
bg_2_so4_a2_SRF,723,0.9794474551103386,0.00043008749770431445,98.97099247685185,0.04346390325848868,0.9999209094835442
bg_2_so4_a2_SRF,724,0.9852036289461328,5.0177810613635777e-05,99.07949942129629,0.043400201034364934,0.9999183127914458
bg_2_so4_a2_SRF,725,0.9799075286491021,2.353771314931244e-10,98.95833333333334,0.04335600907781758,0.9999290141647987
bg_2_so4_a2_SRF,726,0.9826222704564604,1.9184358311140947e-06,98.9113136574074,0.04346580705491005,0.9999305126135732
bg_2_so4_a2_SRF,727,0.9811877757697156,1.9184358311140947e-06,98.90046296296296,0.04346199945448902,0.9999329920382979
bg_2_so4_a2_SRF,728,0.9872891636102886,2.4290800783373873e-07,98.98365162037037,0.043356564477830054,0.999933162925843
bg_2_so4_a2_SRF,729,0.987651189532026,1.973353887143005e-05,98.94386574074075,0.04333974350574004,0.9999350962584979
bg_3_so4_a2_SRF,0,0.9994300093189327,0.3150711549699029,89.01005497685185,0.00433391309440069,0.9999991667118298
bg_3_so4_a2_SRF,1,0.9986237910205117,0.3186810227764112,88.78761574074075,0.004357840390591109,0.9999991961990915
bg_3_so4_a2_SRF,2,0.9982721268205139,0.3150711549699029,89.05164930555556,0.004345250838935063,0.9999992038235962
bg_3_so4_a2_SRF,3,0.997538246701342,0.4310098311613798,88.58326099537037,0.004312047490532003,0.9999993290796167
bg_3_so4_a2_SRF,4,0.9985728905939305,0.3447399845281254,88.59049479166666,0.004350624687656172,0.9999992327212053
bg_3_so4_a2_SRF,5,0.99843447541149,0.22820256027576802,88.72432002314815,0.004396385476487508,0.999999278337027
bg_3_so4_a2_SRF,6,0.999071639616166,0.400942991519327,88.33188657407408,0.004482408765464338,0.9999993108952273
bg_3_so4_a2_SRF,7,0.9992271650930478,0.3223191482362757,88.77676504629629,0.00419900681196504,0.9999992318887561
bg_3_so4_a2_SRF,8,0.9985548212703744,0.3223191482362757,88.41869212962963,0.004359776477427522,0.9999992096087787
bg_3_so4_a2_SRF,9,0.9987623618928508,0.3334028800541171,88.45124421296296,0.004398266657293862,0.9999992384114208
bg_3_so4_a2_SRF,10,0.9990588356612154,0.3447399845280902,88.39156539351852,0.004394347928195842,0.9999993659145383
bg_3_so4_a2_SRF,11,0.9989914910961628,0.3602479486076019,88.50368923611111,0.004395062059568262,0.9999993177402186
bg_3_so4_a2_SRF,12,0.9985632629526532,0.4310098311613767,88.16550925925925,0.004476607513882697,0.9999991901600792
bg_3_so4_a2_SRF,13,0.998561127405985,0.42663775907921664,88.77495659722221,0.004369512489800924,0.9999992470695366
bg_3_so4_a2_SRF,14,0.9989437028152927,0.3761993625594465,88.32284432870371,0.004456081513804117,0.9999993908943777
bg_3_so4_a2_SRF,15,0.9985891783443697,0.4222909307660495,88.43677662037037,0.004383554076263345,0.9999992559111555
bg_3_so4_a2_SRF,16,0.9993649606559319,0.4398287509476898,88.32646122685185,0.004275410633104339,0.9999993148500944
bg_3_so4_a2_SRF,17,0.9979543240702897,0.400942991519327,87.70797164351852,0.004394846212648177,0.9999992948152513
bg_3_so4_a2_SRF,18,0.9990454696155183,0.4266377590792184,88.42592592592592,0.004244130262652058,0.9999993684822015
bg_3_so4_a2_SRF,19,0.9989848207874311,0.41796957199345497,88.32103587962963,0.0043360829296867805,0.999999364346613
bg_3_so4_a2_SRF,20,0.998955590861576,0.3602479486076019,87.98466435185185,0.004282418945638922,0.9999992753946115
bg_3_so4_a2_SRF,21,0.9986454033818273,0.35632917131592023,88.20710358796296,0.00444888219576724,0.9999992402283466
bg_3_so4_a2_SRF,22,0.9987484883612984,0.333402880054094,88.39699074074075,0.004397037838339419,0.9999993421511165
bg_3_so4_a2_SRF,23,0.9987433642599346,0.3334028800541171,88.27763310185185,0.0042484760930461985,0.9999992857623431
bg_3_so4_a2_SRF,24,0.9992412083906889,0.35632917131592023,87.94126157407408,0.004474563931359411,0.9999993570552836
bg_3_so4_a2_SRF,25,0.9990448789379106,0.40516041740222986,87.54521122685185,0.004392835428012293,0.9999992735734221
bg_3_so4_a2_SRF,26,0.9989532191902022,0.41796957199344353,88.1691261574074,0.004478378611949646,0.9999991943031249
bg_3_so4_a2_SRF,27,0.9981515744030545,0.35632917131592023,88.35720486111111,0.00435825292009575,0.999999046985162
bg_3_so4_a2_SRF,28,0.9984730792780581,0.4310098311613798,87.65371817129629,0.00430710263373153,0.9999993203726951
bg_3_so4_a2_SRF,29,0.9984122315708255,0.32968010200635045,88.46932870370371,0.0042503696357501,0.999999354271777
bg_3_so4_a2_SRF,30,0.9987792105450783,0.43100983116137837,88.54890046296296,0.004316002769147162,0.9999993410996351
bg_3_so4_a2_SRF,31,0.9986685009789867,0.2974458378511263,88.62485532407408,0.004322759657441688,0.9999993063645907
bg_3_so4_a2_SRF,32,0.9980384438199351,0.24878509423523532,88.63208912037037,0.004312990675208885,0.9999992136686934
bg_3_so4_a2_SRF,33,0.9983857574876842,0.35243820227215095,89.03899016203704,0.004239361521752808,0.9999991629290739
bg_3_so4_a2_SRF,34,0.9992353941802131,0.2940055330262451,88.9503761574074,0.004499455433738362,0.9999992959833797
bg_3_so4_a2_SRF,35,0.9986843859372979,0.3079362271478385,88.77133969907408,0.00447773457701807,0.9999993033287806
bg_3_so4_a2_SRF,36,0.9988097935849392,0.3641944510066034,88.81474247685185,0.004318809966086168,0.9999992261572175
bg_3_so4_a2_SRF,37,0.9981744250592917,0.32598551532810305,88.76048900462963,0.004443707911913011,0.9999993312561882
bg_3_so4_a2_SRF,38,0.9984310043963766,0.42229093076604096,88.79484953703704,0.00421556258278086,0.9999994074623116
bg_3_so4_a2_SRF,39,0.9986829263938789,0.3044111703462514,88.79665798611111,0.0044066343665395274,0.9999993182773742
bg_3_so4_a2_SRF,40,0.9988474547281019,0.26749589355279635,88.74602141203704,0.004193166775596101,0.9999992237357413
bg_3_so4_a2_SRF,41,0.9989073471113259,0.25491145223068934,88.50911458333334,0.004281347007710092,0.9999993144062532
bg_3_so4_a2_SRF,42,0.999478756776252,0.3447399845280902,88.87622974537037,0.004366335508860191,0.9999991465147717
bg_3_so4_a2_SRF,43,0.9988419695010351,0.3371538149340755,88.8038917824074,0.00440913262100971,0.9999991422388104
bg_3_so4_a2_SRF,44,0.9988072849606481,0.3925876500129777,88.83644386574075,0.004320065481270108,0.9999990536290367
bg_3_so4_a2_SRF,45,0.9993852660947844,0.35243820227215095,89.17643229166666,0.004283890139508359,0.9999991555773209
bg_3_so4_a2_SRF,46,0.9990528913128514,0.28720953526855353,88.94675925925925,0.004360443421913947,0.9999990276362959
bg_3_so4_a2_SRF,47,0.9993315416312497,0.3447399845281137,88.97750289351852,0.004353500757701842,0.9999990706808437
bg_3_so4_a2_SRF,48,0.9989418551991948,0.35243820227213896,88.59953703703704,0.004444454176398526,0.9999991585439867
bg_3_so4_a2_SRF,49,0.9985379130388068,0.43100983116139013,88.18540219907408,0.004383275354315271,0.9999992745735874
bg_3_so4_a2_SRF,50,0.9981810150794808,0.24576311484583147,89.25238715277779,0.004220016422935124,0.9999992548203257
bg_3_so4_a2_SRF,51,0.9993333276875573,0.28385378324799504,89.2722800925926,0.00429099779795185,0.9999992075298193
bg_3_so4_a2_SRF,52,0.9992819187724521,0.28385378324799504,88.71889467592592,0.004390497918689506,0.9999992138357033
bg_3_so4_a2_SRF,53,0.9989596143453465,0.30793622714786006,89.36270254629629,0.004169922506593774,0.999999167773942
bg_3_so4_a2_SRF,54,0.9990273637669118,0.2905934412133423,89.40972222222221,0.004407917255536244,0.9999992122604959
bg_3_so4_a2_SRF,55,0.99831939512594,0.3223191482362757,89.27770543981481,0.004297595243798295,0.9999992264296832
bg_3_so4_a2_SRF,56,0.9988399885128604,0.3409328656369993,89.23430266203704,0.004198357395721436,0.9999993048730739
bg_3_so4_a2_SRF,57,0.999141500920801,0.3884500589103068,89.28313078703704,0.004305694638802451,0.9999991939496461
bg_3_so4_a2_SRF,58,0.9985414786348067,0.28720953526855353,88.7351707175926,0.004161527245483861,0.9999992056150547
bg_3_so4_a2_SRF,59,0.9985488242373997,0.3409328656369761,89.11313657407408,0.0045240620946233505,0.9999991429045015
bg_3_so4_a2_SRF,60,0.9991288162047864,0.3009143779045014,89.58152488425925,0.004203140059712394,0.9999991670804886
bg_3_so4_a2_SRF,61,0.9991592675138592,0.25801598818024485,89.18004918981481,0.004252067452043247,0.9999990844304364
bg_3_so4_a2_SRF,62,0.9992354369829993,0.400942991519327,89.26504629629629,0.004296220083322894,0.9999990695129497
bg_3_so4_a2_SRF,63,0.9987594184731269,0.28720953526855353,88.81474247685185,0.00437251037389121,0.9999991384199686
bg_3_so4_a2_SRF,64,0.9990692712341975,0.23980113674731152,88.90878182870371,0.004437096764812248,0.9999991908416017
bg_3_so4_a2_SRF,65,0.9987471356347645,0.2580159881802352,88.916015625,0.004297302464062426,0.9999991716158494
bg_3_so4_a2_SRF,66,0.9985261448060554,0.4094041148895806,88.42230902777779,0.004269152836300243,0.9999991698043513
bg_3_so4_a2_SRF,67,0.9987878704794935,0.3843393888194664,88.04615162037037,0.0043274720771496415,0.9999991960457005
bg_3_so4_a2_SRF,68,0.99912072411334,0.4094041148895854,88.61038773148148,0.004357520772902031,0.9999990990371033
bg_3_so4_a2_SRF,69,0.9988853274552109,0.4094041148895937,89.36451099537037,0.004476703500128256,0.9999990475660907
bg_3_so4_a2_SRF,70,0.9991994767955265,0.400942991519327,89.18004918981481,0.00439164457642,0.9999992079234175
bg_3_so4_a2_SRF,71,0.9985769554963122,0.41796957199345697,88.82740162037037,0.00430014305322976,0.9999992780613415
bg_3_so4_a2_SRF,72,0.9987771880386833,0.2549114522306988,89.44046585648148,0.0044223664085432665,0.9999991357756383
bg_3_so4_a2_SRF,73,0.9982858848676862,0.23686096096652975,89.13483796296296,0.00442959082777114,0.9999990227430243
bg_3_so4_a2_SRF,74,0.9986356709876767,0.3843393888194664,89.36631944444444,0.004517532512680596,0.9999991806849666
bg_3_so4_a2_SRF,75,0.9989410767236232,0.26749589355279635,88.98835358796296,0.0043122766947146125,0.999999287288764
bg_3_so4_a2_SRF,76,0.9986169951407744,0.34093286563698777,89.21802662037037,0.004280794202336359,0.9999992387954967
bg_3_so4_a2_SRF,77,0.9984192900349217,0.4266377590792251,89.208984375,0.004277318740251679,0.9999992376458419
bg_3_so4_a2_SRF,78,0.9988773255583777,0.4136738982417727,89.01909722222221,0.004399463989887464,0.9999992796953857
bg_3_so4_a2_SRF,79,0.9973709790404292,0.4094041148895937,88.57783564814815,0.004269212852829571,0.9999992610313458
bg_3_so4_a2_SRF,80,0.9988816242476419,0.4094041148895806,88.93590856481481,0.004323834128098939,0.9999990403973951
bg_3_so4_a2_SRF,81,0.9984780912957341,0.400942991519327,88.98654513888889,0.004402735345811767,0.9999991258720454
bg_3_so4_a2_SRF,82,0.9987083943989121,0.41796957199345697,88.5109230324074,0.004507772346276622,0.9999991513163078
bg_3_so4_a2_SRF,83,0.9987238178214142,0.400942991519327,88.82378472222221,0.0043558563153405574,0.9999992372795459
bg_3_so4_a2_SRF,84,0.9985606883282069,0.400942991519327,88.09859664351852,0.004410145423304242,0.9999991915007487
bg_3_so4_a2_SRF,85,0.9987486242557019,0.400942991519327,88.8816550925926,0.00442095343000912,0.9999992092272842
bg_3_so4_a2_SRF,86,0.9981764023469805,0.400942991519327,88.91059027777779,0.004124598192406256,0.9999991381678305
bg_3_so4_a2_SRF,87,0.9987213992539765,0.4094041148895874,88.95218460648148,0.004269214614448237,0.999999131920743
bg_3_so4_a2_SRF,88,0.9981546412590637,0.40516041740224296,88.8328269675926,0.004490107333105479,0.9999992255065416
bg_3_so4_a2_SRF,89,0.9987065116968856,0.3967520134409921,88.44581886574075,0.004378409972124074,0.9999993362157684
bg_3_so4_a2_SRF,90,0.9985395549338,0.225370139120733,88.67368344907408,0.004401154122152881,0.9999991222885268
bg_3_so4_a2_SRF,91,0.9987896981191753,0.24276849133823086,88.74059606481481,0.004522481256327493,0.9999991048572521
bg_3_so4_a2_SRF,92,0.9986305575908628,0.37619936255946484,88.35177951388889,0.004365130795279829,0.9999991831190262
bg_3_so4_a2_SRF,93,0.9982231069100742,0.4136738982417858,88.13295717592592,0.0042605336649540635,0.9999992052017179
bg_3_so4_a2_SRF,94,0.9985507930237961,0.40516041740224296,88.85452835648148,0.004314731585526421,0.9999991420466758
bg_3_so4_a2_SRF,95,0.9992603276973544,0.39675201344099864,89.08420138888889,0.004518700970478824,0.9999992411132044
bg_3_so4_a2_SRF,96,0.9973208270546643,0.400942991519327,88.61581307870371,0.004490519753011747,0.9999991844947429
bg_3_so4_a2_SRF,97,0.995252437212013,0.392587650012984,89.08962673611111,0.004182059967297035,0.9999991622918252
bg_3_so4_a2_SRF,98,0.9979919796892108,0.40940411488958406,88.818359375,0.004479196039701246,0.9999992299351786
bg_3_so4_a2_SRF,99,0.9976479322192268,0.4266377590792184,88.66825810185185,0.004239155207779382,0.999999209167332
bg_3_so4_a2_SRF,100,0.9984410084858262,0.40516041740224296,88.80027488425925,0.0042855463132046145,0.9999993928403665
bg_3_so4_a2_SRF,101,0.9975531609606386,0.38025577961918167,88.66102430555556,0.004292570781238287,0.9999993118444798
bg_3_so4_a2_SRF,102,0.9978566676426455,0.39675201344099864,88.33188657407408,0.004490451016384432,0.9999991351971869
bg_3_so4_a2_SRF,103,0.9985186964464066,0.37217026043902335,87.87254050925925,0.004497943252891792,0.9999992709938248
bg_3_so4_a2_SRF,104,0.9988990972422831,0.3967520134409921,88.52358217592592,0.00422337869516416,0.9999992955448336
bg_3_so4_a2_SRF,105,0.9984858762069168,0.38025577961918167,88.35720486111111,0.004249198093368665,0.9999993122820097
bg_3_so4_a2_SRF,106,0.9981792165358975,0.392587650012984,88.16731770833334,0.0044825462409306465,0.9999991882849344
bg_3_so4_a2_SRF,107,0.9984153844271636,0.38025577961918167,88.232421875,0.004405690294383761,0.9999993069511336
bg_3_so4_a2_SRF,108,0.9991287159397608,0.380255779619188,88.2468894675926,0.004383937380351219,0.9999993243852637
bg_3_so4_a2_SRF,109,0.9992864620589229,0.3843393888194664,87.94487847222221,0.004274675832128308,0.999999321627984
bg_3_so4_a2_SRF,110,0.9986060408572859,0.3641944510065913,88.54890046296296,0.0043620688018078755,0.9999991811281876
bg_3_so4_a2_SRF,111,0.9985733733089882,0.3884500589103068,88.42592592592592,0.004365750765205766,0.9999994179950238
bg_3_so4_a2_SRF,112,0.9985361902625353,0.380255779619188,88.38252314814815,0.0044850207928314794,0.9999994702940562
bg_3_so4_a2_SRF,113,0.9981373587594988,0.40516041740224296,88.72612847222221,0.004320914625853104,0.9999994620845228
bg_3_so4_a2_SRF,114,0.9986580607055415,0.40516041740222986,88.57964409722221,0.004272543758864022,0.9999991311826617
bg_3_so4_a2_SRF,115,0.9982034990109296,0.3602479486075837,88.38252314814815,0.004231003365980187,0.9999992017865971
bg_3_so4_a2_SRF,116,0.9992040826386879,0.37619936255946484,88.69719328703704,0.004145556530340773,0.9999993106599194
bg_3_so4_a2_SRF,117,0.9983223205217076,0.37217026043902335,88.3933738425926,0.0040670095476291,0.9999993943742312
bg_3_so4_a2_SRF,118,0.9986011336683003,0.392587650012984,88.73155381944444,0.004277964650641695,0.9999993501943437
bg_3_so4_a2_SRF,119,0.9990813994733029,0.39675201344099864,88.68272569444444,0.004393535205454164,0.9999992692373706
bg_3_so4_a2_SRF,120,0.9989319699029766,0.40516041740224296,88.330078125,0.004150501059848622,0.9999992227835443
bg_3_so4_a2_SRF,121,0.9979504988347621,0.36816858778094674,88.30475983796296,0.00420650943629324,0.9999992109536577
bg_3_so4_a2_SRF,122,0.9984262689775704,0.5329823717733908,87.744140625,0.004512033850921363,0.999999407652976
bg_3_so4_a2_SRF,123,0.9987771702362017,0.37619936255947106,88.00094039351852,0.004253739474472362,0.9999993608098905
bg_3_so4_a2_SRF,124,0.9992866112278724,0.8096025278380355,87.78573495370371,0.004417309866508456,0.9999992287675719
bg_3_so4_a2_SRF,125,0.9988678022751718,0.35243820227214506,88.07327835648148,0.004399274571037328,0.9999991755095344
bg_3_so4_a2_SRF,126,0.9984783516447393,0.392587650012984,87.56691261574075,0.004343990298119594,0.9999992445570299
bg_3_so4_a2_SRF,127,0.9991485237578798,0.36816858778094674,88.41507523148148,0.004072259317177731,0.9999993371309993
bg_3_so4_a2_SRF,128,0.9993464877211425,0.36816858778094674,88.31380208333334,0.004328050962662275,0.9999993821845613
bg_3_so4_a2_SRF,129,0.9979150705379625,0.3884500589103068,88.76591435185185,0.0040913227262297045,0.9999994035301103
bg_3_so4_a2_SRF,130,0.9986645912985219,0.348575117191505,87.3046875,0.0044166223987063555,0.9999992850770276
bg_3_so4_a2_SRF,131,0.9980024927615835,0.38025577961918167,88.30475983796296,0.004045457446711508,0.9999992746431148
bg_3_so4_a2_SRF,132,0.9971043027205571,0.35243820227213896,88.44943576388889,0.004206522720985054,0.9999992903095963
bg_3_so4_a2_SRF,133,0.9954901866538164,0.3223191482362644,88.525390625,0.0043565955626453014,0.99999921713472
bg_3_so4_a2_SRF,134,0.9965540443909002,0.3223191482362644,88.6085792824074,0.004433602575533099,0.9999993383785006
bg_3_so4_a2_SRF,135,0.9988457015837423,0.33715381493408136,88.27944155092592,0.004464880332465555,0.9999994158487799
bg_3_so4_a2_SRF,136,0.9983889885263223,0.38845005891029427,88.40241608796296,0.004406836928179864,0.9999994523324949
bg_3_so4_a2_SRF,137,0.9987308231042962,0.37217026043902335,88.81293402777779,0.004367808530184039,0.9999992410479214
bg_3_so4_a2_SRF,138,0.9992404486599868,0.34473998452810783,88.51273148148148,0.004226327692834665,0.999999161861756
bg_3_so4_a2_SRF,139,0.999183733948851,0.33340288005411134,88.55432581018519,0.0044521520924786385,0.9999993879880529
bg_3_so4_a2_SRF,140,0.998702630632101,0.3602479486075776,88.33369502314815,0.004194685076225621,0.9999991449697054
bg_3_so4_a2_SRF,141,0.9980118106957292,0.36816858778094674,88.22880497685185,0.004198383697913771,0.9999991359235585
bg_3_so4_a2_SRF,142,0.9991298244600891,0.3371538149340755,88.41507523148148,0.004398264179839345,0.9999993940399164
bg_3_so4_a2_SRF,143,0.9980998706921153,0.35243820227214506,88.27582465277779,0.004461484804532142,0.9999994401369364
bg_3_so4_a2_SRF,144,0.9982399979718137,0.37217026043901724,88.35358796296296,0.004217588290156372,0.9999992963346231
bg_3_so4_a2_SRF,145,0.9991356095069591,0.35243820227213896,88.55070891203704,0.00426385750327119,0.9999993586711894
bg_3_so4_a2_SRF,146,0.9984579878416153,0.42229093076604785,88.29029224537037,0.004469931779911439,0.999999476279501
bg_3_so4_a2_SRF,147,0.9984057136738702,0.4136738982417727,88.37528935185185,0.004353695432309368,0.9999994801685669
bg_3_so4_a2_SRF,148,0.9994596880841847,0.31148955495865627,88.25593171296296,0.004264327252832548,0.9999994776028815
bg_3_so4_a2_SRF,149,0.99861509198855,0.3884500589103068,88.48379629629629,0.004520556750755848,0.9999994257836538
bg_3_so4_a2_SRF,150,0.9989070178739043,0.4094041148895874,88.36624710648148,0.0043500716295347755,0.9999994381804468
bg_3_so4_a2_SRF,151,0.9984842553301696,0.9847014623545781,88.33369502314815,0.004288976364133124,0.9999993005429298
bg_3_so4_a2_SRF,152,0.9981422380735832,0.38025577961918167,88.87984664351852,0.004300351742437702,0.9999994517176825
bg_3_so4_a2_SRF,153,0.9989635397221118,0.38025577961918167,88.39699074074075,0.004383004064802611,0.9999993723980602
bg_3_so4_a2_SRF,154,0.9994095968421185,0.9152987749598599,88.51453993055556,0.004214157693661983,0.9999993846700375
bg_3_so4_a2_SRF,155,0.9994355873055097,0.4051604174022395,88.54890046296296,0.0042346428222990755,0.9999994234448055
bg_3_so4_a2_SRF,156,0.9993574009060316,0.41796957199345697,87.96296296296296,0.004416795194756752,0.9999991725221994
bg_3_so4_a2_SRF,157,0.9986638853493253,0.4222909307660495,88.66283275462963,0.004230765033760894,0.9999992400954498
bg_3_so4_a2_SRF,158,0.9989603497477824,0.400942991519327,88.31199363425925,0.004441608788219476,0.9999994795395603
bg_3_so4_a2_SRF,159,0.9989987084870166,0.3967520134409921,88.63208912037037,0.004283799313596398,0.9999994238945441
bg_3_so4_a2_SRF,160,0.9992422697758176,0.41367389824177436,88.25774016203704,0.004384824747738461,0.9999994521966775
bg_3_so4_a2_SRF,161,0.9981620462798789,0.4354069107594173,88.8671875,0.0041419018616933884,0.9999994421321916
bg_3_so4_a2_SRF,162,0.998442972845833,0.34093286563698777,89.02994791666666,0.004314469077216215,0.9999994334497914
bg_3_so4_a2_SRF,163,0.9989892071806048,0.4310098311613767,88.77314814814815,0.0042741496191500295,0.9999994983549371
bg_3_so4_a2_SRF,164,0.9991109228275209,0.4310098311613798,88.90335648148148,0.004214142877314173,0.9999993058133854
bg_3_so4_a2_SRF,165,0.9989643868640876,0.32598551532810305,88.84006076388889,0.004358638677464838,0.9999992242189338
bg_3_so4_a2_SRF,166,0.9988528618718407,0.41796957199345697,88.17635995370371,0.004301859861202598,0.999999303021578
bg_3_so4_a2_SRF,167,0.997874924192152,0.31507115496989735,88.27401620370371,0.004350607074349676,0.9999990744155405
bg_3_so4_a2_SRF,168,0.9982689261437903,0.4094041148895806,88.53804976851852,0.004124775334538364,0.9999992838458651
bg_3_so4_a2_SRF,169,0.9977278023911413,0.38025577961918167,88.69719328703704,0.004223548206208586,0.9999994188873887
bg_3_so4_a2_SRF,170,0.998266249016169,0.34093286563698777,88.79846643518519,0.004285846385898017,0.999999349208288
bg_3_so4_a2_SRF,171,0.9984395545035183,0.38025577961918167,88.64655671296296,0.004119733686140836,0.9999994461597659
bg_3_so4_a2_SRF,172,0.9968213924589835,0.3602479486075776,88.72793692129629,0.004273587115006488,0.9999993915230082
bg_3_so4_a2_SRF,173,0.9994517350983183,0.35632917131592023,88.53624131944444,0.004234535943334063,0.999999328539812
bg_3_so4_a2_SRF,174,0.9995756674373927,0.3602479486075776,88.8816550925926,0.00439265741429557,0.9999991560665437
bg_3_so4_a2_SRF,175,0.9993581473414804,0.41796957199345697,88.63389756944444,0.004340098864604538,0.99999921923653
bg_3_so4_a2_SRF,176,0.996591031765183,0.4094041148895874,88.56698495370371,0.004442814250978196,0.9999992814460338
bg_3_so4_a2_SRF,177,0.9971076689334604,0.4094041148895874,88.63570601851852,0.004398885401173612,0.9999993364984942
bg_3_so4_a2_SRF,178,0.9973802014431988,0.31868102277641686,88.53624131944444,0.004266693144549583,0.9999994319345258
bg_3_so4_a2_SRF,179,0.9991978655454176,0.2739550619045159,88.86899594907408,0.004409807822768357,0.9999993601318089
bg_3_so4_a2_SRF,180,0.9985895411453448,0.31507115496989735,88.73336226851852,0.004313006528382582,0.9999993239268958
bg_3_so4_a2_SRF,181,0.9986176603757335,0.4266377590792184,88.67730034722221,0.004180409058678272,0.9999994347225296
bg_3_so4_a2_SRF,182,0.997695464013004,0.3843393888194664,88.96665219907408,0.004286109568008857,0.9999994097456801
bg_3_so4_a2_SRF,183,0.997182296774274,0.43100983116137837,88.90697337962963,0.004409885164002251,0.9999992882805482
bg_3_so4_a2_SRF,184,0.9981934257374991,0.2905934412133473,88.61219618055556,0.004473065298843336,0.9999993610361679
bg_3_so4_a2_SRF,185,0.9972840225980377,0.2872095352685483,88.70985243055556,0.004261650166441659,0.9999991878206368
bg_3_so4_a2_SRF,186,0.9995232089457553,0.33340288005411134,88.55794270833334,0.0044673549721911485,0.9999991629517991
bg_3_so4_a2_SRF,187,0.9991480296542116,0.4266377590792184,87.42042824074075,0.00438947533233113,0.9999993968106041
bg_3_so4_a2_SRF,188,0.9990603254783094,0.41796957199345697,87.64105902777779,0.004255154937376084,0.9999990936326674
bg_3_so4_a2_SRF,189,0.998717453967613,0.4051604174022395,88.28667534722221,0.00444219556169886,0.9999992021633596
bg_3_so4_a2_SRF,190,0.9991068728713486,0.43540691075941906,88.41869212962963,0.00436994111400421,0.9999994105171125
bg_3_so4_a2_SRF,191,0.9996701752507695,0.41796957199345497,87.96477141203704,0.0042502414984364,0.9999992156121065
bg_3_so4_a2_SRF,192,0.9995293996119414,0.3296801020063278,88.48560474537037,0.004430761128806024,0.9999994354293664
bg_3_so4_a2_SRF,193,0.9990241221042219,0.3884500589103038,88.28667534722221,0.004191000981850887,0.9999994172625252
bg_3_so4_a2_SRF,194,0.9971576053346549,0.400942991519327,88.29210069444444,0.0042267031795876885,0.9999991662465305
bg_3_so4_a2_SRF,195,0.9979504393849014,0.4094041148895874,88.30475983796296,0.004270597666999077,0.9999992525472522
bg_3_so4_a2_SRF,196,0.9985054448698123,1.0,88.427734375,0.004213488100131731,0.9999991838909293
bg_3_so4_a2_SRF,197,0.9982375313618419,0.9936285109948717,88.59772858796296,0.004334171239344818,0.9999994016572332
bg_3_so4_a2_SRF,198,0.9994865719193143,0.4266377590792184,88.25774016203704,0.004330853945992064,0.9999992036577939
bg_3_so4_a2_SRF,199,0.998887274581594,0.9999973599005177,88.26859085648148,0.004358170170841991,0.9999992517318118
bg_3_so4_a2_SRF,200,0.9996868295717675,0.7334070180715013,88.19986979166666,0.004229068642595584,0.9999995001396539
bg_3_so4_a2_SRF,201,0.9997688909728093,0.3967520134409921,88.56517650462963,0.004357192646205432,0.9999994646262241
bg_3_so4_a2_SRF,202,0.9974323484108932,0.41367389824177603,88.48741319444444,0.004354422101986083,0.9999993820201726
bg_3_so4_a2_SRF,203,0.9989707747057138,0.42229093076604785,88.49645543981481,0.004220176369598043,0.9999993043554166
bg_3_so4_a2_SRF,204,0.9989235585091784,0.4051604174022395,88.45486111111111,0.004335100077522448,0.9999993447179143
bg_3_so4_a2_SRF,205,0.9990113334450933,0.9894589588557939,88.29210069444444,0.004229665879120282,0.9999993987390274
bg_3_so4_a2_SRF,206,0.997491953785573,0.999999999987578,88.74602141203704,0.004473610256643957,0.999999439959014
bg_3_so4_a2_SRF,207,0.9980314556144962,0.9999999887127299,88.98292824074075,0.004376977018870819,0.9999994217492068
bg_3_so4_a2_SRF,208,0.9985393082634652,0.4222909307660543,88.671875,0.004212315721922421,0.9999994190034289
bg_3_so4_a2_SRF,209,0.9982466293074619,0.41796957199345497,88.44943576388889,0.0043260770047304185,0.9999993567357299
bg_3_so4_a2_SRF,210,0.9989977759783005,0.4051604174022364,88.00636574074075,0.004497599574785962,0.9999992774054806
bg_3_so4_a2_SRF,211,0.9986940941674954,0.41367389824177603,88.57060185185185,0.004283992101631276,0.9999993048935225
bg_3_so4_a2_SRF,212,0.9974411959558661,0.4310098311613767,87.77669270833334,0.004352481126666565,0.9999994312986417
bg_3_so4_a2_SRF,213,0.9990328673896742,0.41796957199345697,88.17093460648148,0.004421228414851372,0.9999994148720545
bg_3_so4_a2_SRF,214,0.9984626460967433,0.41796957199345697,88.33369502314815,0.004447969965068483,0.999999285647539
bg_3_so4_a2_SRF,215,0.9977480124787947,0.4266377590792184,88.40422453703704,0.004342530720556249,0.9999994038212408
bg_3_so4_a2_SRF,216,0.9992585082262991,0.4310098311613798,88.28667534722221,0.004453173930795875,0.9999991960218002
bg_3_so4_a2_SRF,217,0.9970870684543334,0.3447399845281137,88.65198206018519,0.004214867474186386,0.9999991483811045
bg_3_so4_a2_SRF,218,0.9958090488680792,0.32598551532810305,88.85995370370371,0.004284542222492327,0.9999991912758495
bg_3_so4_a2_SRF,219,0.999439721081539,0.4094041148895874,88.55432581018519,0.004267131313783567,0.9999991057338045
bg_3_so4_a2_SRF,220,0.9990497347252286,0.9999549737204012,88.85452835648148,0.004356630788833919,0.9999993008914504
bg_3_so4_a2_SRF,221,0.9980485932828601,0.9999999998912957,88.82921006944444,0.00431612489654814,0.9999994577176415
bg_3_so4_a2_SRF,222,0.996618345453474,0.3223191482362644,88.63570601851852,0.004391104395377085,0.9999994074154337
bg_3_so4_a2_SRF,223,0.9991461416397956,0.34093286563698777,88.48560474537037,0.004194948224780729,0.9999994425989465
bg_3_so4_a2_SRF,224,0.9988779647407254,0.3371538149340755,88.49283854166666,0.0042872390018325185,0.9999991673685054
bg_3_so4_a2_SRF,225,0.9982387371566286,0.38025577961918167,88.65921585648148,0.004456356479241543,0.9999993974023071
bg_3_so4_a2_SRF,226,0.9988631871410888,0.31507115496989735,88.6574074074074,0.004300138869645322,0.9999995092094779
bg_3_so4_a2_SRF,227,0.998615716354551,0.35632917131590836,88.22157118055556,0.0043952664508392775,0.999999477448111
bg_3_so4_a2_SRF,228,0.9994432813887074,0.41796957199345697,88.45847800925925,0.00436535630244809,0.9999993253643901
bg_3_so4_a2_SRF,229,0.9992693395421512,0.35243820227213896,88.54890046296296,0.004237971143322064,0.9999994304816807
bg_3_so4_a2_SRF,230,0.997185686239336,0.372170260439011,88.48922164351852,0.004310781794738378,0.9999992230520511
bg_3_so4_a2_SRF,231,0.9982143471950132,0.3223191482362644,88.50368923611111,0.004409335181633467,0.9999993539976199
bg_3_so4_a2_SRF,232,0.998228396995162,0.4266377590792184,87.88339120370371,0.004349441166430743,0.9999992913084846
bg_3_so4_a2_SRF,233,0.998691983360637,0.3602479486075837,88.34816261574075,0.004189751015066099,0.9999993371904801
bg_3_so4_a2_SRF,234,0.9992914856156394,0.3079362271478385,88.64655671296296,0.004328962475741692,0.9999992633380589
bg_3_so4_a2_SRF,235,0.997072120135631,0.3223191482362644,88.51273148148148,0.004282286240534916,0.9999993584670382
bg_3_so4_a2_SRF,236,0.9991977676000788,0.400942991519327,88.44401041666666,0.004231188623477728,0.9999992213894721
bg_3_so4_a2_SRF,237,0.9981449896383291,0.3602479486075896,88.38794849537037,0.004278559625488428,0.9999994022957515
bg_3_so4_a2_SRF,238,0.9991127369434007,0.3223191482362757,88.70261863425925,0.004470035818010754,0.9999994631142284
bg_3_so4_a2_SRF,239,0.998299956870475,0.43540691075941906,88.65017361111111,0.0042673874979668285,0.9999994121462027
bg_3_so4_a2_SRF,240,0.9984121486989933,0.34093286563698777,88.525390625,0.0041932284416637804,0.9999993439481465
bg_3_so4_a2_SRF,241,0.9984076831489055,0.3150711549699029,88.53804976851852,0.004259372353691138,0.9999992476877716
bg_3_so4_a2_SRF,242,0.9973706966792266,0.3044111703462461,88.57241030092592,0.004396920871489869,0.9999994116976169
bg_3_so4_a2_SRF,243,0.9968620912781767,0.34093286563698777,88.19625289351852,0.004372919174868385,0.9999993190633726
bg_3_so4_a2_SRF,244,0.9997160692964681,0.42229093076604785,87.93041087962963,0.004426417497658412,0.9999992536983857
bg_3_so4_a2_SRF,245,0.9986866062601588,0.41796957199345697,88.27039930555556,0.004320673271627258,0.9999991593486377
bg_3_so4_a2_SRF,246,0.998218684435036,0.43100983116138325,88.50007233796296,0.004426401074390718,0.9999994126245578
bg_3_so4_a2_SRF,247,0.9984418548054182,0.41367389824177936,88.65559895833334,0.0043772447268811574,0.999999255529957
bg_3_so4_a2_SRF,248,0.9984232838264044,0.8446139482287739,88.5398582175926,0.004116549061801151,0.9999993548742078
bg_3_so4_a2_SRF,249,0.9973562797836583,0.4094041148895874,87.91775173611111,0.004364357593068681,0.9999994114099814
bg_3_so4_a2_SRF,250,0.9988174034200663,0.6580050842503211,88.40784143518519,0.004401672476903017,0.9999991887921561
bg_3_so4_a2_SRF,251,0.9956110923636924,0.41367389824177603,88.60496238425925,0.004393574643277917,0.9999993904719774
bg_3_so4_a2_SRF,252,0.9990738586238866,0.37217026043901724,88.81112557870371,0.004522824917253694,0.9999994351608026
bg_3_so4_a2_SRF,253,0.9985249943025574,0.3223191482362644,88.67368344907408,0.004149179430641735,0.9999993459528036
bg_3_so4_a2_SRF,254,0.9991049922788859,0.3447399845281137,88.5398582175926,0.004441473756567741,0.9999991974132808
bg_3_so4_a2_SRF,255,0.9963208995223157,0.30091437790451203,88.82378472222221,0.00434436423879018,0.9999995513911467
bg_3_so4_a2_SRF,256,0.9987788034856603,0.42663775907921797,88.32826967592592,0.004205633980296513,0.9999993687648014
bg_3_so4_a2_SRF,257,0.9970870314753949,0.3150711549699029,88.81655092592592,0.004359903034695812,0.9999993644432346
bg_3_so4_a2_SRF,258,0.9992883554455909,0.3447399845281137,88.84548611111111,0.0042672715452707665,0.9999994161733629
bg_3_so4_a2_SRF,259,0.9973424041642671,0.4310098311613767,88.68995949074075,0.004357949661832465,0.9999993332011115
bg_3_so4_a2_SRF,260,0.9989034299050966,0.42229093076605095,88.64293981481481,0.004204133950436529,0.9999993382715923
bg_3_so4_a2_SRF,261,0.9984767960104752,0.36816858778094674,88.40784143518519,0.004350911578182346,0.9999993902874096
bg_3_so4_a2_SRF,262,0.9991554500715548,0.4266377590792184,88.37890625,0.004397790887140576,0.9999995110632216
bg_3_so4_a2_SRF,263,0.9981207611795422,0.35243820227214506,88.27039930555556,0.00421591977759653,0.9999995141855166
bg_3_so4_a2_SRF,264,0.9963979252659247,0.4136738982417727,88.13657407407408,0.004252493049290015,0.9999994915172463
bg_3_so4_a2_SRF,265,0.9995003206276084,0.4094041148895874,88.11125578703704,0.004418990475762896,0.9999992540460402
bg_3_so4_a2_SRF,266,0.99962782749415,0.4310098311613767,87.2413917824074,0.004359448288747466,0.9999993456476842
bg_3_so4_a2_SRF,267,0.9987141406404874,0.33715381493408136,87.96838831018519,0.004408659979233737,0.999999266142243
bg_3_so4_a2_SRF,268,0.9991947957784267,0.37217026043902335,88.13114872685185,0.00433099603228436,0.999999343864607
bg_3_so4_a2_SRF,269,0.9994073623655102,0.42229093076604785,87.94487847222221,0.004254613568719391,0.9999993217799902
bg_3_so4_a2_SRF,270,0.9986026846038503,0.42229093076605095,88.04434317129629,0.004398332309834092,0.9999994656789121
bg_3_so4_a2_SRF,271,0.9994177001696498,0.3884500589103068,87.42585358796296,0.0041312272828557366,0.9999994302287348
bg_3_so4_a2_SRF,272,0.9984088559470115,0.3967520134409921,87.89243344907408,0.004184751116546934,0.9999993299233146
bg_3_so4_a2_SRF,273,0.9991746709541519,0.3485751171915108,88.64293981481481,0.004341337702275348,0.9999993933631668
bg_3_so4_a2_SRF,274,0.9976842174034954,0.35243820227213896,88.21433738425925,0.004254679347953181,0.9999993293010309
bg_3_so4_a2_SRF,275,0.9991826165694839,0.3967520134409921,88.47837094907408,0.004396479170654489,0.9999993602063602
bg_3_so4_a2_SRF,276,0.9989915538201088,0.36816858778094674,88.41688368055556,0.004359570311135599,0.9999993362292261
bg_3_so4_a2_SRF,277,0.9980961753911288,0.37619936255947106,88.45124421296296,0.004286838479343722,0.9999993027810362
bg_3_so4_a2_SRF,278,0.997383062893874,0.35243820227214506,88.48560474537037,0.004226894787126663,0.9999993497086237
bg_3_so4_a2_SRF,279,0.9983166517203302,0.3371538149340755,88.12934027777779,0.004350994315330161,0.9999993202096304
bg_3_so4_a2_SRF,280,0.9979163263953165,0.348575117191505,88.0714699074074,0.004271205239558338,0.9999992735406347
bg_3_so4_a2_SRF,281,0.9983051047934156,0.38025577961918167,87.87254050925925,0.004389492214398664,0.9999993320208693
bg_3_so4_a2_SRF,282,0.9979893143527647,0.3884500589103068,88.28486689814815,0.00436475564264855,0.9999993693636345
bg_3_so4_a2_SRF,283,0.9984121183441536,0.37217026043901724,87.81105324074075,0.004426865570641685,0.9999993480167766
bg_3_so4_a2_SRF,284,0.998594865231002,0.400942991519327,87.95572916666666,0.004357500874901637,0.9999993391173491
bg_3_so4_a2_SRF,285,0.9985709777639098,0.43540691075941906,88.59049479166666,0.004231177668575798,0.9999994132012331
bg_3_so4_a2_SRF,286,0.998806185043081,0.9999998917758716,88.1980613425926,0.00442000325800099,0.9999993966324958
bg_3_so4_a2_SRF,287,0.9987512780387555,0.999999495093583,88.60677083333334,0.004274788344699516,0.999999417119892
bg_3_so4_a2_SRF,288,0.9972996211958173,0.37217026043902335,88.5109230324074,0.003950378809898128,0.9999994635641442
bg_3_so4_a2_SRF,289,0.9981429578317574,0.400942991519327,88.69719328703704,0.004329062598390437,0.9999994091795179
bg_3_so4_a2_SRF,290,0.9992327070615891,0.3967520134410051,88.55251736111111,0.00435745801644673,0.999999369571082
bg_3_so4_a2_SRF,291,0.9979142679018642,0.4094041148895874,88.44943576388889,0.004491550801282417,0.9999993485979058
bg_3_so4_a2_SRF,292,0.9991444731554562,0.38025577961918167,88.72251157407408,0.00437798518215088,0.9999992897088176
bg_3_so4_a2_SRF,293,0.9983474306146254,0.3641944510065913,88.70804398148148,0.00435294670310614,0.9999993407164365
bg_3_so4_a2_SRF,294,0.997921147085259,0.3843393888194664,88.63570601851852,0.004418450324393371,0.9999993097042944
bg_3_so4_a2_SRF,295,0.9987341090533977,0.37217026043902335,88.14742476851852,0.004269212852829571,0.9999993392773399
bg_3_so4_a2_SRF,296,0.9989550536527633,0.400942991519327,89.10951967592592,0.004354339907177425,0.9999993314244814
bg_3_so4_a2_SRF,297,0.9992326878080379,0.3843393888194664,89.11313657407408,0.0045076348777773985,0.9999993222049889
bg_3_so4_a2_SRF,298,0.9979639840020238,0.3884500589103006,88.77495659722221,0.004418450324393371,0.9999992896481286
bg_3_so4_a2_SRF,299,0.9986294952947822,0.38025577961918167,88.53262442129629,0.004355451150486677,0.999999356832635
bg_3_so4_a2_SRF,300,0.9983148359354769,0.3843393888194727,88.86899594907408,0.004291575512390873,0.9999993639066771
bg_3_so4_a2_SRF,301,0.9986881130325896,0.400942991519327,88.67368344907408,0.004337215957248274,0.9999993459077411
bg_3_so4_a2_SRF,302,0.9972767464697558,0.40516041740224296,88.37348090277779,0.004385297412145524,0.9999992597232314
bg_3_so4_a2_SRF,303,0.9986629253987033,0.400942991519327,88.44762731481481,0.004373697584060445,0.9999993457595914
bg_3_so4_a2_SRF,304,0.9982694765801224,0.40516041740222986,88.27763310185185,0.004236807491025633,0.9999992974111366
bg_3_so4_a2_SRF,305,0.997660830575986,0.3925876500129777,88.7839988425926,0.004428989861305639,0.9999992289398266
bg_3_so4_a2_SRF,306,0.9982230914695001,0.4051604174022364,88.39879918981481,0.004337756239839528,0.9999991965820182
bg_3_so4_a2_SRF,307,0.9981428935465438,0.40516041740224296,87.92136863425925,0.004392010425975224,0.9999993720775977
bg_3_so4_a2_SRF,308,0.9987445361245958,0.400942991519327,88.34997106481481,0.004260077363744083,0.9999993671265187
bg_3_so4_a2_SRF,309,0.9982655009471411,0.41796957199345697,88.6574074074074,0.004227670261748407,0.9999993588060105
bg_3_so4_a2_SRF,310,0.9982363703536045,0.3967520134409921,88.33912037037037,0.004421159668655051,0.9999991630680473
bg_3_so4_a2_SRF,311,0.9988691184493436,0.3843393888194664,88.85995370370371,0.00427684645478475,0.999999252123832
bg_3_so4_a2_SRF,312,0.9993647942571189,0.3925876500129858,88.31922743055556,0.0043118527683116605,0.9999992211615507
bg_3_so4_a2_SRF,313,0.9985532796875873,0.38845005891029427,88.7839988425926,0.004342307615000567,0.9999992093209042
bg_3_so4_a2_SRF,314,0.999106998554771,0.42663775907921186,88.70804398148148,0.004512927387590741,0.9999993120706998
bg_3_so4_a2_SRF,315,0.9980310656674636,0.4094041148895806,89.08962673611111,0.004305655640953199,0.9999993879422509
bg_3_so4_a2_SRF,316,0.9984547848626446,0.3884500589103068,88.93590856481481,0.0042664139973691345,0.9999992471887582
bg_3_so4_a2_SRF,317,0.9981783922162079,0.40516041740224296,89.306640625,0.004356462877312463,0.9999994021303051
bg_3_so4_a2_SRF,318,0.9987738575909645,0.4222909307660543,89.23972800925925,0.004320636543576058,0.9999993833250723
bg_3_so4_a2_SRF,319,0.9987679477698063,0.19849511775059103,89.25600405092592,0.0042661623071542235,0.9999993826627251
bg_3_so4_a2_SRF,320,0.9980207226915808,0.41796957199345697,89.111328125,0.004436139977024819,0.9999993391769881
bg_3_so4_a2_SRF,321,0.9991291891530788,0.41796957199345697,89.0625,0.00428888337230977,0.99999920240716
bg_3_so4_a2_SRF,322,0.9987484107373976,0.40516041740224296,89.57067418981481,0.004444376929007767,0.9999993173087636
bg_3_so4_a2_SRF,323,0.9987199644668758,0.9999158496601825,89.43684895833334,0.004332469169043918,0.9999992360007556
bg_3_so4_a2_SRF,324,0.9987367869562747,0.9999917142153983,89.28132233796296,0.004253110851097634,0.9999993246670666
bg_3_so4_a2_SRF,325,0.9984320351825939,0.42229093076604096,88.37528935185185,0.004388229149144272,0.9999993739346961
bg_3_so4_a2_SRF,326,0.9976428896535298,0.4354069107594173,89.35908564814815,0.00432630777589336,0.9999993152908403
bg_3_so4_a2_SRF,327,0.997131023990924,0.43100983116137903,89.70088252314815,0.004500830139612318,0.999999282362252
bg_3_so4_a2_SRF,328,0.9985530610499798,0.43100983116137903,89.8292824074074,0.0042484155381328536,0.9999991703063981
bg_3_so4_a2_SRF,329,0.9986240979139344,0.25491145223068934,89.78407118055556,0.004123189759564238,0.9999992206684706
bg_3_so4_a2_SRF,330,0.9990374066757215,0.4310098311613798,89.3699363425926,0.0044682968926379124,0.9999991352433601
bg_3_so4_a2_SRF,331,0.999125256871894,0.43540691075941906,89.47301793981481,0.004286954922106774,0.9999991829087581
bg_3_so4_a2_SRF,332,0.9988584489140698,0.4222909307660543,89.35727719907408,0.00416173993359791,0.9999992106661612
bg_3_so4_a2_SRF,333,0.9989878575171639,0.4222909307660543,88.64293981481481,0.004396385476487508,0.9999992520678057
bg_3_so4_a2_SRF,334,0.9988758355730399,0.4222909307660543,89.16377314814815,0.004296153732614658,0.9999992640036115
bg_3_so4_a2_SRF,335,0.9989646811756088,0.41796957199345697,89.02452256944444,0.004416154674534005,0.9999993179290818
bg_3_so4_a2_SRF,336,0.9975336196625494,0.5476220884904982,89.36270254629629,0.0044470075691586215,0.9999993041251782
bg_3_so4_a2_SRF,337,0.9985504659839588,0.400942991519327,89.65386284722221,0.0042735276254606555,0.9999993196609852
bg_3_so4_a2_SRF,338,0.9988545063682508,0.8230297369435409,89.72620081018519,0.004288715533365117,0.9999992654392663
bg_3_so4_a2_SRF,339,0.9980421967056634,0.4051604174022395,89.84917534722221,0.004320505054976412,0.9999993212250369
bg_3_so4_a2_SRF,340,0.9986004711872055,0.42229093076604096,89.36451099537037,0.004414834977977614,0.9999994121429043
bg_3_so4_a2_SRF,341,0.9986768227069787,0.28052614853287816,88.71889467592592,0.004314190136228623,0.9999993249513125
bg_3_so4_a2_SRF,342,0.9978847210990397,0.3967520134409921,88.01902488425925,0.004510934111280111,0.9999993179566288
bg_3_so4_a2_SRF,343,0.9990463601702608,0.42663775907921186,88.22337962962963,0.004383622827653208,0.9999993706689956
bg_3_so4_a2_SRF,344,0.9991984021296081,0.40516041740224296,89.32472511574075,0.004309755442902071,0.9999993698348976
bg_3_so4_a2_SRF,345,0.9991356711807425,0.40516041740224296,89.04984085648148,0.004384929102256547,0.9999992991213593
bg_3_so4_a2_SRF,346,0.9978907679354271,0.3884500589103038,89.02090567129629,0.004406303454853678,0.9999992211498381
bg_3_so4_a2_SRF,347,0.9989382428853444,0.4136738982417727,88.4910300925926,0.004333308745199567,0.9999992179031537
bg_3_so4_a2_SRF,348,0.9990127397196925,0.4310098311613767,88.33731192129629,0.004432532390003728,0.9999992322409886
bg_3_so4_a2_SRF,349,0.9994707560078027,0.4266377590792184,88.41507523148148,0.004358320468753998,0.9999992805479797
bg_3_so4_a2_SRF,350,0.9990833190911528,0.9999999999943466,88.74782986111111,0.004445220257532351,0.9999992964788694
bg_3_so4_a2_SRF,351,0.9992997180706572,0.4398287509476889,88.91782407407408,0.004355158332024171,0.9999993734577756
bg_3_so4_a2_SRF,352,0.9990183990570373,0.35632917131592023,88.87622974537037,0.0042888744030309895,0.9999992992015899
bg_3_so4_a2_SRF,353,0.9991078876244701,0.38433938881945373,88.6863425925926,0.004374835349605347,0.9999992954466673
bg_3_so4_a2_SRF,354,0.9990241159981721,0.35632917131592023,88.91782407407408,0.004326965473120861,0.9999993757802292
bg_3_so4_a2_SRF,355,0.9990124096450504,0.4398287509476889,88.48560474537037,0.004408659979233737,0.9999992505569735
bg_3_so4_a2_SRF,356,0.99886089044966,0.3079362271478385,89.04079861111111,0.004383622827653208,0.9999992400818576
bg_3_so4_a2_SRF,357,0.9991229532278743,0.3334028800541171,88.24146412037037,0.004340407691006791,0.9999992847794427
bg_3_so4_a2_SRF,358,0.9975858960265834,0.4266377590792251,88.83825231481481,0.004242426482334037,0.9999994436599186
bg_3_so4_a2_SRF,359,0.9989545869061321,0.3641944510065791,88.81112557870371,0.004360775132527385,0.9999992698690887
bg_3_so4_a2_SRF,360,0.9990784526611339,0.3967520134410051,88.61400462962963,0.004317560320139679,0.9999993351199935
bg_3_so4_a2_SRF,361,0.9990373275390525,0.3409328656369761,88.78580729166666,0.004253379503705296,0.9999991689444508
bg_3_so4_a2_SRF,362,0.9992771976572834,0.4354069107594182,88.65559895833334,0.004435183696123594,0.9999991390899856
bg_3_so4_a2_SRF,363,0.9990427725351839,0.9710296241390252,88.44762731481481,0.004400534772694381,0.9999992086102276
bg_3_so4_a2_SRF,364,0.9991463785346346,0.3409328656369761,88.52719907407408,0.00421361511111948,0.9999991978444333
bg_3_so4_a2_SRF,365,0.9990345555273478,0.3223191482362757,88.90878182870371,0.004267350658265946,0.9999991530187768
bg_3_so4_a2_SRF,366,0.9987552342632916,0.2974458378511263,88.87080439814815,0.004306631750380734,0.9999992073692588
bg_3_so4_a2_SRF,367,0.9993161194482435,0.2643081409467072,89.08420138888889,0.004398995521685161,0.9999991916829205
bg_3_so4_a2_SRF,368,0.9990240894416013,0.41796957199345697,89.48929398148148,0.004448814072690673,0.999999132681212
bg_3_so4_a2_SRF,369,0.9986435151285483,0.4136738982417727,88.9793113425926,0.004324369601134432,0.9999991901468006
bg_3_so4_a2_SRF,370,0.9992830918563071,0.41796957199345697,88.85995370370371,0.004311986639846327,0.9999992128468617
bg_3_so4_a2_SRF,371,0.9989633897753992,0.4051604174022395,89.04441550925925,0.004472384100753553,0.9999991948369649
bg_3_so4_a2_SRF,372,0.9977965075747992,0.4398287509476898,88.84367766203704,0.004368222279169711,0.9999992845683804
bg_3_so4_a2_SRF,373,0.9983481257766955,0.43100983116137903,88.91059027777779,0.004421434653383374,0.9999993972100971
bg_3_so4_a2_SRF,374,0.9974323962240305,0.400942991519327,89.02271412037037,0.004355544837284,0.9999992597875423
bg_3_so4_a2_SRF,375,0.9983554688587812,0.4136738982417727,88.94495081018519,0.004119193629754462,0.9999993550628531
bg_3_so4_a2_SRF,376,0.9988220783564042,0.40516041740224296,88.73155381944444,0.004348568036355764,0.9999993280448489
bg_3_so4_a2_SRF,377,0.9974100326055063,0.2549114522306988,88.78038194444444,0.0044210190795573355,0.9999992734164996
bg_3_so4_a2_SRF,378,0.9988511648388322,0.43100983116137903,88.86899594907408,0.004425628151668429,0.9999991356479153
bg_3_so4_a2_SRF,379,0.9990184322831956,0.4398287509476889,89.23430266203704,0.0042412242215342615,0.99999924459929
bg_3_so4_a2_SRF,380,0.999172894471392,0.3150711549698808,88.86899594907408,0.0043731725074266726,0.9999990987508829
bg_3_so4_a2_SRF,381,0.998135477641393,0.2940055330262662,88.70804398148148,0.004375097582899629,0.9999991997091704
bg_3_so4_a2_SRF,382,0.998604790791243,0.30091437790451203,88.93229166666666,0.00445664816538414,0.9999992550315504
bg_3_so4_a2_SRF,383,0.9988479582764765,0.3447399845281137,88.75868055555556,0.004393574643277917,0.99999920107875
bg_3_so4_a2_SRF,384,0.9987138947878489,0.3884500589103068,88.77676504629629,0.004256009933044446,0.9999992831109081
bg_3_so4_a2_SRF,385,0.999013699446336,0.32968010200635045,88.67910879629629,0.004322230033689125,0.9999992476457154
bg_3_so4_a2_SRF,386,0.9981024452407943,0.3150711549699029,89.13483796296296,0.0045235122383942596,0.9999992859038445
bg_3_so4_a2_SRF,387,0.9986884304752615,0.3485751171914989,88.82378472222221,0.00436610578142043,0.9999993597115735
bg_3_so4_a2_SRF,388,0.9988367146900605,0.2580159881802352,88.20710358796296,0.004347639223306017,0.9999994032971256
bg_3_so4_a2_SRF,389,0.9976498708985436,0.28720953526855353,88.59592013888889,0.004339055689429714,0.9999993032769349
bg_3_so4_a2_SRF,390,0.9989074149406928,0.38025577961918167,88.59772858796296,0.004450312778221529,0.9999992512377042
bg_3_so4_a2_SRF,391,0.9981010736574111,0.4094041148895806,88.44581886574075,0.004443836805184682,0.9999992127688583
bg_3_so4_a2_SRF,392,0.9990381769495492,0.4094041148895806,88.27220775462963,0.004300632988756919,0.999999315670469
bg_3_so4_a2_SRF,393,0.9988731635174789,0.3641944510066034,87.99913194444444,0.00432931732083008,0.9999993199415057
bg_3_so4_a2_SRF,394,0.9983376506136439,0.3044111703462514,88.82016782407408,0.004344915531803563,0.9999992786386694
bg_3_so4_a2_SRF,395,0.9983523166547125,0.333402880054094,88.82921006944444,0.004283945051792574,0.9999992215650179
bg_3_so4_a2_SRF,396,0.997190391955739,0.2905934412133423,88.80208333333334,0.004321089819752244,0.9999992315197394
bg_3_so4_a2_SRF,397,0.9981434345956035,0.32598551532810305,88.47113715277779,0.00424878897988742,0.9999992803769995
bg_3_so4_a2_SRF,398,0.9991172142581736,0.6984618690522812,89.16919849537037,0.004435053020072459,0.9999992037682653
bg_3_so4_a2_SRF,399,0.9985947301751256,0.9999999887127299,88.97207754629629,0.004266029597716947,0.9999992550682717
bg_3_so4_a2_SRF,400,0.9986714663681999,0.43982875094768925,88.94133391203704,0.004382398078020587,0.9999992175535799
bg_3_so4_a2_SRF,401,0.9987847549200669,0.41796957199344353,88.43315972222221,0.004421022176233924,0.999999182266083
bg_3_so4_a2_SRF,402,0.9994054018772982,0.3641944510066034,88.43315972222221,0.004430216124092583,0.9999992996972332
bg_3_so4_a2_SRF,403,0.9987163060800225,0.8185913474922369,88.82559317129629,0.004427354839557314,0.9999990661491573
bg_3_so4_a2_SRF,404,0.9989596422624725,0.3114895549586454,88.75687210648148,0.0043032532082485885,0.9999993050441733
bg_3_so4_a2_SRF,405,0.9987878941936913,0.31148955495865627,89.32834201388889,0.004392049711817517,0.9999992432459311
bg_3_so4_a2_SRF,406,0.998984080227819,0.32968010200635045,89.16196469907408,0.0042265469693708296,0.9999992084424835
bg_3_so4_a2_SRF,407,0.999079886238382,0.4136738982417727,88.63932291666666,0.004505160438299105,0.9999992680612437
bg_3_so4_a2_SRF,408,0.9985523969258797,0.2940055330262451,89.28855613425925,0.004298210600458062,0.9999991999593357
bg_3_so4_a2_SRF,409,0.9991489630443832,0.2643081409467072,89.07877604166666,0.0041816719817717365,0.99999920313438
bg_3_so4_a2_SRF,410,0.9984177809557647,0.43982875094768925,88.94856770833334,0.004327764104300417,0.999999158847545
bg_3_so4_a2_SRF,411,0.9971866900851012,0.3843393888194664,88.94675925925925,0.004391460423857587,0.9999992543887942
bg_3_so4_a2_SRF,412,0.9990837639965154,0.28052614853287816,88.52900752314815,0.004339668931979369,0.9999992607672944
bg_3_so4_a2_SRF,413,0.9992311146994063,0.2611481944956735,89.25419560185185,0.004388956811406609,0.9999991708644128
bg_3_so4_a2_SRF,414,0.9987424582480205,0.2905934412133423,89.30121527777779,0.004477765540255003,0.999999207680804
bg_3_so4_a2_SRF,415,0.9983203691335311,0.25801598818024485,89.0968605324074,0.004443845398068274,0.9999991561422877
bg_3_so4_a2_SRF,416,0.998538761962378,0.24878509423522566,89.0769675925926,0.004443977310424789,0.9999992342735081
bg_3_so4_a2_SRF,417,0.9988678255315838,0.4094041148895806,89.46035879629629,0.004367807932610349,0.9999993405030659
bg_3_so4_a2_SRF,418,0.9979149825219374,0.3009143779045014,88.46752025462963,0.004403747107295467,0.9999993606427098
bg_3_so4_a2_SRF,419,0.999027332892526,0.2772265899523789,89.40248842592592,0.0043227704164415974,0.9999992078666742
bg_3_so4_a2_SRF,420,0.998414318246685,0.2772265899523586,89.08058449074075,0.004319664985189588,0.9999990735414952
bg_3_so4_a2_SRF,421,0.998648860092593,0.2643081409467072,89.01005497685185,0.00424203385814919,0.9999991557910048
bg_3_so4_a2_SRF,422,0.9988576499474173,0.2772265899523789,88.8527199074074,0.004438139690712609,0.9999990622261395
bg_3_so4_a2_SRF,423,0.9988947193497185,0.3114895549586454,88.99197048611111,0.004377007166176474,0.9999990439259657
bg_3_so4_a2_SRF,424,0.9991425216192811,0.36816858778094674,87.8074363425926,0.004463255956407934,0.9999991542898915
bg_3_so4_a2_SRF,425,0.9988146113413913,0.3447399845281137,88.47294560185185,0.004424940695354137,0.9999992409048444
bg_3_so4_a2_SRF,426,0.9990514240808587,0.40516041740222986,89.36812789351852,0.004396066672826215,0.9999991074986987
bg_3_so4_a2_SRF,427,0.9986752374649275,0.28720953526855353,89.14207175925925,0.004287699426113614,0.9999991267731987
bg_3_so4_a2_SRF,428,0.9988823667725978,0.22820256027577668,88.86537905092592,0.0043950354267601015,0.9999991473661678
bg_3_so4_a2_SRF,429,0.9994395363032339,0.4398287509476906,89.27047164351852,0.004172402080838055,0.9999992343234604
bg_3_so4_a2_SRF,430,0.9988354720153579,0.2940055330262662,89.35004340277779,0.004449482297738925,0.9999992576633852
bg_3_so4_a2_SRF,431,0.9986575587302988,0.2838537832479846,89.3898292824074,0.004298252069480416,0.9999991994873623
bg_3_so4_a2_SRF,432,0.9985429828173996,0.41367389824177603,89.23249421296296,0.004494918877416451,0.9999991492112801
bg_3_so4_a2_SRF,433,0.9983227631363611,0.4136738982417727,88.55794270833334,0.004439821744746004,0.9999990541690759
bg_3_so4_a2_SRF,434,0.9978632194086036,0.4136738982417727,88.96484375,0.004294968384688239,0.9999992788476428
bg_3_so4_a2_SRF,435,0.9985203327030118,0.2310617702689185,89.48929398148148,0.0043312637650224535,0.9999992175058982
bg_3_so4_a2_SRF,436,0.9991498400445663,0.4310098311613767,88.74602141203704,0.00420434230421947,0.9999991890903409
bg_3_so4_a2_SRF,437,0.9986602570087417,0.23686096096652054,89.59780092592592,0.0044344962530056846,0.9999991659233656
bg_3_so4_a2_SRF,438,0.9986249278942777,0.21430621582667253,89.1945167824074,0.004196816806353965,0.9999992743575898
bg_3_so4_a2_SRF,439,0.9986198349528228,0.3843393888194664,89.12037037037037,0.004254972364434481,0.9999991267228774
bg_3_so4_a2_SRF,440,0.9992379233441254,0.41367389824177936,89.10409432870371,0.004473197822727027,0.9999991460713761
bg_3_so4_a2_SRF,441,0.998780012620308,0.4051604174022364,88.916015625,0.004468454808120207,0.9999993134974312
bg_3_so4_a2_SRF,442,0.9978131540153661,0.4136738982417727,88.95760995370371,0.004478215745502399,0.9999993371953537
bg_3_so4_a2_SRF,443,0.9985839885753082,0.42229093076605095,89.07154224537037,0.004397097916756004,0.9999991162209358
bg_3_so4_a2_SRF,444,0.998336262967722,0.40516041740222986,88.53443287037037,0.0043394295443679645,0.999999092962303
bg_3_so4_a2_SRF,445,0.9985321239238221,0.400942991519327,89.26504629629629,0.004330124138488009,0.9999992356789416
bg_3_so4_a2_SRF,446,0.9993227551886149,0.3967520134409921,89.17100694444444,0.0042913101070288645,0.9999992439430662
bg_3_so4_a2_SRF,447,0.9992965172429141,0.41796957199345697,89.07335069444444,0.004484264681055855,0.9999991624551724
bg_3_so4_a2_SRF,448,0.9984519552942742,0.3524382022721422,89.17100694444444,0.004326578421317851,0.9999991896783474
bg_3_so4_a2_SRF,449,0.9968981241829579,0.3967520134409954,89.17824074074075,0.004210735105605121,0.9999990508545249
bg_3_so4_a2_SRF,450,0.9979272944086496,0.400942991519327,89.14930555555556,0.004458555577984351,0.9999991818850309
bg_3_so4_a2_SRF,451,0.9992316912191693,0.3884500589103068,88.77495659722221,0.004467836150709133,0.9999992421270311
bg_3_so4_a2_SRF,452,0.9973888893952063,0.3843393888194727,88.89250578703704,0.004311799702107775,0.9999994107652712
bg_3_so4_a2_SRF,453,0.998184186805492,0.3884500589103006,88.70261863425925,0.004494643933280195,0.9999993509305419
bg_3_so4_a2_SRF,454,0.9982876959500201,0.400942991519327,88.70442708333334,0.004480277890881236,0.9999992147386431
bg_3_so4_a2_SRF,455,0.9979628614206515,0.3967520134409921,88.67730034722221,0.004265501047710584,0.9999992693989653
bg_3_so4_a2_SRF,456,0.9978917294359821,0.400942991519327,88.38975694444444,0.004319906721093577,0.9999991218591523
bg_3_so4_a2_SRF,457,0.999419763987144,0.400942991519327,88.68091724537037,0.00429839849546977,0.9999992352354374
bg_3_so4_a2_SRF,458,0.9990029464236926,0.3843393888194664,88.52719907407408,0.004368013540985686,0.9999993097655567
bg_3_so4_a2_SRF,459,0.9984784911569555,0.37217026043901724,88.68815104166666,0.004161974512313077,0.9999993366213644
bg_3_so4_a2_SRF,460,0.9977624164641706,0.4094041148895806,88.93952546296296,0.004423703271595936,0.9999992412418813
bg_3_so4_a2_SRF,461,0.9990761098601479,0.3884500589103006,88.3933738425926,0.004287528065246713,0.9999991597153935
bg_3_so4_a2_SRF,462,0.998815990760182,0.37619936255946484,88.55794270833334,0.004321612029449485,0.9999992107357513
bg_3_so4_a2_SRF,463,0.9986567216376764,0.39258765001299034,88.50730613425925,0.004327820478217623,0.9999992107035407
bg_3_so4_a2_SRF,464,0.9979886029887574,0.37619936255945885,88.71527777777779,0.004289161023001307,0.999999192233353
bg_3_so4_a2_SRF,465,0.998070218813305,0.3641944510065973,88.82016782407408,0.0043506210689223425,0.9999992540754769
bg_3_so4_a2_SRF,466,0.9981867417477194,0.43100983116137837,88.92867476851852,0.004274369630678432,0.9999992958582687
bg_3_so4_a2_SRF,467,0.9988390083780764,0.4094041148895874,88.83463541666666,0.004333972202367003,0.9999992805118363
bg_3_so4_a2_SRF,468,0.9988911873107327,0.37619936255947106,89.11494502314815,0.004178238015544388,0.999999258977275
bg_3_so4_a2_SRF,469,0.9987987994895761,0.3884500589103068,88.43677662037037,0.004480490297562581,0.9999993409581311
bg_3_so4_a2_SRF,470,0.9982156966748311,0.400942991519327,88.80027488425925,0.0042548063698972845,0.9999993520574573
bg_3_so4_a2_SRF,471,0.9989216066800588,0.3884500589103068,87.97923900462963,0.004390429168249145,0.9999993741744011
bg_3_so4_a2_SRF,472,0.9977308151323538,0.3884500589103006,88.22880497685185,0.00437454756209556,0.999999349141415
bg_3_so4_a2_SRF,473,0.9982716620663871,0.3843393888194664,88.53624131944444,0.004308392598768159,0.9999993049699475
bg_3_so4_a2_SRF,474,0.9980928394294621,0.3641944510065973,88.3933738425926,0.004248101381554496,0.9999992807777119
bg_3_so4_a2_SRF,475,0.998604563186143,0.3602479486075837,88.54528356481481,0.004321366364988637,0.9999991463268456
bg_3_so4_a2_SRF,476,0.9977649015000432,0.3186810227764112,88.63932291666666,0.00432919529102642,0.9999991301831708
bg_3_so4_a2_SRF,477,0.9982316513326336,0.3223191482362644,88.53081597222221,0.004504610561188956,0.9999993139924201
bg_3_so4_a2_SRF,478,0.9979666855112612,0.3485751171914989,88.63028067129629,0.004220209838541729,0.9999993381272283
bg_3_so4_a2_SRF,479,0.9987386521231584,0.400942991519327,88.3933738425926,0.004400989372356219,0.9999991479131539
bg_3_so4_a2_SRF,480,0.9991659548722186,0.32598551532810305,88.59772858796296,0.004288259079192287,0.999999160947102
bg_3_so4_a2_SRF,481,0.9993563762520347,0.33340288005411134,88.62123842592592,0.004290743430241833,0.999999255022193
bg_3_so4_a2_SRF,482,0.9987169400724945,0.3602479486075837,88.31922743055556,0.004245089664658285,0.9999994161813645
bg_3_so4_a2_SRF,483,0.9972235747826879,0.38025577961918466,88.21252893518519,0.004394885650368067,0.999999350198367
bg_3_so4_a2_SRF,484,0.9983666879679962,0.43540691075941573,87.76222511574075,0.0044723159808933025,0.9999993140805656
bg_3_so4_a2_SRF,485,0.998320146322901,0.37217026043902335,88.67730034722221,0.004267489399581387,0.9999992252944834
bg_3_so4_a2_SRF,486,0.9992663334233909,0.380255779619188,88.31380208333334,0.004282325136862168,0.999999288246073
bg_3_so4_a2_SRF,487,0.9984705700234212,0.33715381493407837,88.34635416666666,0.00429099779795185,0.9999992957701261
bg_3_so4_a2_SRF,488,0.9982553927879714,0.4310098311613798,88.38794849537037,0.004399985388394228,0.9999993502645401
bg_3_so4_a2_SRF,489,0.9977789094376026,0.3967520134409921,88.25954861111111,0.004278030426790362,0.9999990705555692
bg_3_so4_a2_SRF,490,0.9976577168276268,0.35243820227213896,88.44762731481481,0.0043200447956993505,0.9999992730765045
bg_3_so4_a2_SRF,491,0.9970726152937308,0.4398287509476906,88.32284432870371,0.004350339352014215,0.9999991945525559
bg_3_so4_a2_SRF,492,0.9986686281044772,0.9999638936820525,88.29933449074075,0.004355268707725501,0.9999993890639244
bg_3_so4_a2_SRF,493,0.9995318678993981,0.35632917131592023,88.59772858796296,0.004279897542614055,0.9999994638479149
bg_3_so4_a2_SRF,494,0.9983366771177127,0.3884500589103006,88.38975694444444,0.004260309552465137,0.9999993979513878
bg_3_so4_a2_SRF,495,0.9988745166205936,0.37217026043901724,88.86537905092592,0.0043745676402993155,0.9999993659362043
bg_3_so4_a2_SRF,496,0.9988455720204894,0.41796957199345697,88.62847222222221,0.004250914967818921,0.9999992151007945
bg_3_so4_a2_SRF,497,0.9987202946564558,0.4094041148895874,87.98647280092592,0.004484952055444792,0.9999992810700334
bg_3_so4_a2_SRF,498,0.9997901698719901,0.3641944510066034,88.30656828703704,0.00437905114924174,0.9999993827574589
bg_3_so4_a2_SRF,499,0.9986248554207995,0.37619936255946484,88.06242766203704,0.004299139505730898,0.9999993086489226
bg_3_so4_a2_SRF,500,0.9983947324558254,0.35243820227213896,87.95753761574075,0.0042928298392959936,0.9999992841177333
bg_3_so4_a2_SRF,501,0.9984079389890665,0.4094041148895874,87.76945891203704,0.004398877349456392,0.9999992313125005
bg_3_so4_a2_SRF,502,0.9989367657685876,0.4310098311613767,88.47837094907408,0.004465361513375715,0.999999307048869
bg_3_so4_a2_SRF,503,0.999144343032921,0.400942991519327,87.99732349537037,0.004386346713574107,0.9999993568687519
bg_3_so4_a2_SRF,504,0.9988116648128078,0.4354069107594173,88.1980613425926,0.004364499753669457,0.9999990831412153
bg_3_so4_a2_SRF,505,0.9982341626877689,0.4266377590792184,88.29752604166666,0.004276978007368861,0.9999994423107181
bg_3_so4_a2_SRF,506,0.9992522439211448,0.3967520134409954,87.93402777777779,0.004496224859989675,0.999999355891961
bg_3_so4_a2_SRF,507,0.99870869528997,0.4266377590792184,88.55251736111111,0.0041567902322630825,0.9999993198631097
bg_3_so4_a2_SRF,508,0.9985237887437618,0.3641944510065913,88.32284432870371,0.004368084772126571,0.9999992137708601
bg_3_so4_a2_SRF,509,0.9990021247475558,0.39258765001299034,87.93221932870371,0.004299073155411745,0.9999992408178588
bg_3_so4_a2_SRF,510,0.9987478769392205,0.3641944510065973,88.15827546296296,0.004378315557482861,0.9999992872884594
bg_3_so4_a2_SRF,511,0.9974293932742827,0.400942991519327,88.29029224537037,0.004338492494524954,0.9999993212340492
bg_3_so4_a2_SRF,512,0.9986920275556226,0.42663775907921664,88.623046875,0.004332180865985724,0.9999994115572203
bg_3_so4_a2_SRF,513,0.9993739652846712,0.4398287509476898,88.34635416666666,0.004503648274784479,0.9999994149478587
bg_3_so4_a2_SRF,514,0.998233348483901,0.43100983116137837,88.38794849537037,0.0043781654242772,0.9999993838216424
bg_3_so4_a2_SRF,515,0.9977340977463159,0.28720953526855353,88.51815682870371,0.004137775934038715,0.999999400061418
bg_3_so4_a2_SRF,516,0.9990830125048212,0.22256440237562436,88.45486111111111,0.004271761240322262,0.9999993827929625
bg_3_so4_a2_SRF,517,0.9996986352755286,0.42229093076605095,87.97923900462963,0.004424594511636449,0.999999443067764
bg_3_so4_a2_SRF,518,0.9975016083590152,0.41367389824177603,88.14380787037037,0.00424645914466201,0.9999993484224402
bg_3_so4_a2_SRF,519,0.9993427558726661,0.42229093076605095,88.3445457175926,0.004189583083001329,0.9999993754638848
bg_3_so4_a2_SRF,520,0.9991579784301142,0.4310098311613767,88.25593171296296,0.0042891205073936605,0.999999467830137
bg_3_so4_a2_SRF,521,0.9997555365137837,0.41796957199345697,88.56517650462963,0.004351729215274891,0.9999992962865933
bg_3_so4_a2_SRF,522,0.9992244084788557,0.49943292482026147,88.34092881944444,0.004470379515148561,0.9999991855384966
bg_3_so4_a2_SRF,523,0.9992991598774912,0.4266377590792184,88.00817418981481,0.004404600229461292,0.9999992111589588
bg_3_so4_a2_SRF,524,0.9990067459768195,0.4310098311613798,88.17455150462963,0.004325593276556973,0.999999473573653
bg_3_so4_a2_SRF,525,0.9991967675555579,0.35243820227213896,88.41688368055556,0.004157341022988821,0.9999992909568624
bg_3_so4_a2_SRF,526,0.9991154993649819,0.36816858778094674,88.28305844907408,0.00444043486317532,0.9999994272236202
bg_3_so4_a2_SRF,527,0.9983655764066425,0.3371538149340755,88.51815682870371,0.004484677105803124,0.999999428228131
bg_3_so4_a2_SRF,528,0.9981834625887823,0.34473998452810195,89.17281539351852,0.004138124121669791,0.9999993815886364
bg_3_so4_a2_SRF,529,0.9983189526443174,0.41367389824177936,87.6609519675926,0.004275399374065307,0.999999407908063
bg_3_so4_a2_SRF,530,0.9990993746898904,0.45324020168436663,88.15285011574075,0.0044299959322868865,0.9999993902024822
bg_3_so4_a2_SRF,531,0.9991474007087405,0.41796957199345697,88.59592013888889,0.0044393807612818125,0.9999992875720649
bg_3_so4_a2_SRF,532,0.998954771617705,0.3884500589103038,88.36986400462963,0.004396776267092866,0.9999993841936557
bg_3_so4_a2_SRF,533,0.9974634843702587,0.3223191482362644,88.36805555555556,0.004373259842092924,0.9999994374743002
bg_3_so4_a2_SRF,534,0.9981070114419329,0.41367389824177936,88.54709201388889,0.004325781617485757,0.9999993242009785
bg_3_so4_a2_SRF,535,0.9977027035078471,0.3967520134409954,88.17093460648148,0.004280162954060117,0.9999992588621974
bg_3_so4_a2_SRF,536,0.9981981352334323,0.41796957199345697,88.25412326388889,0.004506328925141195,0.9999992436950823
bg_3_so4_a2_SRF,537,0.998097263723249,0.39675201344099864,87.70797164351852,0.004347506535586018,0.9999991875382074
bg_3_so4_a2_SRF,538,0.9984856040662636,0.4051604174022395,88.37709780092592,0.004331782790358985,0.9999992191677862
bg_3_so4_a2_SRF,539,0.9989993593262977,0.4266377590792184,88.53081597222221,0.004184273861374011,0.9999994757975159
bg_3_so4_a2_SRF,540,0.9987094887321735,0.33340288005411134,88.60496238425925,0.00437612143757519,0.9999994584439656
bg_3_so4_a2_SRF,541,0.9981182429946586,0.4310098311613767,88.42411747685185,0.004317094051064745,0.9999993831560757
bg_3_so4_a2_SRF,542,0.9986042013588763,0.9999999992620247,88.61762152777779,0.004463255956407934,0.9999993008855851
bg_3_so4_a2_SRF,543,0.9978447694816027,0.41367389824177603,89.05345775462963,0.004332736292508236,0.999999379092241
bg_3_so4_a2_SRF,544,0.9979782198294027,0.400942991519327,88.96846064814815,0.004297929932152243,0.999999369018596
bg_3_so4_a2_SRF,545,0.9992857490003427,0.38025577961918466,88.52900752314815,0.00433265066654111,0.9999993594392621
bg_3_so4_a2_SRF,546,0.9986764334311404,0.41796957199345364,88.70442708333334,0.0042917625024473305,0.9999993906703837
bg_3_so4_a2_SRF,547,0.9996876903799189,0.4051604174022395,88.71166087962963,0.00432637761988796,0.999999126652126
bg_3_so4_a2_SRF,548,0.9987785276139348,0.4094041148895874,88.74240451388889,0.004457465628822071,0.99999920984184
bg_3_so4_a2_SRF,549,0.9973774574073409,0.33715381493408714,88.57602719907408,0.004253355683453736,0.9999992469881454
bg_3_so4_a2_SRF,550,0.9994384515381776,0.3447399845281137,88.67730034722221,0.004140736108499829,0.999999288577509
bg_3_so4_a2_SRF,551,0.9963686518071628,0.3641944510065913,88.97207754629629,0.004307698622755884,0.9999993292549307
bg_3_so4_a2_SRF,552,0.9974616307938962,0.43540691075941906,87.9050925925926,0.004173854349357767,0.9999992788620901
bg_3_so4_a2_SRF,553,0.9988271256619881,0.42229093076605095,88.47837094907408,0.004148694894506983,0.9999994167618113
bg_3_so4_a2_SRF,554,0.9983570142936358,0.400942991519327,88.33550347222221,0.00433370681960613,0.9999993775261632
bg_3_so4_a2_SRF,555,0.9991028633595934,0.4051604174022395,87.79116030092592,0.004256226030618285,0.9999993686466059
bg_3_so4_a2_SRF,556,0.9993948653308172,0.4310098311613798,88.52900752314815,0.004228786041921364,0.9999993944754881
bg_3_so4_a2_SRF,557,0.999087092912462,0.41796957199345697,88.00094039351852,0.004407685230881266,0.9999992953491058
bg_3_so4_a2_SRF,558,0.9980691498704172,0.4266377590792184,88.3445457175926,0.004404068578627524,0.9999992852089193
bg_3_so4_a2_SRF,559,0.996821364104856,0.4094041148895874,88.43858506944444,0.004434371769961191,0.9999991921209808
bg_3_so4_a2_SRF,560,0.9989570702336508,0.31868102277641686,88.40784143518519,0.004341102843272117,0.9999994047322311
bg_3_so4_a2_SRF,561,0.9990709752290552,0.392587650012984,88.42411747685185,0.004349032442230792,0.9999993396780167
bg_3_so4_a2_SRF,562,0.9965444829448818,0.41796957199345697,88.55070891203704,0.004346959646637074,0.999999413272142
bg_3_so4_a2_SRF,563,0.999904482086745,0.41796957199345697,88.39156539351852,0.0043620858355459015,0.999999249731496
bg_3_so4_a2_SRF,564,0.9976752399633494,0.4266377590792184,88.0226417824074,0.004124534579494639,0.9999992841006455
bg_3_so4_a2_SRF,565,0.9972337695863756,0.36816858778095285,88.58687789351852,0.004160774494893147,0.9999994166416898
bg_3_so4_a2_SRF,566,0.9977624843852325,0.2674958935528159,88.6574074074074,0.004422298890112031,0.9999994285441576
bg_3_so4_a2_SRF,567,0.9980210928367363,0.41796957199345697,88.63932291666666,0.0043130576108277256,0.9999993914252565
bg_3_so4_a2_SRF,568,0.9986495297428886,0.3150711549699029,88.76410590277779,0.0044181348266177445,0.9999993536802149
bg_3_so4_a2_SRF,569,0.9991978693339408,0.3371538149340755,88.6863425925926,0.00432276318030009,0.9999991356286313
bg_3_so4_a2_SRF,570,0.998935825320063,0.4310098311613767,88.07327835648148,0.004324436535223372,0.9999992702256957
bg_3_so4_a2_SRF,571,0.9991392058892471,0.30793622714784386,88.7839988425926,0.004149532797673456,0.999999386992328
bg_3_so4_a2_SRF,572,0.9969493829901921,0.3079362271478385,88.62485532407408,0.004292447045219616,0.999999344288957
bg_3_so4_a2_SRF,573,0.998051928959908,0.392587650012984,88.34997106481481,0.004336875265357474,0.9999995135850057
bg_3_so4_a2_SRF,574,0.9989600065760511,0.4222909307660543,88.36263020833334,0.004283945051792574,0.9999991052461324
bg_3_so4_a2_SRF,575,0.9975908436172369,0.42229093076604785,88.19444444444444,0.004324531989038988,0.9999994323721293
bg_3_so4_a2_SRF,576,0.9986777730346181,0.2518345132334153,88.44401041666666,0.004463024344597735,0.9999993570617057
bg_3_so4_a2_SRF,577,0.9972364209368713,0.4094041148895874,87.99913194444444,0.004246133078336128,0.9999990699489322
bg_3_so4_a2_SRF,578,0.9979542566669942,0.3967520134409793,88.34635416666666,0.004185810478454872,0.9999994165270825
bg_3_so4_a2_SRF,579,0.9992665062149878,0.40516041740222986,88.09136284722221,0.00428335826597249,0.9999991516082452
bg_3_so4_a2_SRF,580,0.9984331114810687,0.400942991519327,87.60669849537037,0.004080268066773549,0.9999991796684771
bg_3_so4_a2_SRF,581,0.9970992855431228,0.3884500589103068,87.7296730324074,0.004253573468568431,0.9999992621921401
bg_3_so4_a2_SRF,582,0.9986682878535901,0.3925876500129777,88.08774594907408,0.004214985575229609,0.999999345494487
bg_3_so4_a2_SRF,583,0.998114273400113,0.3602479486075776,87.91413483796296,0.00447395085496637,0.9999993395462716
bg_3_so4_a2_SRF,584,0.9993970179074859,0.41367389824177936,88.29029224537037,0.004228591570262358,0.9999993446921496
bg_3_so4_a2_SRF,585,0.9979662220891339,0.3602479486075896,88.13657407407408,0.004341906024748374,0.999999388041741
bg_3_so4_a2_SRF,586,0.9987052548364992,0.3371538149340755,88.21433738425925,0.004392079176197201,0.9999992677666689
bg_3_so4_a2_SRF,587,0.9985205160228464,0.41796957199345697,88.09497974537037,0.004276586751736484,0.999999385963013
bg_3_so4_a2_SRF,588,0.9988050740290403,0.42229093076604785,88.2179542824074,0.00427493893840888,0.9999993788451526
bg_3_so4_a2_SRF,589,0.9983048639992886,0.392587650012984,88.22699652777779,0.0041947898896498295,0.9999990471910261
bg_3_so4_a2_SRF,590,0.9989762970249443,0.4094041148895874,88.14199942129629,0.004309395263029382,0.9999992805992761
bg_3_so4_a2_SRF,591,0.9974881195995435,0.4051604174022395,88.30295138888889,0.004478038016656955,0.9999993877359631
bg_3_so4_a2_SRF,592,0.9973310051091899,0.4222909307660543,88.43135127314815,0.004283471190167136,0.9999994099279641
bg_3_so4_a2_SRF,593,0.9985929477817466,0.4266377590792184,88.39518229166666,0.004361583566140914,0.999999364856392
bg_3_so4_a2_SRF,594,0.9981230461853343,0.3884500589103068,88.40964988425925,0.0043203711537062196,0.9999991441800544
bg_3_so4_a2_SRF,595,0.9974499869609852,0.26430814094671184,88.42954282407408,0.004312617403439692,0.9999993765674414
bg_3_so4_a2_SRF,596,0.9983373145672471,0.32598551532810305,88.53804976851852,0.004307167829080663,0.999999364360057
bg_3_so4_a2_SRF,597,0.9987434597170433,0.3334028800541057,88.40060763888889,0.004353809163229063,0.999999341807916
bg_3_so4_a2_SRF,598,0.9974977032004562,0.3602479486075896,88.53262442129629,0.004301859861202598,0.9999994027898463
bg_3_so4_a2_SRF,599,0.9991588510726144,0.32598551532810305,88.54709201388889,0.0042260884819578,0.9999993807891542
bg_3_so4_a2_SRF,600,0.9991207000848042,0.32598551532810305,88.68815104166666,0.00423057713743722,0.999999377467898
bg_3_so4_a2_SRF,601,0.9995565079071259,0.41367389824177436,88.427734375,0.004212612320664671,0.9999994264099993
bg_3_so4_a2_SRF,602,0.9974950897835062,0.4310098311613767,88.82921006944444,0.004207235837857445,0.999999250466504
bg_3_so4_a2_SRF,603,0.9986423419927132,0.4310098311613798,88.18901909722221,0.004443157966912224,0.9999992243615953
bg_3_so4_a2_SRF,604,0.9979108130383133,0.4398287509476897,88.23061342592592,0.004263348500833431,0.9999992459734139
bg_3_so4_a2_SRF,605,0.9994336162319168,0.4222909307660543,88.22337962962963,0.004283215175520129,0.9999993744801933
bg_3_so4_a2_SRF,606,0.9983978965281349,0.4266377590792184,88.60134548611111,0.004396341671416376,0.9999993953385088
bg_3_so4_a2_SRF,607,0.9956034251151255,0.3641944510065973,88.427734375,0.004187046334816605,0.9999991697733741
bg_3_so4_a2_SRF,608,0.9975192106703686,0.4310098311613798,87.74775752314815,0.004276375542815992,0.9999993528578969
bg_3_so4_a2_SRF,609,0.999355887898613,0.34093286563698777,88.38252314814815,0.004290802175682939,0.9999991451464537
bg_3_so4_a2_SRF,610,0.9995465007749671,0.43100983116138325,88.41688368055556,0.004328766729547719,0.9999991826847717
bg_3_so4_a2_SRF,611,0.9995155991834598,0.42229093076605095,87.76584201388889,0.004322086534821366,0.9999994679233154
bg_3_so4_a2_SRF,612,0.999114632588638,0.43982875094768925,88.427734375,0.004246050551780848,0.9999993544777749
bg_3_so4_a2_SRF,613,0.998707932108088,0.3334028800541057,88.31018518518519,0.004253023901259954,0.9999993045943071
bg_3_so4_a2_SRF,614,0.9983816058798689,0.9412627697054928,87.9249855324074,0.004357192646205432,0.9999992702768581
bg_3_so4_a2_SRF,615,0.9992355559544943,0.9996473510375461,88.1202980324074,0.004321565407006381,0.9999990859077942
bg_3_so4_a2_SRF,616,0.9980366411959504,0.47145185717667426,88.24508101851852,0.0041179768259173065,0.99999934548835
bg_3_so4_a2_SRF,617,0.9986276649094362,0.3967520134409954,88.09317129629629,0.004294925639727485,0.999999418565726
bg_3_so4_a2_SRF,618,0.9982264576408869,0.43540691075941573,87.97562210648148,0.004274702026343889,0.9999992911934871
bg_3_so4_a2_SRF,619,0.9989218008959984,0.4094041148895874,88.46028645833334,0.004409369245874411,0.9999992843054775
bg_3_so4_a2_SRF,620,0.9977352686048527,0.400942991519327,88.58687789351852,0.004264326098657265,0.9999993554841256
bg_3_so4_a2_SRF,621,0.9994912453628761,0.35243820227213896,88.41688368055556,0.00436794540684139,0.9999992473348991
bg_3_so4_a2_SRF,622,0.9943629309272264,0.42229093076604785,88.2667824074074,0.004302259753997028,0.9999992780480653
bg_3_so4_a2_SRF,623,0.9987070014174663,0.34473998452810195,88.06423611111111,0.004278049053662742,0.9999993154420616
bg_3_so4_a2_SRF,624,0.9997521217529133,0.3602479486075896,88.08232060185185,0.004272087289864132,0.9999992087860351
bg_3_so4_a2_SRF,625,0.9981066574866122,0.3296801020063391,88.25412326388889,0.0042987763884214875,0.9999993380010725
bg_3_so4_a2_SRF,626,0.9986848869784856,0.2611481944956735,88.26135706018519,0.004465017812773065,0.9999992281588757
bg_3_so4_a2_SRF,627,0.9995153912933337,0.33715381493408136,88.38975694444444,0.004305426892313236,0.9999994324856945
bg_3_so4_a2_SRF,628,0.999003887941346,0.4900213118345267,87.99189814814815,0.004291382805033397,0.9999994635577603
bg_3_so4_a2_SRF,629,0.9988989227391405,0.34473998452810783,88.05338541666666,0.0042078237041138725,0.9999994990728748
bg_3_so4_a2_SRF,630,0.9986726991418541,0.348575117191505,88.48922164351852,0.004363893201489902,0.9999993341840457
bg_3_so4_a2_SRF,631,0.9988386187432626,0.3843393888194664,88.79123263888889,0.0042678486291645055,0.9999992865194474
bg_3_so4_a2_SRF,632,0.9983321185372794,0.40094299151932034,88.63208912037037,0.0042728698078934235,0.9999993536714309
bg_3_so4_a2_SRF,633,0.9986956829127345,0.34093286563698777,88.1492332175926,0.0041799678849040725,0.9999993998669597
bg_3_so4_a2_SRF,634,0.999005372719856,0.37619936255946484,88.23061342592592,0.004325518538073421,0.9999994618263157
bg_3_so4_a2_SRF,635,0.9981272401628,0.3641944510065973,88.37528935185185,0.0043360159971636844,0.9999994274271752
bg_3_so4_a2_SRF,636,0.9986575038754951,0.37217026043902335,88.34092881944444,0.004390429168249145,0.9999994139636954
bg_3_so4_a2_SRF,637,0.9979809536110341,0.38025577961918167,88.23965567129629,0.004298252069480416,0.9999994674593953
bg_3_so4_a2_SRF,638,0.998177335834902,0.3802557796191943,88.69900173611111,0.00417190757983775,0.9999994016687864
bg_3_so4_a2_SRF,639,0.9983059590198721,0.7481580701605575,87.69169560185185,0.0042357780323703355,0.9999993770851644
bg_3_so4_a2_SRF,640,0.9973072495288425,0.39258765001299034,87.60850694444444,0.00429777932242081,0.9999993829038607
bg_3_so4_a2_SRF,641,0.9977678613932667,0.35243820227213896,88.55251736111111,0.004379185605650659,0.9999994214883949
bg_3_so4_a2_SRF,642,0.9979403141314654,0.4266377590792184,87.65733506944444,0.004258465101317723,0.999999343007927
bg_3_so4_a2_SRF,643,0.9983358990421071,0.3641944510065973,87.87977430555556,0.004407579653489231,0.9999993688667824
bg_3_so4_a2_SRF,644,0.9986528369483308,0.3602479486075776,88.69538483796296,0.004052520667855406,0.9999993361999409
bg_3_so4_a2_SRF,645,0.9976264240238057,0.37619936255945885,88.671875,0.004307167829080663,0.9999992356736274
bg_3_so4_a2_SRF,646,0.9971281746526903,0.9152987749598599,88.58326099537037,0.004288594433319234,0.9999994246741016
bg_3_so4_a2_SRF,647,0.9988657024753829,0.9999999992620247,88.525390625,0.004106846582071564,0.9999993537715783
bg_3_so4_a2_SRF,648,0.9987540362061444,0.3641944510065973,88.26497395833334,0.004381996520108059,0.9999993434259105
bg_3_so4_a2_SRF,649,0.9981255112726252,0.3884500589103006,88.06242766203704,0.004187684568734425,0.999999353208303
bg_3_so4_a2_SRF,650,0.9970551510035798,0.3843393888194664,89.00824652777779,0.004392972319810966,0.9999993774915497
bg_3_so4_a2_SRF,651,0.9977623380179307,0.38025577961918167,88.63208912037037,0.004395314684755302,0.9999993790675356
bg_3_so4_a2_SRF,652,0.9982764822495174,0.35632917131591424,88.60134548611111,0.004346289425668009,0.9999994060724398
bg_3_so4_a2_SRF,653,0.9986138958633944,0.3884500589103068,88.41507523148148,0.0042484085510269935,0.9999993638966834
bg_3_so4_a2_SRF,654,0.9989861520204733,0.3371538149340755,88.58687789351852,0.00443944827739614,0.9999994039535977
bg_3_so4_a2_SRF,655,0.9982047542261995,0.3884500589103068,88.9015480324074,0.004346843096455538,0.9999993321051271
bg_3_so4_a2_SRF,656,0.9986528886671342,0.3802557796191943,88.66644965277779,0.004332114520070038,0.9999993718707902
bg_3_so4_a2_SRF,657,0.9981072132509069,0.35632917131592023,88.15465856481481,0.0044673549721911485,0.9999994015064474
bg_3_so4_a2_SRF,658,0.9970058450203062,0.36816858778094674,88.98111979166666,0.004301117318140526,0.9999993106047116
bg_3_so4_a2_SRF,659,0.9983686190574075,0.38025577961918167,88.70442708333334,0.0043614843893883875,0.9999993581052222
bg_3_so4_a2_SRF,660,0.9978032219197079,0.43982875094768925,88.44762731481481,0.004404483264388646,0.9999993895186973
bg_3_so4_a2_SRF,661,0.9984766180148865,0.40516041740224296,88.82740162037037,0.004209750107072053,0.999999345939957
bg_3_so4_a2_SRF,662,0.9982249108186074,0.43540691075941795,88.38975694444444,0.00442995910461726,0.9999994458381348
bg_3_so4_a2_SRF,663,0.9982003716805339,0.43982875094768925,88.71889467592592,0.004196438073999119,0.9999994909545139
bg_3_so4_a2_SRF,664,0.9983911854652552,0.37619936255945885,88.9304832175926,0.00420237304005183,0.9999995208142414
bg_3_so4_a2_SRF,665,0.9977918976057507,0.4094041148895937,88.85995370370371,0.004408997580548081,0.9999993196165516
bg_3_so4_a2_SRF,666,0.9979161232481666,0.400942991519327,88.75868055555556,0.004296968897845655,0.9999994013503508
bg_3_so4_a2_SRF,667,0.9968426587597453,0.4094041148895806,88.07870370370371,0.004517601245568187,0.9999993017033619
bg_3_so4_a2_SRF,668,0.9985375774404573,0.4094041148895937,88.41507523148148,0.004467070723658888,0.9999993741404896
bg_3_so4_a2_SRF,669,0.9986812909450831,0.43982875094768714,88.48379629629629,0.004370509555932872,0.9999993560451141
bg_3_so4_a2_SRF,670,0.9989114667232649,0.39675201344099864,88.12572337962963,0.004343326854303113,0.9999993852840563
bg_3_so4_a2_SRF,671,0.9990885552186329,0.3967520134409921,89.19994212962963,0.004197872907441078,0.9999993587774032
bg_3_so4_a2_SRF,672,0.9992740891851151,0.3967520134409921,88.92505787037037,0.00423364743764335,0.9999993527875872
bg_3_so4_a2_SRF,673,0.9983412966958254,0.400942991519327,88.83101851851852,0.004445748524595863,0.9999993378510794
bg_3_so4_a2_SRF,674,0.9987979706185103,0.42229093076604096,88.44581886574075,0.004488457650063254,0.9999993625139023
bg_3_so4_a2_SRF,675,0.9984531095009945,0.25801598818024485,88.92505787037037,0.0043370869164533485,0.9999992949896995
bg_3_so4_a2_SRF,676,0.9985118990180216,0.3925876500129777,88.59953703703704,0.0044925818474173766,0.9999994194060635
bg_3_so4_a2_SRF,677,0.9995289739643763,0.3967520134410051,88.63932291666666,0.004442546709762579,0.9999994624878217
bg_3_so4_a2_SRF,678,0.9988419536698235,0.400942991519327,89.03899016203704,0.00424952415768723,0.9999993970100115
bg_3_so4_a2_SRF,679,0.9979860469809133,0.41367389824177603,89.08781828703704,0.004310112435085125,0.9999993660557565
bg_3_so4_a2_SRF,680,0.9980615010139247,0.42229093076605095,89.44589120370371,0.004328117896256259,0.9999993574513159
bg_3_so4_a2_SRF,681,0.9987829435426149,0.4136738982417727,89.53269675925925,0.004275530927031789,0.999999264674219
bg_3_so4_a2_SRF,682,0.9990957951509303,0.4398287509476889,89.22706886574075,0.004332267761507937,0.9999994393992402
bg_3_so4_a2_SRF,683,0.9988909603367343,0.4136738982417727,88.69538483796296,0.004408510206940964,0.9999993403574786
bg_3_so4_a2_SRF,684,0.9989186113040875,0.24276849133822198,89.24877025462963,0.004109688188879417,0.9999993573287224
bg_3_so4_a2_SRF,685,0.9982359676962435,0.4094041148895874,88.88708043981481,0.004389551371613574,0.9999993895939633
bg_3_so4_a2_SRF,686,0.9984757859240457,0.24878509423524442,89.4675925925926,0.004336953051668126,0.9999992659122018
bg_3_so4_a2_SRF,687,0.99844563282744,0.25801598818024485,89.35185185185185,0.004225364233281413,0.9999994469522285
bg_3_so4_a2_SRF,688,0.9990086910396594,0.42663775907921797,89.50557002314815,0.004363409510060246,0.9999992071323344
bg_3_so4_a2_SRF,689,0.9985867670271253,0.39258765001299034,89.31749131944444,0.00451581418740615,0.9999993538214867
bg_3_so4_a2_SRF,690,0.998760665544919,0.3967520134409954,88.72612847222221,0.004359050234923882,0.9999992756048162
bg_3_so4_a2_SRF,691,0.9980581566175201,0.392587650012984,88.93590856481481,0.004388453363248002,0.9999992238555699
bg_3_so4_a2_SRF,692,0.998286562235377,0.5281353018585446,89.18185763888889,0.004247648998916963,0.9999992613031746
bg_3_so4_a2_SRF,693,0.998186072894591,0.22256440237562436,89.28674768518519,0.004319818061974153,0.9999993573384586
bg_3_so4_a2_SRF,694,0.9993277423111664,0.32968010200635045,89.42961516203704,0.004345988843883611,0.9999992482416488
bg_3_so4_a2_SRF,695,0.9984632902157993,0.3447399845281137,88.99197048611111,0.004326570854888628,0.9999991811989055
bg_3_so4_a2_SRF,696,0.9986789219485177,0.35243820227215095,89.11494502314815,0.004316573755334615,0.9999992445717877
bg_3_so4_a2_SRF,697,0.9992019343443557,0.2643081409467072,89.40248842592592,0.004478009530494641,0.9999992397614805
bg_3_so4_a2_SRF,698,0.9980808737807016,0.22256440237562436,89.28855613425925,0.00446850125384076,0.9999993587304413
bg_3_so4_a2_SRF,699,0.9987674185597524,0.21978524301264757,89.20536747685185,0.004332675444351293,0.9999993990640363
bg_3_so4_a2_SRF,700,0.997803155060488,0.4398287509476898,88.74240451388889,0.004449894751306157,0.9999993057836853
bg_3_so4_a2_SRF,701,0.9984335744055393,0.7284555181470571,88.50007233796296,0.004382799635609199,0.99999923824386
bg_3_so4_a2_SRF,702,0.9975785669475089,0.400942991519327,89.04622395833334,0.004451132109957318,0.9999991650433342
bg_3_so4_a2_SRF,703,0.9991817981941878,0.3884500589103045,89.03175636574075,0.0045111403126479295,0.9999992175819065
bg_3_so4_a2_SRF,704,0.9986477736764382,0.3967520134409954,88.51273148148148,0.004508597156474676,0.9999991858433188
bg_3_so4_a2_SRF,705,0.9987196899919989,0.400942991519327,88.87622974537037,0.004282129511185489,0.999999216633184
bg_3_so4_a2_SRF,706,0.9982781499358732,0.4094041148895874,88.91782407407408,0.004301745363484341,0.9999991571369761
bg_3_so4_a2_SRF,707,0.9988762171435202,0.7185074997830048,88.79123263888889,0.004360847345605085,0.9999990055923882
bg_3_so4_a2_SRF,708,0.9992352667371812,0.4136738982417727,88.68815104166666,0.004199066369092648,0.9999991869271587
bg_3_so4_a2_SRF,709,0.9992141841248948,0.400942991519327,88.87442129629629,0.0042824001555378495,0.9999991952727583
bg_3_so4_a2_SRF,710,0.9990345719648532,0.400942991519327,88.48379629629629,0.00418882719727677,0.9999992610254288
bg_3_so4_a2_SRF,711,0.9986620342449035,0.2739550619045159,89.10228587962963,0.0042989949568099615,0.9999993164455513
bg_3_so4_a2_SRF,712,0.9987372212809964,0.24576311484583147,88.91963252314815,0.004394980061866628,0.9999993904203307
bg_3_so4_a2_SRF,713,0.9991303652906532,0.3602479486075776,88.90335648148148,0.004322230033689125,0.9999993501328134
bg_3_so4_a2_SRF,714,0.9982182107636141,0.35632917131592023,88.8328269675926,0.00451141524767214,0.9999990257517899
bg_3_so4_a2_SRF,715,0.9988974328523998,0.4398287509476906,89.10951967592592,0.004296563685063361,0.9999991718926516
bg_3_so4_a2_SRF,716,0.9988384973158185,0.9999999999989487,88.94856770833334,0.004389692990372226,0.9999992044377297
bg_3_so4_a2_SRF,717,0.9983563095025426,0.508924827319584,88.85091145833334,0.004522137595164013,0.9999992150178265
bg_3_so4_a2_SRF,718,0.9977806404453069,0.7530368186727513,89.01548032407408,0.004348532222483944,0.9999991814869608
bg_3_so4_a2_SRF,719,0.9990762313185758,0.2674958935528159,88.96484375,0.0044621660175378705,0.9999992174353746
bg_3_so4_a2_SRF,720,0.9990507077947921,0.372170260439011,89.1456886574074,0.004391566895553897,0.9999993389953801
bg_3_so4_a2_SRF,721,0.9983693866380937,0.3925876500129777,88.83101851851852,0.004349870837580711,0.9999993504412639
bg_3_so4_a2_SRF,722,0.9979116600539835,0.38433938881947916,88.91782407407408,0.004217588290156372,0.9999991943414425
bg_3_so4_a2_SRF,723,0.998272266559703,0.3884500589103068,89.00643807870371,0.004318174573191452,0.9999991299851777
bg_3_so4_a2_SRF,724,0.9989969282352982,0.32968010200635045,89.30844907407408,0.004388133389163314,0.9999990652161856
bg_3_so4_a2_SRF,725,0.998692266611148,0.21978524301266444,88.98111979166666,0.004372559815915144,0.9999992256112495
bg_3_so4_a2_SRF,726,0.9991312058993311,0.400942991519327,88.51273148148148,0.004378191438599321,0.9999992424767982
bg_3_so4_a2_SRF,727,0.9973868752254074,0.4094041148895937,88.83825231481481,0.0042186500679650294,0.9999992633590657
bg_3_so4_a2_SRF,728,0.9990576539130562,0.39675201344099864,88.93952546296296,0.004297353423784529,0.9999992454942482
bg_3_so4_a2_SRF,729,0.998465870791242,0.3641944510065913,88.55613425925925,0.004455081356709025,0.9999993287143655
bg_4_so4_a2_SRF,0,0.9999360729353411,0.4136738982417727,27.271412037037035,0.0004433507616917659,0.9999999951795249
bg_4_so4_a2_SRF,1,0.9997578516491102,0.9786032411436396,26.05975115740741,0.00043367098697751695,0.9999999956475006
bg_4_so4_a2_SRF,2,0.9999130677242568,0.4136738982417727,25.14105902777778,0.00043306991134192777,0.9999999945790345
bg_4_so4_a2_SRF,3,0.9998843707713041,0.43540691075941906,25.611255787037035,0.00042528113136237054,0.999999996072984
bg_4_so4_a2_SRF,4,0.999904448910698,0.4354069107594323,25.739655671296298,0.00043135064647378086,0.9999999957130383
bg_4_so4_a2_SRF,5,0.9998885320043371,0.4442750939364747,26.37984664351852,0.00043301708598495934,0.9999999958651286
bg_4_so4_a2_SRF,6,0.9996645740998118,0.43982875094768037,25.71976273148148,0.00043666971745180114,0.9999999962466755
bg_4_so4_a2_SRF,7,0.9997866471120804,0.4222909307660543,25.611255787037035,0.0004410781708745928,0.9999999960036782
bg_4_so4_a2_SRF,8,0.9994527267109079,0.4222909307660543,24.72511574074074,0.00043442920239817055,0.9999999958502078
bg_4_so4_a2_SRF,9,0.9999482703638196,0.4222909307660543,24.576822916666664,0.00042822420793562683,0.9999999960706457
bg_4_so4_a2_SRF,10,0.9996710694210896,0.43100983116139013,24.51533564814815,0.0004103936129579405,0.9999999963834957
bg_4_so4_a2_SRF,11,0.9999252452935853,0.43540691075941906,24.137369791666664,0.00043285347011416377,0.9999999963452575
bg_4_so4_a2_SRF,12,0.9998391351028365,0.43982875094768714,24.348958333333336,0.0004351118159552671,0.9999999944022009
bg_4_so4_a2_SRF,13,0.9998236237728432,0.795857205904214,24.60575810185185,0.00042949449280633734,0.9999999948499848
bg_4_so4_a2_SRF,14,0.9999603757210307,0.4310098311613767,24.967447916666664,0.0004378822180834371,0.9999999952457141
bg_4_so4_a2_SRF,15,0.9997831786810103,0.4354069107594173,23.372395833333336,0.0004315437835548493,0.999999996289737
bg_4_so4_a2_SRF,16,0.9998193073790631,0.4398287509476898,23.32718460648148,0.0004282801182675387,0.9999999963715311
bg_4_so4_a2_SRF,17,0.9997963641239951,0.4398287509476898,23.900462962962962,0.00043594353947836405,0.9999999963045647
bg_4_so4_a2_SRF,18,0.9998321203240659,0.9999999992620247,23.76121238425926,0.00043637148281855517,0.9999999965084688
bg_4_so4_a2_SRF,19,0.9998700458573516,0.9997863305617308,23.759403935185187,0.00043225139851492357,0.9999999966458755
bg_4_so4_a2_SRF,20,0.9997182315870964,0.43100983116139013,23.900462962962962,0.00042949871303967624,0.9999999962957034
bg_4_so4_a2_SRF,21,0.999713795113248,0.43982875094768037,23.66355613425926,0.00043121542225721046,0.9999999961514235
bg_4_so4_a2_SRF,22,0.9998982748241895,0.43982875094768037,23.68706597222222,0.0004298551016668539,0.9999999965453785
bg_4_so4_a2_SRF,23,0.9998854682023035,0.42663775907921186,23.705150462962962,0.0004322171018769221,0.9999999964145854
bg_4_so4_a2_SRF,24,0.9999328503516931,0.9857553705707905,23.39228877314815,0.00043326434476104,0.9999999965590222
bg_4_so4_a2_SRF,25,0.9999082469798517,0.43982875094768037,23.27835648148148,0.0004339836453501227,0.9999999963235169
bg_4_so4_a2_SRF,26,0.9999301175680259,0.43982875094768037,24.66724537037037,0.00043612571470381473,0.9999999959277642
bg_4_so4_a2_SRF,27,0.999761984186059,0.43982875094770757,24.93851273148148,0.000437102770436638,0.9999999950886606
bg_4_so4_a2_SRF,28,0.9999057266830452,0.4398287509476906,24.68894675925926,0.00043140441998348314,0.9999999960965977
bg_4_so4_a2_SRF,29,0.9998223092664968,0.4094041148895937,25.07595486111111,0.0004242149358489698,0.999999996450538
bg_4_so4_a2_SRF,30,0.9996612315739161,0.4398287509476889,25.302010995370374,0.00043822485919518096,0.9999999964385285
bg_4_so4_a2_SRF,31,0.9999008754625822,0.4222909307660543,26.710792824074076,0.0004348655787487404,0.9999999958798879
bg_4_so4_a2_SRF,32,0.999857502711395,0.4094041148895806,27.168330439814813,0.0004317627360763384,0.9999999955662688
bg_4_so4_a2_SRF,33,0.9998196172839673,0.43982875094768037,27.081524884259263,0.00043983984459206976,0.9999999953556438
bg_4_so4_a2_SRF,34,0.9998878311010216,0.4222909307660543,26.412398726851855,0.0004302398221590667,0.9999999961007607
bg_4_so4_a2_SRF,35,0.9997787267353412,0.43540691075941906,26.774088541666668,0.0004273868640141231,0.9999999958100364
bg_4_so4_a2_SRF,36,0.9999309016692788,0.4222909307660543,26.555266203703702,0.0004364247383860513,0.9999999960315983
bg_4_so4_a2_SRF,37,0.9998865555267533,0.4266377590792251,26.455801504629626,0.0004370406349579132,0.9999999964075166
bg_4_so4_a2_SRF,38,0.9997963422524088,0.4398287509476906,26.18453414351852,0.0004287401392388636,0.9999999965652114
bg_4_so4_a2_SRF,39,0.9998856735448844,0.43540691075941906,26.64568865740741,0.0004416192648636172,0.9999999962025629
bg_4_so4_a2_SRF,40,0.9998747224228541,0.4266377590792385,26.318359375,0.00040961027041262174,0.9999999958080164
bg_4_so4_a2_SRF,41,0.999852386401886,0.41796957199345697,25.936776620370374,0.00042980680648476295,0.9999999961256384
bg_4_so4_a2_SRF,42,0.999916066447522,0.41796957199347007,24.869791666666664,0.0004304095931452359,0.9999999953282073
bg_4_so4_a2_SRF,43,0.9999766544328991,0.4310098311613634,26.08868634259259,0.0004265892611927478,0.9999999953135781
bg_4_so4_a2_SRF,44,0.9998352581805717,0.43100983116139013,25.78667534722222,0.0004287814615175083,0.9999999950614085
bg_4_so4_a2_SRF,45,0.9999554855742391,0.43100983116139013,26.40335648148148,0.00043657862547395173,0.9999999954842005
bg_4_so4_a2_SRF,46,0.9999188425160728,0.4094041148895937,26.072410300925924,0.00043728114423047124,0.9999999950819345
bg_4_so4_a2_SRF,47,0.9999490670416176,0.42663775907921186,26.343677662037035,0.0004207371210603364,0.9999999951943053
bg_4_so4_a2_SRF,48,0.9998893727163174,0.4310098311613767,25.927734375,0.00042522520856108875,0.9999999952836598
bg_4_so4_a2_SRF,49,0.9998651673592112,0.4398287509476889,26.457609953703702,0.00042013839232487915,0.999999996019758
bg_4_so4_a2_SRF,50,0.9998997810606595,0.4094041148895806,26.74515335648148,0.0004389586814525526,0.9999999960526592
bg_4_so4_a2_SRF,51,0.9999073998119654,0.42663775907921186,28.644024884259263,0.0004269068637276278,0.9999999955977538
bg_4_so4_a2_SRF,52,0.9998992844217036,0.42663775907921186,27.360026041666668,0.0004237658265434094,0.9999999958189971
bg_4_so4_a2_SRF,53,0.9999391317286979,0.4222909307660543,28.240740740740737,0.00041958354488333096,0.999999995473889
bg_4_so4_a2_SRF,54,0.9998390566253742,0.4310098311613634,27.24609375,0.0004304545576435946,0.9999999957433312
bg_4_so4_a2_SRF,55,0.9998629288196093,0.41796957199347007,28.020109953703702,0.00041981009103052357,0.9999999957984272
bg_4_so4_a2_SRF,56,0.9998145334621699,0.43100983116139013,27.569806134259263,0.0004375964638660853,0.9999999961603705
bg_4_so4_a2_SRF,57,0.9999367021403063,0.43100983116139013,27.759693287037035,0.00043597604271657385,0.9999999954788339
bg_4_so4_a2_SRF,58,0.9998045316296936,0.4136738982417727,28.06170428240741,0.00043919567364872147,0.9999999955491959
bg_4_so4_a2_SRF,59,0.9998144847656404,0.4222909307660543,27.443214699074076,0.00044180953426704145,0.9999999953883857
bg_4_so4_a2_SRF,60,0.9999167585486363,0.4136738982417727,28.47945601851852,0.0004296068404495628,0.999999995507775
bg_4_so4_a2_SRF,61,0.9998649593780649,0.4136738982417727,28.267867476851855,0.00042874302478781523,0.9999999954161342
bg_4_so4_a2_SRF,62,0.9997575966708875,0.4398287509476906,28.385416666666668,0.0004281429770784236,0.99999999534273
bg_4_so4_a2_SRF,63,0.9999141229716398,0.41796957199345697,28.38179976851852,0.0004263796117692564,0.9999999955699265
bg_4_so4_a2_SRF,64,0.9998791296674118,0.40516041740224296,28.824869791666668,0.00043495676447550933,0.9999999955853377
bg_4_so4_a2_SRF,65,0.9999151600079841,0.4136738982417727,28.376374421296298,0.00042198168701160704,0.9999999958885784
bg_4_so4_a2_SRF,66,0.999926188272419,0.4310098311613767,27.967664930555557,0.00043919567364872147,0.9999999958683551
bg_4_so4_a2_SRF,67,0.9998674271014627,0.4398287509476889,27.179181134259263,0.00043017719326191066,0.9999999959946172
bg_4_so4_a2_SRF,68,0.9998010926906797,0.4354069107594173,27.009186921296298,0.00042944371059684634,0.9999999951579827
bg_4_so4_a2_SRF,69,0.9999119099588677,0.43540691075941906,28.568070023148145,0.00043755173954670507,0.9999999951797756
bg_4_so4_a2_SRF,70,0.9998766378529319,0.42663775907921186,28.309461805555557,0.00043459234560108944,0.9999999959232468
bg_4_so4_a2_SRF,71,0.9998903155597453,0.43982875094768714,28.768807870370374,0.0004249755347144592,0.9999999958951749
bg_4_so4_a2_SRF,72,0.9997603392262843,0.4136738982417858,30.23726851851852,0.0004173125766114493,0.999999995045804
bg_4_so4_a2_SRF,73,0.9999456084852174,0.4136738982417858,29.045500578703702,0.0004363788939122489,0.9999999953414849
bg_4_so4_a2_SRF,74,0.9997560748201209,0.43540691075941906,30.159505208333332,0.0004408790672929604,0.9999999957631558
bg_4_so4_a2_SRF,75,0.9998820916533002,0.4051604174022556,29.636863425925924,0.00042529147274953755,0.9999999964719555
bg_4_so4_a2_SRF,76,0.9999013455565852,0.4310098311613767,30.338541666666668,0.0004266394024883868,0.9999999961537211
bg_4_so4_a2_SRF,77,0.9997273546785879,0.43982875094768714,29.781539351851855,0.0004374778804073174,0.9999999947861057
bg_4_so4_a2_SRF,78,0.9997371144914312,0.43540691075941906,29.550057870370374,0.000428766471760878,0.9999999934004491
bg_4_so4_a2_SRF,79,0.9998011326596629,0.43540691075941573,28.877314814814813,0.0004191497407791714,0.999999995720474
bg_4_so4_a2_SRF,80,0.9998582698117224,0.43540691075941906,29.510271990740737,0.000418259665998067,0.9999999947847136
bg_4_so4_a2_SRF,81,0.9998605972155192,0.43540691075941906,30.410879629629626,0.0004285381769351628,0.9999999950753652
bg_4_so4_a2_SRF,82,0.9998538497927203,0.43982875094768714,28.61870659722222,0.00042598237181532743,0.9999999953089083
bg_4_so4_a2_SRF,83,0.9998532698602648,0.4310098311613767,28.495732060185187,0.0004286001271064933,0.9999999958904884
bg_4_so4_a2_SRF,84,0.9998647756155092,0.4266377590792184,28.39626736111111,0.0004308547482013765,0.9999999960576876
bg_4_so4_a2_SRF,85,0.999911429492758,0.4266377590792251,29.215494791666668,0.0004260939366283089,0.9999999959036275
bg_4_so4_a2_SRF,86,0.999712710883437,0.43540691075941906,28.72359664351852,0.00043589704822954886,0.9999999957181599
bg_4_so4_a2_SRF,87,0.9998716102954924,0.4310098311613767,29.36017071759259,0.00042895081392769634,0.9999999957762438
bg_4_so4_a2_SRF,88,0.9999136792309072,0.439828750947694,29.12326388888889,0.0004284941621115751,0.9999999963072241
bg_4_so4_a2_SRF,89,0.9998024867462633,0.439828750947694,28.22265625,0.0004306570739997426,0.999999995844418
bg_4_so4_a2_SRF,90,0.9999716881857552,0.4094041148895675,28.03276909722222,0.000437164352073256,0.9999999933857622
bg_4_so4_a2_SRF,91,0.9998300046700639,0.4094041148895937,28.338396990740737,0.0004315335732161709,0.9999999954404205
bg_4_so4_a2_SRF,92,0.9997756039991903,0.4310098311613767,28.280526620370374,0.0004203236405723651,0.9999999959754924
bg_4_so4_a2_SRF,93,0.9998973183727442,0.43100983116139013,27.57523148148148,0.0004184700238735077,0.9999999958377258
bg_4_so4_a2_SRF,94,0.9998618643844933,0.43540691075941906,28.490306712962965,0.0004371557935172481,0.9999999956816435
bg_4_so4_a2_SRF,95,0.9998609856711432,0.4310098311613767,29.000289351851855,0.0004403206383057735,0.9999999959707818
bg_4_so4_a2_SRF,96,0.9999271852923826,0.43540691075941906,28.806785300925924,0.0004314501122829919,0.9999999951773568
bg_4_so4_a2_SRF,97,0.9998800378338631,0.4310098311613767,29.338469328703702,0.00043034690957933266,0.9999999926369886
bg_4_so4_a2_SRF,98,0.9996458199083619,0.43982875094768714,28.170211226851855,0.00042268479638260455,0.9999999946446007
bg_4_so4_a2_SRF,99,0.9997328208409189,0.43540691075941906,27.497468171296298,0.0004264888134775902,0.9999999967199767
bg_4_so4_a2_SRF,100,0.9998682854519948,0.4310098311613767,29.148582175925924,0.00043393567531564275,0.9999999967843302
bg_4_so4_a2_SRF,101,0.9994927880388497,0.439828750947694,28.255208333333332,0.00042103465209129533,0.9999999966714003
bg_4_so4_a2_SRF,102,0.9996781885710805,0.4310098311613767,27.340133101851855,0.0004298814980215983,0.9999999939535897
bg_4_so4_a2_SRF,103,0.9997494624516553,0.4310098311613767,26.347294560185187,0.00043868186330630287,0.9999999941158904
bg_4_so4_a2_SRF,104,0.9998419483799209,0.4310098311613767,26.37984664351852,0.00042827591261737115,0.9999999965577177
bg_4_so4_a2_SRF,105,0.9998259518499093,0.4310098311613767,26.65473090277778,0.0004325391919497657,0.99999999665729
bg_4_so4_a2_SRF,106,0.9997209300307653,0.43982875094768714,26.045283564814813,0.0004285510213799343,0.9999999938840767
bg_4_so4_a2_SRF,107,0.9997728530890743,0.4310098311613767,25.470196759259263,0.0004418504506831405,0.9999999938895993
bg_4_so4_a2_SRF,108,0.9999008357979604,0.42663775907921186,26.378038194444443,0.0004224700840154498,0.9999999965915776
bg_4_so4_a2_SRF,109,0.9999043366790779,0.4354069107594124,26.618561921296298,0.0004337444637695046,0.9999999964323791
bg_4_so4_a2_SRF,110,0.9998876034199093,0.43100983116138325,27.74703414351852,0.00043041552567971093,0.9999999949645492
bg_4_so4_a2_SRF,111,0.9998905818212146,0.43982875094768714,26.466652199074076,0.0004250485368080786,0.999999995641368
bg_4_so4_a2_SRF,112,0.9996785850307872,0.43982875094768714,26.164641203703702,0.0004279018865630212,0.9999999973232678
bg_4_so4_a2_SRF,113,0.9996228581121133,0.4310098311613767,27.132161458333332,0.0004329127704065815,0.9999999973652474
bg_4_so4_a2_SRF,114,0.9998864428278564,0.4310098311613767,26.218894675925924,0.0004289408552052568,0.9999999953271231
bg_4_so4_a2_SRF,115,0.9999454496183195,0.41796957199345697,27.238859953703702,0.0004410862728209947,0.9999999913303691
bg_4_so4_a2_SRF,116,0.9999461047697644,0.4310098311613767,26.83376736111111,0.0004283542770706507,0.9999999963001022
bg_4_so4_a2_SRF,117,0.9999302807558036,0.41796957199345697,27.061631944444443,0.00042835884571814465,0.9999999968979979
bg_4_so4_a2_SRF,118,0.9996766205197749,0.4310098311613767,27.432364004629626,0.0004203220024873342,0.9999999966085095
bg_4_so4_a2_SRF,119,0.9998343182469336,0.43540691075941906,28.358289930555557,0.000432141072404964,0.9999999965203381
bg_4_so4_a2_SRF,120,0.9999185702944796,0.43540691075941906,26.007306134259263,0.00043926009078041874,0.9999999961505419
bg_4_so4_a2_SRF,121,0.9999572420221946,0.4310098311613767,25.544343171296298,0.00042600489810306014,0.9999999959703865
bg_4_so4_a2_SRF,122,0.9998289793355158,0.5673508269741618,25.13201678240741,0.0004352409577354295,0.9999999942661062
bg_4_so4_a2_SRF,123,0.9999212051293191,0.43982875094768037,23.963758680555554,0.0004223889528389023,0.9999999968366297
bg_4_so4_a2_SRF,124,0.9998176856350834,0.8915881747071239,24.611183449074073,0.00044083729040369954,0.9999999955778635
bg_4_so4_a2_SRF,125,0.9998189261139026,0.4310098311613767,26.045283564814813,0.0004345583967513847,0.9999999965340738
bg_4_so4_a2_SRF,126,0.9999403671138888,0.4266377590792184,24.96925636574074,0.000439453172159724,0.9999999964768195
bg_4_so4_a2_SRF,127,0.9997496322640355,0.43100983116138325,26.05251736111111,0.00043239428898230765,0.9999999968560265
bg_4_so4_a2_SRF,128,0.9998451342149519,0.4222909307660543,25.99826388888889,0.0004268544281987214,0.9999999951289128
bg_4_so4_a2_SRF,129,0.9995216003448133,0.43540691075941906,26.642071759259263,0.00044291788804711753,0.9999999948445584
bg_4_so4_a2_SRF,130,0.9998465508203548,0.4266377590792184,25.62210648148148,0.0004382929816038427,0.9999999965941776
bg_4_so4_a2_SRF,131,0.9998814833463429,0.4310098311613767,24.78660300925926,0.0004342348840679167,0.9999999964208526
bg_4_so4_a2_SRF,132,0.9998602747981011,0.41796957199345697,26.23517071759259,0.00043667557718478556,0.9999999949024059
bg_4_so4_a2_SRF,133,0.9996298956840904,0.43982875094768714,26.911530671296298,0.0004309516187540255,0.9999999937013992
bg_4_so4_a2_SRF,134,0.9999272546526959,0.4222909307660543,26.34006076388889,0.0004429861252584447,0.9999999914461227
bg_4_so4_a2_SRF,135,0.9999092653918579,0.4051604174022364,26.66015625,0.0004369410688085515,0.9999999918722219
bg_4_so4_a2_SRF,136,0.9999143296909088,0.4310098311613767,25.25679976851852,0.00043401639322501154,0.9999999971267135
bg_4_so4_a2_SRF,137,0.9996956215877623,0.43540691075941906,26.35452835648148,0.0004240224744721817,0.9999999927602896
bg_4_so4_a2_SRF,138,0.9986432194663394,0.4266377590792184,26.066984953703702,0.00042920338353550134,0.9999999940043658
bg_4_so4_a2_SRF,139,0.9998978439374202,0.47145185717667615,26.448567708333332,0.00042599935498523054,0.9999999924819762
bg_4_so4_a2_SRF,140,0.9999230919185585,0.4398287509476889,24.681712962962962,0.0004207402197198925,0.9999999971452787
bg_4_so4_a2_SRF,141,0.9999714760282268,0.4266377590792184,26.12847222222222,0.0004350271731574974,0.9999999915816007
bg_4_so4_a2_SRF,142,0.9999354306084607,0.41796957199345697,25.294777199074076,0.0004361920991733965,0.9999999970052259
bg_4_so4_a2_SRF,143,0.9999394673091171,0.4266377590792184,25.023509837962965,0.00042913715772481987,0.9999999971762917
bg_4_so4_a2_SRF,144,0.9997556243087238,0.4310098311613767,24.195240162037038,0.00043489575903143615,0.9999999967906265
bg_4_so4_a2_SRF,145,0.9999050255694145,0.41796957199345697,24.549696180555554,0.0004199167243447634,0.9999999967994174
bg_4_so4_a2_SRF,146,0.9999192589475161,0.43540691075941906,24.180772569444446,0.00043655694363779426,0.9999999970340674
bg_4_so4_a2_SRF,147,0.9999269442126542,0.43982875094768714,24.94212962962963,0.0004391953888691641,0.9999999971072249
bg_4_so4_a2_SRF,148,0.9999278849870283,0.40516041740224296,26.309317129629626,0.0004317463326062175,0.9999999961249694
bg_4_so4_a2_SRF,149,0.999812588638863,0.43982875094768714,25.85720486111111,0.0004317710727081508,0.9999999954722909
bg_4_so4_a2_SRF,150,0.9997688898820772,0.43540691075941906,26.82834201388889,0.0004266965805415238,0.999999992352999
bg_4_so4_a2_SRF,151,0.9998037239443542,0.9999999999975161,26.493778935185187,0.0004323337435733664,0.9999999963996736
bg_4_so4_a2_SRF,152,0.9995566256595741,0.43540691075941906,26.434100115740737,0.00043586801445313694,0.9999999968452901
bg_4_so4_a2_SRF,153,0.9998558150309633,0.42663775907921186,25.822844328703702,0.000441552299717307,0.9999999967970044
bg_4_so4_a2_SRF,154,0.9998342489454816,0.9951750396552375,26.848234953703702,0.0004385313125295794,0.9999999969971017
bg_4_so4_a2_SRF,155,0.9997653156920143,0.8650788703932821,25.707103587962965,0.0004369658374131969,0.9999999970901352
bg_4_so4_a2_SRF,156,0.999860744781214,0.439828750947694,25.59859664351852,0.0004290963962003616,0.9999999956661678
bg_4_so4_a2_SRF,157,0.9998933607315093,0.4398287509476889,26.566116898148145,0.0004354860437015524,0.9999999941540404
bg_4_so4_a2_SRF,158,0.9999085515900267,0.4398287509476889,25.623914930555557,0.0004304366950603479,0.9999999972518664
bg_4_so4_a2_SRF,159,0.999919446413327,0.4222909307660543,25.9765625,0.0004294173581370736,0.9999999968463462
bg_4_so4_a2_SRF,160,0.999919780345089,0.4398287509476889,26.951316550925924,0.000439086786175138,0.9999999969819673
bg_4_so4_a2_SRF,161,0.9996788157643673,0.4398287509476889,27.340133101851855,0.0004250895495652066,0.9999999970425162
bg_4_so4_a2_SRF,162,0.9998749496627121,0.41796957199345697,29.224537037037035,0.00043326888530019714,0.9999999965301679
bg_4_so4_a2_SRF,163,0.9997922253451906,0.43982875094768714,28.352864583333332,0.00043412704646022475,0.9999999971855128
bg_4_so4_a2_SRF,164,0.9997879930667033,0.4398287509476906,27.047164351851855,0.0004207263432894148,0.9999999954524563
bg_4_so4_a2_SRF,165,0.9999601375014585,0.4136738982417727,28.123191550925924,0.00043697597106430057,0.999999992173914
bg_4_so4_a2_SRF,166,0.9998062105320246,0.4398287509476906,26.307508680555557,0.0004383285778204439,0.999999995870899
bg_4_so4_a2_SRF,167,0.9995045642822616,0.41367389824177936,26.482928240740737,0.00042588053867970144,0.9999999968435132
bg_4_so4_a2_SRF,168,0.9995758622873314,0.43982875094768714,26.13570601851852,0.0004385920945849883,0.9999999964076502
bg_4_so4_a2_SRF,169,0.9999390481722292,0.42663775907921186,27.605975115740737,0.00043543799326456695,0.999999996756394
bg_4_so4_a2_SRF,170,0.9996537075624403,0.4222909307660543,27.662037037037035,0.0004332316235261191,0.9999999965513746
bg_4_so4_a2_SRF,171,0.9999269198741999,0.43982875094768714,27.099609375,0.0004375852426578803,0.9999999968107359
bg_4_so4_a2_SRF,172,0.999756329246017,0.41796957199345697,27.701822916666668,0.0004425254041059564,0.9999999970362307
bg_4_so4_a2_SRF,173,0.9997871829787858,0.4266377590792184,27.00737847222222,0.00043210973847318003,0.9999999965281557
bg_4_so4_a2_SRF,174,0.9997596179011803,0.43982875094768714,27.971281828703702,0.00043335380111439014,0.9999999934172803
bg_4_so4_a2_SRF,175,0.9997054604089473,0.4398287509476906,27.530020254629626,0.00043427892641458525,0.999999989537301
bg_4_so4_a2_SRF,176,0.9996956896313887,0.4398287509476906,26.08868634259259,0.0004248837633339993,0.9999999962290695
bg_4_so4_a2_SRF,177,0.9995344195842686,0.43540691075941573,26.12847222222222,0.0004379456458038329,0.9999999962912366
bg_4_so4_a2_SRF,178,0.9998680844700022,0.42229093076604785,27.009186921296298,0.0004336839887899097,0.9999999968089575
bg_4_so4_a2_SRF,179,0.9993417507232192,0.41367389824177936,27.48480902777778,0.00043679487320941684,0.9999999969611225
bg_4_so4_a2_SRF,180,0.9997829312242043,0.42663775907921186,26.077835648148145,0.0004353769938726349,0.9999999967610925
bg_4_so4_a2_SRF,181,0.9996113652270553,0.43540691075941906,26.560691550925924,0.00043975482619354917,0.9999999971057579
bg_4_so4_a2_SRF,182,0.9996395539911038,0.9999999997887068,27.57523148148148,0.00043532787278569636,0.99999999711683
bg_4_so4_a2_SRF,183,0.9998228542306086,0.9967709355812912,28.076171875,0.00042957124007737406,0.9999999968299406
bg_4_so4_a2_SRF,184,0.9997878018515456,0.4094041148895874,27.197265625,0.00043440708543509703,0.9999999968541451
bg_4_so4_a2_SRF,185,0.9998914627194082,0.43540691075941906,27.432364004629626,0.00043757783836547847,0.9999999932063279
bg_4_so4_a2_SRF,186,0.9995200737599967,0.4222909307660543,27.578848379629626,0.0004319529973216334,0.9999999920791738
bg_4_so4_a2_SRF,187,0.999943969098277,0.439828750947694,25.428602430555557,0.000432132188040699,0.9999999941189597
bg_4_so4_a2_SRF,188,0.999991002783699,0.43982875094768714,24.34714988425926,0.00043128389394258285,0.9999999927813308
bg_4_so4_a2_SRF,189,0.9998887236363561,0.8050544965135671,25.113932291666668,0.00042886660593355303,0.9999999895821582
bg_4_so4_a2_SRF,190,0.9999749551611936,0.43982875094768714,24.065031828703702,0.00043568306848502366,0.9999999951514197
bg_4_so4_a2_SRF,191,0.999673949123093,0.4354069107594173,24.71064814814815,0.00043703865370086297,0.999999993912993
bg_4_so4_a2_SRF,192,0.9999027542931271,0.43540691075941906,25.126591435185187,0.0004358062566920448,0.999999994396256
bg_4_so4_a2_SRF,193,0.999844772165787,0.4398287509476889,24.60394965277778,0.00043289675836721527,0.9999999971901135
bg_4_so4_a2_SRF,194,0.9997354954721649,0.4398287509476906,23.19878472222222,0.0004371650148216906,0.9999999968897466
bg_4_so4_a2_SRF,195,0.9996774004806999,0.4398287509476906,22.90400752314815,0.0004373621645694356,0.9999999973824667
bg_4_so4_a2_SRF,196,0.9998836483996744,1.0,24.96563946759259,0.0004385313125295794,0.9999999952648043
bg_4_so4_a2_SRF,197,0.9999446409157193,1.0,26.16644965277778,0.0004422279228193618,0.9999999908015534
bg_4_so4_a2_SRF,198,0.9999807235604863,0.4398287509476906,26.151982060185187,0.00043996992839432926,0.9999999911162103
bg_4_so4_a2_SRF,199,0.9998905679294701,1.0,25.419560185185187,0.0004281279077109126,0.999999994293442
bg_4_so4_a2_SRF,200,0.9998922043299842,0.7481580701605592,24.687138310185187,0.0004422416420436492,0.999999991874291
bg_4_so4_a2_SRF,201,0.9996528920845148,0.43982875094768714,24.67628761574074,0.0004395838865024855,0.9999999950683089
bg_4_so4_a2_SRF,202,0.9996081624954265,0.4398287509476906,25.443070023148145,0.0004329962151061889,0.9999999970915161
bg_4_so4_a2_SRF,203,0.999900264834325,0.43982875094768714,25.04340277777778,0.000441227931166712,0.9999999965725236
bg_4_so4_a2_SRF,204,0.999903937474916,0.43982875094768714,24.95478877314815,0.0004308517156993569,0.9999999968563235
bg_4_so4_a2_SRF,205,0.9996983783043164,0.9946953694443016,24.95659722222222,0.0004398223316814215,0.9999999966487273
bg_4_so4_a2_SRF,206,0.9998048795467694,1.0,27.30034722222222,0.00043589704822954886,0.9999999972027784
bg_4_so4_a2_SRF,207,0.9998270229010671,1.0,27.74703414351852,0.00043257858961979025,0.9999999972840257
bg_4_so4_a2_SRF,208,0.99982681065181,0.439828750947694,26.871744791666668,0.0004378761104832387,0.9999999971519732
bg_4_so4_a2_SRF,209,0.9998992567510333,0.43100983116137837,25.504557291666668,0.00044135211473040465,0.9999999969088076
bg_4_so4_a2_SRF,210,0.9999777531818671,0.43540691075941906,25.584129050925924,0.0004366305552629595,0.9999999966786955
bg_4_so4_a2_SRF,211,0.9996055676527354,0.4398287509476906,27.005570023148145,0.0004321632331336766,0.9999999965336801
bg_4_so4_a2_SRF,212,0.9996984338338334,0.43982875094768714,26.25506365740741,0.000435301623781019,0.999999997119907
bg_4_so4_a2_SRF,213,0.9999051212061633,0.439828750947694,25.07595486111111,0.00042754890839093054,0.9999999953507661
bg_4_so4_a2_SRF,214,0.9997959028572896,0.439828750947694,25.213396990740737,0.0004459125789498204,0.9999999951794479
bg_4_so4_a2_SRF,215,0.9994674556020435,0.43540691075941906,25.117549189814813,0.0004279754272564114,0.9999999969582599
bg_4_so4_a2_SRF,216,0.999972162700532,0.43540691075941906,25.31467013888889,0.0004411613719016303,0.9999999961817029
bg_4_so4_a2_SRF,217,0.9999514617057241,0.42229093076604096,27.60235821759259,0.00043230600629203783,0.9999999931142941
bg_4_so4_a2_SRF,218,0.9993299875788128,0.43100983116138325,28.020109953703702,0.0004332363972661708,0.9999999915746464
bg_4_so4_a2_SRF,219,0.9999440386312664,0.439828750947694,26.484736689814813,0.00042607246154440306,0.9999999939975532
bg_4_so4_a2_SRF,220,0.999871515393861,1.0,27.323857060185187,0.0004386384858684104,0.9999999956793953
bg_4_so4_a2_SRF,221,0.9996297883486545,1.0,27.779586226851855,0.00043528719659445997,0.9999999971872552
bg_4_so4_a2_SRF,222,0.9993720726154388,0.42229093076604785,26.497395833333332,0.00043294792583693006,0.9999999967760662
bg_4_so4_a2_SRF,223,0.9998696898988872,0.42229093076604785,26.20804398148148,0.0004386767417136406,0.9999999954056231
bg_4_so4_a2_SRF,224,0.9999853366767074,0.42663775907921186,25.911458333333332,0.00043190184466767174,0.9999999953297477
bg_4_so4_a2_SRF,225,0.9993693884350784,0.439828750947694,27.13396990740741,0.0004376739249915671,0.9999999944477237
bg_4_so4_a2_SRF,226,0.9999923020255415,0.4266377590792184,26.448567708333332,0.0004412530894218024,0.9999999976010576
bg_4_so4_a2_SRF,227,0.9999443490217451,0.42663775907921186,24.71245659722222,0.00044191756124621834,0.9999999973878734
bg_4_so4_a2_SRF,228,0.9996828203420022,0.439828750947694,25.813802083333332,0.0004355289335453188,0.999999996811233
bg_4_so4_a2_SRF,229,0.9999307018060849,0.4310098311613767,26.273148148148145,0.00043908831174410863,0.9999999960048295
bg_4_so4_a2_SRF,230,0.9998522584986423,0.43540691075941906,25.853587962962965,0.00043738040801637125,0.9999999958281236
bg_4_so4_a2_SRF,231,0.9999353333196442,0.41796957199345697,25.875289351851855,0.0004409453175930265,0.999999995433617
bg_4_so4_a2_SRF,232,0.9996999331570205,0.43982875094768714,25.177228009259263,0.00044001561380558436,0.9999999923796377
bg_4_so4_a2_SRF,233,0.9998452021567726,0.4136738982417727,26.839192708333332,0.00043282073904621154,0.9999999934766071
bg_4_so4_a2_SRF,234,0.9999165350053099,0.4310098311613767,27.229817708333332,0.00043387523559704314,0.9999999930216285
bg_4_so4_a2_SRF,235,0.9998709986286288,0.41796957199345697,26.253255208333332,0.000429009895784994,0.9999999910991485
bg_4_so4_a2_SRF,236,0.9999870576911897,0.43540691075941906,25.708912037037035,0.00043243351348027704,0.9999999952727305
bg_4_so4_a2_SRF,237,0.9999894857437834,0.42663775907921186,27.01461226851852,0.0004402971541068139,0.9999999946923799
bg_4_so4_a2_SRF,238,0.999420618361256,0.42229093076604096,26.739728009259263,0.0004407050979492703,0.9999999960329511
bg_4_so4_a2_SRF,239,0.9996557844073393,0.439828750947694,25.831886574074076,0.0004393249073013638,0.9999999971519499
bg_4_so4_a2_SRF,240,0.9998304083216181,0.4310098311613767,26.40335648148148,0.0004379205474655294,0.9999999966104337
bg_4_so4_a2_SRF,241,0.9995662161873872,0.40516041740224296,27.16290509259259,0.00043754078428379306,0.9999999971559804
bg_4_so4_a2_SRF,242,0.99969916036385,0.42229093076604785,26.837384259259263,0.00042722013297578915,0.9999999971854995
bg_4_so4_a2_SRF,243,0.9997879531978413,0.5427263017124231,25.300202546296298,0.00043146117347686255,0.9999999968504244
bg_4_so4_a2_SRF,244,0.9997423121078438,0.43982875094768714,24.44118923611111,0.00043844053261893996,0.9999999964109472
bg_4_so4_a2_SRF,245,0.9993714273085483,0.43982875094768714,24.788411458333336,0.00044001561380558436,0.9999999939225304
bg_4_so4_a2_SRF,246,0.9997218297999622,0.4398287509476897,26.444950810185187,0.00043106512798406915,0.9999999955867405
bg_4_so4_a2_SRF,247,0.9996191849927121,0.439828750947694,26.897063078703702,0.0004304932466170897,0.9999999910861493
bg_4_so4_a2_SRF,248,0.9997961759078214,1.0,27.213541666666668,0.00043096524880169204,0.9999999943665435
bg_4_so4_a2_SRF,249,0.9998106246958856,0.43982875094768714,26.59866898148148,0.000433719234462815,0.9999999937067975
bg_4_so4_a2_SRF,250,0.9999553530525853,0.6630760792685045,26.276765046296298,0.00042658345086796283,0.9999999943529206
bg_4_so4_a2_SRF,251,0.9999321367556704,0.4398287509476906,27.736183449074076,0.00043846770481278566,0.9999999970697465
bg_4_so4_a2_SRF,252,0.9999662705173552,0.43100983116138325,29.761646412037035,0.0004403865692499211,0.9999999971896868
bg_4_so4_a2_SRF,253,0.9995526399734339,0.43540691075941906,29.97504340277778,0.0004397366781350744,0.9999999966140659
bg_4_so4_a2_SRF,254,0.999997272603162,0.43100983116138325,29.345703125,0.00043624838356778526,0.9999999933086571
bg_4_so4_a2_SRF,255,0.9996799659362937,0.4266377590792184,28.128616898148145,0.00043789531538703023,0.9999999958974242
bg_4_so4_a2_SRF,256,0.9997117591386858,0.43982875094768714,28.219039351851855,0.0004140033781120712,0.9999999971954932
bg_4_so4_a2_SRF,257,0.9999257040891165,0.4222909307660543,28.662109375,0.0004320198263470007,0.9999999969814666
bg_4_so4_a2_SRF,258,0.999497701578751,0.43540691075941906,29.02560763888889,0.0004370563240666729,0.9999999962366051
bg_4_so4_a2_SRF,259,0.9998327915892216,0.43982875094768714,27.880859375,0.00044051320869561837,0.9999999951012456
bg_4_so4_a2_SRF,260,0.9996837800581047,0.4398287509476906,26.081452546296298,0.00042160476316641094,0.9999999968176433
bg_4_so4_a2_SRF,261,0.9998892230561459,0.4266377590792184,26.76323784722222,0.00042905162175815273,0.9999999970531824
bg_4_so4_a2_SRF,262,0.9996377444045778,0.9924081416659397,26.392505787037035,0.0004299472353025145,0.9999999975937156
bg_4_so4_a2_SRF,263,0.9997849324117273,0.9999999998912957,26.204427083333332,0.0004295373650163766,0.9999999971153148
bg_4_so4_a2_SRF,264,0.9997764981712403,0.43982875094768714,25.423177083333332,0.00044180953426704145,0.9999999959829339
bg_4_so4_a2_SRF,265,0.9998165962155299,0.43540691075941906,24.47735821759259,0.00045003503395433316,0.9999999934612539
bg_4_so4_a2_SRF,266,0.9995752167176772,0.43982875094768714,23.753978587962962,0.0004334015671723942,0.9999999964782604
bg_4_so4_a2_SRF,267,0.9995890857471079,0.439828750947694,25.392433449074076,0.000431150662247202,0.9999999948973683
bg_4_so4_a2_SRF,268,0.9994835441444779,0.4266377590792184,25.920500578703702,0.0004377869997199897,0.9999999950622315
bg_4_so4_a2_SRF,269,0.9999107711719057,0.43982875094768714,24.00896990740741,0.00043006982941995567,0.9999999968307665
bg_4_so4_a2_SRF,270,0.9999654643251883,0.4398287509476906,25.157335069444443,0.0004393246215142529,0.999999997245588
bg_4_so4_a2_SRF,271,0.9998547785608608,0.43100983116138325,25.77582465277778,0.00043315650694393575,0.9999999972321336
bg_4_so4_a2_SRF,272,0.9996376332978435,0.4532402016843684,25.553385416666668,0.0004380036310305959,0.9999999951719061
bg_4_so4_a2_SRF,273,0.9999272996887142,0.4266377590792251,26.309317129629626,0.0004365282820723742,0.9999999969408783
bg_4_so4_a2_SRF,274,0.9997535934898473,0.4310098311613767,26.09592013888889,0.00043506488870581503,0.9999999967649625
bg_4_so4_a2_SRF,275,0.9998526828953801,0.4310098311613767,27.417896412037035,0.0004296449183271157,0.9999999969177578
bg_4_so4_a2_SRF,276,0.9996656789540679,0.4266377590792184,26.86993634259259,0.00044114477448247845,0.9999999967969515
bg_4_so4_a2_SRF,277,0.9998992955614714,0.43540691075941906,26.66015625,0.0004309673755691213,0.9999999966433805
bg_4_so4_a2_SRF,278,0.9996987944803087,0.439828750947694,26.862702546296298,0.0004321940089698247,0.9999999965604365
bg_4_so4_a2_SRF,279,0.9997136668902887,0.4222909307660543,26.334635416666668,0.0004429861252584447,0.9999999968902229
bg_4_so4_a2_SRF,280,0.9995754606144022,0.4310098311613767,27.403428819444443,0.0004361710596186055,0.9999999964127948
bg_4_so4_a2_SRF,281,0.9997868428704124,0.4266377590792251,27.229817708333332,0.0004348819092254409,0.9999999966678408
bg_4_so4_a2_SRF,282,0.9998187028818144,0.4310098311613767,26.91695601851852,0.0004343170686607984,0.9999999967694212
bg_4_so4_a2_SRF,283,0.9996902760795718,0.4398287509476906,26.846426504629626,0.00042868264850290415,0.9999999968551707
bg_4_so4_a2_SRF,284,0.9998663085966348,0.43540691075941906,26.781322337962965,0.00044295789433718087,0.9999999966440759
bg_4_so4_a2_SRF,285,0.9998510171091144,0.4398287509476906,27.298538773148145,0.0004241103246657319,0.9999999970935994
bg_4_so4_a2_SRF,286,0.9998736233634344,1.0,27.604166666666668,0.0004403815892445913,0.999999997068803
bg_4_so4_a2_SRF,287,0.9999765699585494,1.0,27.645760995370374,0.00043252880809676605,0.9999999969696876
bg_4_so4_a2_SRF,288,0.9997835693830093,0.439828750947694,27.64214409722222,0.0004273313366922069,0.9999999974255349
bg_4_so4_a2_SRF,289,0.999894944836883,0.43100983116138325,28.153935185185187,0.0004348463718805746,0.9999999970719653
bg_4_so4_a2_SRF,290,0.9999809124524872,0.4310098311613767,28.247974537037035,0.000439432172718794,0.9999999968384284
bg_4_so4_a2_SRF,291,0.9998660474396107,0.43540691075941906,28.280526620370374,0.00043066985370255993,0.9999999967253378
bg_4_so4_a2_SRF,292,0.9997545924288103,0.43540691075941906,28.512008101851855,0.00043631317839032825,0.9999999964213657
bg_4_so4_a2_SRF,293,0.9998679899433439,0.43100983116138325,29.054542824074076,0.00043131574132298806,0.999999996862981
bg_4_so4_a2_SRF,294,0.9998218165769029,0.43982875094768925,28.848379629629626,0.00043540634353549736,0.9999999965977199
bg_4_so4_a2_SRF,295,0.9997871736913984,0.4310098311613767,28.226273148148145,0.0004319702894200939,0.9999999965874812
bg_4_so4_a2_SRF,296,0.9998139905427877,0.43540691075941906,29.03826678240741,0.00042129067838720015,0.9999999966236339
bg_4_so4_a2_SRF,297,0.9999776339182221,0.43982875094768714,30.46332465277778,0.00043882836282467254,0.999999996525102
bg_4_so4_a2_SRF,298,0.9990982066580332,0.439828750947694,29.689308449074076,0.0004394750036766255,0.999999996463785
bg_4_so4_a2_SRF,299,0.9998164477475722,0.43540691075941906,29.703776041666668,0.0004405314359115147,0.9999999968132702
bg_4_so4_a2_SRF,300,0.9999098687465974,0.4266377590792184,29.960575810185187,0.0004340633753748452,0.9999999965105651
bg_4_so4_a2_SRF,301,0.9999000169604854,0.43540691075941906,28.15212673611111,0.0004409207703027185,0.9999999962517999
bg_4_so4_a2_SRF,302,0.9997690474568206,0.4310098311613767,27.774160879629626,0.0004382972233148435,0.9999999962715714
bg_4_so4_a2_SRF,303,0.9999396933475704,0.4310098311613767,28.242549189814813,0.0004257014665997313,0.9999999962855188
bg_4_so4_a2_SRF,304,0.9998142251794168,0.4354069107594182,27.492042824074076,0.00042340881390268533,0.9999999960922646
bg_4_so4_a2_SRF,305,0.9993673641672123,0.4310098311613767,27.911603009259263,0.0004304095931452359,0.9999999959123723
bg_4_so4_a2_SRF,306,0.9998428041904674,0.4310098311613767,27.763310185185187,0.0004382929816038427,0.9999999946549588
bg_4_so4_a2_SRF,307,0.9998109479782458,0.43540691075941906,27.882667824074076,0.0004404236949241331,0.9999999965994674
bg_4_so4_a2_SRF,308,0.9998120026795968,0.42663775907921186,28.37456597222222,0.00044081293413762815,0.9999999965296263
bg_4_so4_a2_SRF,309,0.9997899258740599,0.43982875094768714,27.78862847222222,0.0004359918587425354,0.9999999944663467
bg_4_so4_a2_SRF,310,0.9998723445696936,0.43100983116139013,28.04904513888889,0.00043265640163081656,0.9999999962209576
bg_4_so4_a2_SRF,311,0.9999159034654578,0.43540691075941906,29.02560763888889,0.0004331566006344907,0.999999996071566
bg_4_so4_a2_SRF,312,0.9996350959063299,0.4354069107594173,27.88628472222222,0.0004284399838199031,0.9999999943264325
bg_4_so4_a2_SRF,313,0.999782622742625,0.4310098311613767,29.30230034722222,0.0004255507918407394,0.9999999938228381
bg_4_so4_a2_SRF,314,0.9998976327117188,0.43540691075941906,28.01468460648148,0.00044128562217284555,0.9999999963270085
bg_4_so4_a2_SRF,315,0.9997345330168027,0.9726677330357373,27.481192129629626,0.00042795198782286825,0.9999999963541314
bg_4_so4_a2_SRF,316,0.9998660166436321,0.4354069107594055,28.27690972222222,0.0004317298588040536,0.9999999963639566
bg_4_so4_a2_SRF,317,0.9998712494366072,0.4310098311613767,29.620587384259263,0.0004275380033194835,0.9999999966905887
bg_4_so4_a2_SRF,318,0.999770023546821,0.43540691075941906,30.353009259259263,0.00043880956727195344,0.9999999964933459
bg_4_so4_a2_SRF,319,0.9998893456749662,0.42229093076602786,29.79781539351852,0.00043571363359642013,0.9999999964117299
bg_4_so4_a2_SRF,320,0.9998607898641354,0.43540691075941906,28.566261574074076,0.00042791953400226354,0.9999999942387208
bg_4_so4_a2_SRF,321,0.999768030588592,0.43540691075941906,28.633174189814813,0.00043542542854664454,0.9999999906225884
bg_4_so4_a2_SRF,322,0.9998281562748531,0.43540691075941906,28.247974537037035,0.0004250693467877022,0.9999999941220682
bg_4_so4_a2_SRF,323,0.9996726982727504,0.9999442036811511,29.56814236111111,0.0004367493978726385,0.9999999955406967
bg_4_so4_a2_SRF,324,0.9997505192182252,1.0,30.617042824074076,0.00044100395546624674,0.999999996281803
bg_4_so4_a2_SRF,325,0.9997536378433969,0.43982875094768037,28.817635995370374,0.00043388686261401264,0.9999999965936532
bg_4_so4_a2_SRF,326,0.9998370922074925,0.4354069107594173,30.076316550925924,0.00043599052269367256,0.99999999600832
bg_4_so4_a2_SRF,327,0.9996399919928525,0.43982875094768925,30.702039930555557,0.00043988776203663597,0.9999999956967237
bg_4_so4_a2_SRF,328,0.9997144384229336,0.5041690531455888,30.77437789351852,0.0004365161836835027,0.9999999896357896
bg_4_so4_a2_SRF,329,0.9998484962732261,0.4442750939364747,31.12521701388889,0.00042066977551628805,0.9999999953682038
bg_4_so4_a2_SRF,330,0.9998258592756636,0.4398287509476906,30.011212384259263,0.0004356235144786044,0.9999999953163193
bg_4_so4_a2_SRF,331,0.9998949951794563,0.4398287509476906,30.079933449074076,0.0004365904589799894,0.9999999953910089
bg_4_so4_a2_SRF,332,0.9999234984645976,0.43540691075941906,28.544560185185187,0.00043628379419315334,0.9999999957069262
bg_4_so4_a2_SRF,333,0.9997862117510683,0.4398287509476898,29.078052662037035,0.00043392218314664964,0.9999999956183666
bg_4_so4_a2_SRF,334,0.9998672108470338,0.439828750947694,28.72359664351852,0.0004324725333256374,0.9999999956561054
bg_4_so4_a2_SRF,335,0.9999026769234027,0.6630760792685045,28.89178240740741,0.00042769232317438273,0.999999995987068
bg_4_so4_a2_SRF,336,0.9996372138168946,0.5922933878458447,28.566261574074076,0.000440315953913525,0.9999999943754548
bg_4_so4_a2_SRF,337,0.9994557904946325,0.4398287509476906,28.99124710648148,0.00041292829189100953,0.9999999961748774
bg_4_so4_a2_SRF,338,0.9999091982611049,0.9598548012979814,28.783275462962965,0.000421635793556894,0.9999999957787329
bg_4_so4_a2_SRF,339,0.9997219477799657,0.43982875094768714,29.40899884259259,0.0004379842340819665,0.9999999964231997
bg_4_so4_a2_SRF,340,0.9998148722000714,0.43540691075941906,28.81401909722222,0.0004300397256233952,0.9999999968540768
bg_4_so4_a2_SRF,341,0.99974771549926,0.39258765001299034,27.79767071759259,0.00044209291350047047,0.9999999962530561
bg_4_so4_a2_SRF,342,0.9999008164479156,0.4310098311613767,26.06155960648148,0.0004278752960048227,0.9999999963720041
bg_4_so4_a2_SRF,343,0.9997899193998467,0.43982875094768037,26.11038773148148,0.00043000763242509996,0.9999999962097311
bg_4_so4_a2_SRF,344,0.999834433542588,0.4310098311613767,27.18460648148148,0.00042420007304135325,0.999999996451168
bg_4_so4_a2_SRF,345,0.9999448334983791,0.43982875094768037,27.87543402777778,0.00042529678109256923,0.999999994322676
bg_4_so4_a2_SRF,346,0.999663681566854,0.43540691075941573,26.98748553240741,0.00042641487636240204,0.9999999941855642
bg_4_so4_a2_SRF,347,0.9998706710147509,0.439828750947694,26.28399884259259,0.00041678665940325714,0.9999999958771353
bg_4_so4_a2_SRF,348,0.99979524697805,0.43982875094768714,25.495515046296298,0.0004184407438641683,0.9999999958707588
bg_4_so4_a2_SRF,349,0.9999655829998413,0.4310098311613798,24.67628761574074,0.00044137742611683405,0.999999996102929
bg_4_so4_a2_SRF,350,0.9999448359792581,1.0,25.82465277777778,0.0004197627932056,0.9999999950983602
bg_4_so4_a2_SRF,351,0.9998716499617871,0.4398287509476889,25.321903935185187,0.00043765531064054693,0.9999999940717402
bg_4_so4_a2_SRF,352,0.9995643408142253,0.41796957199344353,25.291160300925924,0.000441227931166712,0.9999999957206345
bg_4_so4_a2_SRF,353,0.9998798619417099,0.43100983116139013,24.77394386574074,0.0004202163675452535,0.999999995821049
bg_4_so4_a2_SRF,354,0.9999405385233832,0.43100983116139013,25.439453125,0.000415078996578357,0.9999999960980418
bg_4_so4_a2_SRF,355,0.9998594437352235,0.4398287509476889,25.464771412037035,0.0004178685321310449,0.9999999957805797
bg_4_so4_a2_SRF,356,0.999814163267336,0.4136738982417727,26.050708912037035,0.0004285246258746157,0.9999999956597803
bg_4_so4_a2_SRF,357,0.9998470729162421,0.41796957199347007,26.189959490740737,0.00042452266620570794,0.9999999962529525
bg_4_so4_a2_SRF,358,0.9998619047993599,0.43982875094768925,26.251446759259263,0.0004427416492683513,0.999999996147609
bg_4_so4_a2_SRF,359,0.9998045002285242,0.42663775907921186,25.16095196759259,0.00041352963674016086,0.9999999945574374
bg_4_so4_a2_SRF,360,0.9996249141544119,0.987706976557158,25.0,0.00041917287749685723,0.9999999965235075
bg_4_so4_a2_SRF,361,0.9999241107568161,0.43540691075941906,24.967447916666664,0.0004334744925862504,0.9999999951021509
bg_4_so4_a2_SRF,362,0.9998448972824469,0.9976710995138088,25.202546296296298,0.0004285667332108714,0.9999999951367662
bg_4_so4_a2_SRF,363,0.9999302734800695,0.9999996496158239,24.976490162037038,0.0004343685567400965,0.9999999953417197
bg_4_so4_a2_SRF,364,0.9999378745757672,0.41796957199347007,26.497395833333332,0.0004290892886493137,0.9999999953580287
bg_4_so4_a2_SRF,365,0.9998224761507558,0.41796957199347007,27.030888310185187,0.00042073666895066575,0.999999995681866
bg_4_so4_a2_SRF,366,0.9999211772567396,0.4136738982417727,27.217158564814813,0.00041951821688316265,0.9999999957014565
bg_4_so4_a2_SRF,367,0.9999034253106854,0.400942991519327,26.522714120370374,0.0004287814615175083,0.9999999957684648
bg_4_so4_a2_SRF,368,0.999898881193836,0.43540691075941906,27.439597800925924,0.0004247080590318018,0.9999999954782677
bg_4_so4_a2_SRF,369,0.9999250729183592,0.9983605947715415,26.531756365740737,0.00041911859638449524,0.999999995483352
bg_4_so4_a2_SRF,370,0.9999364255938757,0.43540691075941906,26.587818287037035,0.0004365161836835027,0.9999999957416709
bg_4_so4_a2_SRF,371,0.999681019069176,0.43540691075941906,27.16109664351852,0.00042515790898570285,0.9999999956049498
bg_4_so4_a2_SRF,372,0.9998864741290174,0.4398287509476898,25.938585069444443,0.000432208044859571,0.9999999959621225
bg_4_so4_a2_SRF,373,0.9998854522802638,0.4354069107594182,26.025390625,0.0004330444198011457,0.9999999965541255
bg_4_so4_a2_SRF,374,0.9999489909782643,0.4310098311613798,26.092303240740737,0.0004376739249915671,0.9999999943110609
bg_4_so4_a2_SRF,375,0.999765128885246,0.4310098311613767,25.593171296296298,0.00041296605659885214,0.999999995459766
bg_4_so4_a2_SRF,376,0.9998808592203396,0.43540691075941906,25.68901909722222,0.0004302179174717913,0.9999999962211107
bg_4_so4_a2_SRF,377,0.999940585346804,0.4136738982417858,26.349103009259263,0.0004391953888691641,0.9999999959442009
bg_4_so4_a2_SRF,378,0.9997421576860991,0.4398287509476898,27.255135995370374,0.00043143883554744745,0.9999999956612132
bg_4_so4_a2_SRF,379,0.9998341394434315,0.4398287509476889,26.878978587962965,0.0004394329348175921,0.9999999955963469
bg_4_so4_a2_SRF,380,0.99990067131618,0.43100983116139013,26.631221064814813,0.00043107918058961006,0.999999995124749
bg_4_so4_a2_SRF,381,0.999921586271834,0.4136738982417727,27.423321759259263,0.00043964898977999825,0.9999999956271243
bg_4_so4_a2_SRF,382,0.9999041625682072,0.41796957199345697,26.35452835648148,0.00042502370283184796,0.9999999957734428
bg_4_so4_a2_SRF,383,0.9999030509891679,0.41796957199344353,24.89872685185185,0.00043491500220039874,0.9999999955270686
bg_4_so4_a2_SRF,384,0.999909927027705,0.43982875094768037,25.086805555555557,0.0004344717280277873,0.9999999955836162
bg_4_so4_a2_SRF,385,0.9999215374036285,0.43540691075941906,25.537109375,0.0004242586127512475,0.9999999958814878
bg_4_so4_a2_SRF,386,0.9998309633742015,0.4094041148895937,26.01996527777778,0.00043332098304870386,0.999999996077518
bg_4_so4_a2_SRF,387,0.999766730495103,0.42663775907921186,24.934895833333336,0.0004205645100553496,0.9999999963876726
bg_4_so4_a2_SRF,388,0.9997766984636269,0.4094041148895937,25.846354166666668,0.00042921350271476756,0.9999999962960975
bg_4_so4_a2_SRF,389,0.999919518159203,0.43100983116139013,26.023582175925924,0.0004350456414623411,0.9999999950949265
bg_4_so4_a2_SRF,390,0.9995056373235303,0.43100983116139013,24.998191550925927,0.00043073217128906786,0.9999999960074221
bg_4_so4_a2_SRF,391,0.9999561809068399,0.43540691075941906,24.35980902777778,0.0004425528668626729,0.9999999960827318
bg_4_so4_a2_SRF,392,0.9998640567114605,0.4398287509476889,25.95486111111111,0.0004368057523957546,0.9999999963509714
bg_4_so4_a2_SRF,393,0.9999446070660468,0.43540691075941906,25.35445601851852,0.0004273818047395666,0.9999999960501843
bg_4_so4_a2_SRF,394,0.9997458116380157,0.41796957199345697,26.13570601851852,0.00042991231287652293,0.9999999963799516
bg_4_so4_a2_SRF,395,0.9999681743291189,0.4136738982417727,26.551649305555557,0.0004170078180041584,0.9999999950971207
bg_4_so4_a2_SRF,396,0.9996533927071917,0.4136738982417727,26.222511574074076,0.0004327151616370978,0.999999995854874
bg_4_so4_a2_SRF,397,0.9999218062671021,0.42663775907921186,26.236979166666668,0.0004218455235440424,0.9999999951059872
bg_4_so4_a2_SRF,398,0.9997652036610359,0.7723296272755952,29.208260995370374,0.0004295029479520519,0.9999999948787079
bg_4_so4_a2_SRF,399,0.9998558635433231,0.9999999999975161,27.445023148148145,0.000439582460090073,0.9999999959862974
bg_4_so4_a2_SRF,400,0.9998236822325253,0.43982875094768925,26.962167245370374,0.0004358060668368324,0.9999999959040325
bg_4_so4_a2_SRF,401,0.9998639376918695,0.43100983116139013,26.32378472222222,0.0004215976363083487,0.9999999959272824
bg_4_so4_a2_SRF,402,0.9999865535382798,0.43540691075941906,25.18084490740741,0.00043649501472513947,0.9999999963649344
bg_4_so4_a2_SRF,403,0.999833997382084,0.9956209086649725,25.193504050925924,0.0004340633753748452,0.9999999947303215
bg_4_so4_a2_SRF,404,0.9998657344095839,0.9847014623545814,25.936776620370374,0.0004415677868046427,0.9999999960250706
bg_4_so4_a2_SRF,405,0.9995740492048225,0.4222909307660543,26.953125,0.00042886660593355303,0.9999999959823703
bg_4_so4_a2_SRF,406,0.9998882470772932,0.41796957199347007,26.517288773148145,0.00043774904130368446,0.9999999957279192
bg_4_so4_a2_SRF,407,0.9999332610403213,0.43982875094768037,25.81561053240741,0.00042956685998773856,0.9999999959981677
bg_4_so4_a2_SRF,408,0.9996810609310766,0.4222909307660543,27.497468171296298,0.0004315468647682567,0.9999999956738074
bg_4_so4_a2_SRF,409,0.9997773696721632,0.4222909307660543,27.374493634259263,0.0004315335732161709,0.9999999959254758
bg_4_so4_a2_SRF,410,0.9997625781997438,0.43982875094768925,26.224320023148145,0.0004377869997199897,0.9999999956260472
bg_4_so4_a2_SRF,411,0.999880138024512,0.4398287509476906,25.557002314814813,0.0004226119046918936,0.9999999955907679
bg_4_so4_a2_SRF,412,0.99984999250923,0.40516041740224296,26.973017939814813,0.00043779351206845027,0.9999999960326398
bg_4_so4_a2_SRF,413,0.9999332299300226,0.43540691075941906,27.62225115740741,0.0004422416420436492,0.9999999955829706
bg_4_so4_a2_SRF,414,0.9998831530697231,0.41796957199344353,26.944082754629626,0.00042749384771470484,0.9999999956839428
bg_4_so4_a2_SRF,415,0.999858657927665,0.42663775907921186,27.443214699074076,0.0004288367043797139,0.9999999955859027
bg_4_so4_a2_SRF,416,0.9997792642972467,0.4094041148895806,28.560836226851855,0.00040384361092348463,0.9999999956871964
bg_4_so4_a2_SRF,417,0.9999524677785613,0.43982875094768714,28.899016203703702,0.0004311796996392893,0.9999999961703869
bg_4_so4_a2_SRF,418,0.9999425032238254,0.40516041740222986,28.03276909722222,0.0004310291216998931,0.9999999964228222
bg_4_so4_a2_SRF,419,0.9998018607276279,0.40516041740222986,27.47576678240741,0.0004407886638589588,0.999999995938616
bg_4_so4_a2_SRF,420,0.9999524363850255,0.41796957199347007,28.13946759259259,0.00043858913097964745,0.9999999951602033
bg_4_so4_a2_SRF,421,0.999683164460435,0.4094041148895937,27.674696180555557,0.00043640040548515173,0.9999999956752477
bg_4_so4_a2_SRF,422,0.9997055397379834,0.41796957199344353,27.813946759259263,0.00042328213736592335,0.9999999951309675
bg_4_so4_a2_SRF,423,0.9999563941309357,0.4222909307660543,27.860966435185187,0.00043199099508145126,0.9999999949925233
bg_4_so4_a2_SRF,424,0.9998435312715162,0.43982875094768037,26.98929398148148,0.0004222505509893468,0.9999999952154339
bg_4_so4_a2_SRF,425,0.9999028243777486,0.4354069107594186,28.421585648148145,0.000421302648682087,0.9999999957071349
bg_4_so4_a2_SRF,426,0.9998627927693786,0.43540691075941906,28.247974537037035,0.00043044569580209184,0.9999999952393999
bg_4_so4_a2_SRF,427,0.9997985901627129,0.400942991519327,27.734375,0.0004197541513173149,0.9999999953951081
bg_4_so4_a2_SRF,428,0.9999389433557385,0.42229093076604096,28.45232928240741,0.0004336031828771422,0.9999999955443509
bg_4_so4_a2_SRF,429,0.9998228780349272,0.9976710995138088,28.703703703703702,0.0004352089276265459,0.9999999960608613
bg_4_so4_a2_SRF,430,0.9998684233794289,0.4310098311613634,29.202835648148145,0.0004382644726881549,0.9999999961209804
bg_4_so4_a2_SRF,431,0.9998654923081917,0.41796957199344353,28.96050347222222,0.0004309516187540255,0.9999999954459191
bg_4_so4_a2_SRF,432,0.9997300626186573,0.4398287509476889,28.047236689814813,0.0004293821686863452,0.9999999951449766
bg_4_so4_a2_SRF,433,0.9998517621492552,0.43982875094768037,28.345630787037035,0.0004279754272564114,0.99999999516712
bg_4_so4_a2_SRF,434,0.9997417621802974,0.43540691075941906,28.70551215277778,0.000437102770436638,0.9999999962650735
bg_4_so4_a2_SRF,435,0.9998750305445188,0.40516041740222986,29.21187789351852,0.00044092814453340666,0.9999999962251216
bg_4_so4_a2_SRF,436,0.9997822517291902,0.439828750947694,29.450593171296298,0.00042722397347810684,0.9999999956338219
bg_4_so4_a2_SRF,437,0.9999133662683259,0.39258765001299034,31.761791087962965,0.00043249141245818026,0.9999999958749319
bg_4_so4_a2_SRF,438,0.9998659542830476,0.4136738982417727,30.269820601851855,0.0004220789073228038,0.9999999960527008
bg_4_so4_a2_SRF,439,0.9998108292778082,0.42663775907921186,29.125072337962965,0.00042289248103929923,0.9999999953579819
bg_4_so4_a2_SRF,440,0.9999421691053254,0.43540691075941906,28.573495370370374,0.00043214998796964706,0.9999999952100389
bg_4_so4_a2_SRF,441,0.9999132647612206,0.4398287509476906,29.28240740740741,0.00043545474222191424,0.9999999962132616
bg_4_so4_a2_SRF,442,0.9993104858439559,0.43982875094768714,28.141276041666668,0.0004368443391550372,0.9999999965662032
bg_4_so4_a2_SRF,443,0.999724947644676,0.43982875094768037,29.336660879629626,0.00043198244809384835,0.9999999922643052
bg_4_so4_a2_SRF,444,0.9997722394096569,0.4310098311613767,29.51388888888889,0.0004326662827930107,0.9999999942076352
bg_4_so4_a2_SRF,445,0.999565337206706,0.43982875094768714,29.756221064814813,0.00044029258152191456,0.999999996015817
bg_4_so4_a2_SRF,446,0.9997967161549364,0.43540691075941906,29.154007523148145,0.00042717156704585163,0.9999999960369637
bg_4_so4_a2_SRF,447,0.9999152642616117,0.43982875094768714,30.862991898148145,0.0004418766680573793,0.9999999956858274
bg_4_so4_a2_SRF,448,0.9996199475687513,0.4094041148895874,30.92267071759259,0.00043774904130368446,0.9999999957628966
bg_4_so4_a2_SRF,449,0.9997740936693252,0.4310098311613767,29.86834490740741,0.00042997766999595466,0.9999999949710311
bg_4_so4_a2_SRF,450,0.999748687299562,0.43100983116138325,29.759837962962965,0.0004240799042369133,0.9999999957253766
bg_4_so4_a2_SRF,451,0.9997627947261223,0.43540691075941906,29.47048611111111,0.0004330028145713458,0.9999999960672802
bg_4_so4_a2_SRF,452,0.9998061339060572,0.42663775907921186,29.06539351851852,0.0004273868640141231,0.9999999969463435
bg_4_so4_a2_SRF,453,0.9999121663087773,0.43540691075941906,27.879050925925924,0.00043424436013074936,0.9999999956815019
bg_4_so4_a2_SRF,454,0.9991925852726624,0.43540691075941906,27.880859375,0.0004411198082697308,0.9999999949123185
bg_4_so4_a2_SRF,455,0.9999828087587208,0.43540691075941573,28.011067708333332,0.0004321233347133573,0.9999999961982127
bg_4_so4_a2_SRF,456,0.9995530203946764,0.439828750947694,28.141276041666668,0.00044211960809130896,0.999999995409335
bg_4_so4_a2_SRF,457,0.9998751041136975,0.4266377590792184,28.092447916666668,0.00043499935314892854,0.999999996019717
bg_4_so4_a2_SRF,458,0.9998131588224756,0.41796957199345697,29.210069444444443,0.00042612382454228773,0.999999996406476
bg_4_so4_a2_SRF,459,0.9998973029949495,0.43982875094768714,29.076244212962965,0.0004355123652894369,0.9999999964094131
bg_4_so4_a2_SRF,460,0.9998331385451431,0.4354069107594124,29.756221064814813,0.00042877243616146844,0.9999999961409514
bg_4_so4_a2_SRF,461,0.9996726261956876,0.43540691075941906,28.38179976851852,0.0004330444198011457,0.9999999956308876
bg_4_so4_a2_SRF,462,0.9998422422795064,0.4266377590792184,27.987557870370374,0.00043938926615100173,0.9999999961426248
bg_4_so4_a2_SRF,463,0.9999022842803835,0.4266377590792251,28.153935185185187,0.00043923863728922475,0.9999999961313965
bg_4_so4_a2_SRF,464,0.9997866653902624,0.4354069107594124,27.93511284722222,0.000431588854918453,0.9999999957911339
bg_4_so4_a2_SRF,465,0.9997824864429005,0.42229093076605095,28.242549189814813,0.00043923863728922475,0.9999999960290299
bg_4_so4_a2_SRF,466,0.9991897838419884,0.4398287509476889,29.208260995370374,0.00044046572627413596,0.999999995956127
bg_4_so4_a2_SRF,467,0.9999135587573028,0.4398287509476906,28.463179976851855,0.0004380780681993486,0.9999999962507957
bg_4_so4_a2_SRF,468,0.9998538509676017,0.43540691075941906,28.886357060185187,0.0004397324828258365,0.9999999960579914
bg_4_so4_a2_SRF,469,0.9999995372392655,0.43540691075941906,27.537254050925924,0.000434122541494384,0.9999999964214911
bg_4_so4_a2_SRF,470,0.9998105935673671,0.43540691075941906,26.900679976851855,0.00042876350514696893,0.9999999967271019
bg_4_so4_a2_SRF,471,0.9997206771968545,0.41796957199345697,26.276765046296298,0.00042787099770190304,0.9999999969012152
bg_4_so4_a2_SRF,472,0.9997883223867976,0.43100983116138325,26.170066550925924,0.00043301316151688526,0.9999999968842631
bg_4_so4_a2_SRF,473,0.9998679730844537,0.4310098311613767,27.36545138888889,0.0004336956957967767,0.9999999958982383
bg_4_so4_a2_SRF,474,0.9998010268282176,0.4222909307660543,28.589771412037035,0.0004413107934772386,0.9999999965497519
bg_4_so4_a2_SRF,475,0.9999929198062608,0.4310098311613767,27.32204861111111,0.0004388944164646415,0.9999999954339445
bg_4_so4_a2_SRF,476,0.9996554481531771,0.41796957199345697,27.03812210648148,0.0004326370287926655,0.9999999953548667
bg_4_so4_a2_SRF,477,0.9998648637127483,0.42229093076604785,27.537254050925924,0.00043613005465177135,0.9999999965596899
bg_4_so4_a2_SRF,478,0.9995601221513579,0.41796957199345697,27.904369212962965,0.0004408790672929604,0.9999999965219484
bg_4_so4_a2_SRF,479,0.999737679405459,0.43540691075941906,28.376374421296298,0.0004314889305164607,0.9999999956433256
bg_4_so4_a2_SRF,480,0.9998040981952558,0.42229093076604785,29.078052662037035,0.00043962512103654,0.9999999958644465
bg_4_so4_a2_SRF,481,0.9998837605013805,0.4222909307660543,28.123191550925924,0.0004350271731574974,0.9999999963417923
bg_4_so4_a2_SRF,482,0.9998259634640353,0.43540691075941906,27.21173321759259,0.00043769947380887836,0.9999999970978897
bg_4_so4_a2_SRF,483,0.9998562457670773,0.4398287509476906,27.215350115740737,0.0004303977908542191,0.999999995478503
bg_4_so4_a2_SRF,484,0.9998164040489523,0.43982875094768714,26.629412615740737,0.0004391526342976595,0.9999999967662897
bg_4_so4_a2_SRF,485,0.9995672360952983,0.4310098311613767,27.144820601851855,0.00043477284953657384,0.9999999962220584
bg_4_so4_a2_SRF,486,0.9999305086910955,0.43540691075941906,27.06524884259259,0.0004180907176227764,0.9999999965238148
bg_4_so4_a2_SRF,487,0.9998615349456927,0.42229093076605095,28.213614004629626,0.0004410949304317169,0.9999999966451028
bg_4_so4_a2_SRF,488,0.9997548545028152,0.4398287509476906,27.20992476851852,0.0004309246423706443,0.9999999966214828
bg_4_so4_a2_SRF,489,0.9999170142115558,0.43982875094768714,25.95486111111111,0.0004371827519245522,0.9999999937776018
bg_4_so4_a2_SRF,490,0.9998823264868826,0.6225260942403168,26.52813946759259,0.0004222532426565193,0.9999999923222642
bg_4_so4_a2_SRF,491,0.9994807988530281,0.7530368186727513,27.10503472222222,0.0004254999624558857,0.999999991874219
bg_4_so4_a2_SRF,492,0.9996710393806588,1.0,27.52640335648148,0.00043665274573304253,0.9999999968141537
bg_4_so4_a2_SRF,493,0.999898469899819,0.4266377590792184,27.578848379629626,0.0004292947141693296,0.9999999971770299
bg_4_so4_a2_SRF,494,0.9997780032034987,0.4266377590792184,27.692780671296298,0.0004317464265397031,0.999999994798818
bg_4_so4_a2_SRF,495,0.9998188833715129,0.43540691075941906,28.155743634259263,0.0004340878071155264,0.9999999967179463
bg_4_so4_a2_SRF,496,0.9999281660298114,0.4398287509476906,26.837384259259263,0.00043321000055287476,0.9999999914444713
bg_4_so4_a2_SRF,497,0.9993643172946095,0.4398287509476906,25.89337384259259,0.0004382972233148435,0.9999999963927099
bg_4_so4_a2_SRF,498,0.9999480230033473,0.4310098311613767,25.801142939814813,0.00043546758439663594,0.9999999971211522
bg_4_so4_a2_SRF,499,0.9998891025926192,0.4266377590792184,25.204354745370374,0.0004382097923751925,0.9999999965706233
bg_4_so4_a2_SRF,500,0.9993694208569739,0.42229093076604785,22.97996238425926,0.0004388055697234767,0.9999999966957606
bg_4_so4_a2_SRF,501,0.9998853803635958,0.4398287509476906,23.314525462962962,0.00043701112085131497,0.9999999964653045
bg_4_so4_a2_SRF,502,0.9998714830108575,0.43982875094768714,24.739583333333336,0.0004280214802899303,0.9999999962962715
bg_4_so4_a2_SRF,503,0.9995385862329641,0.4398287509476906,25.11031539351852,0.00044211960809130896,0.9999999961676858
bg_4_so4_a2_SRF,504,0.9998968307093857,0.4398287509476889,24.735966435185187,0.0004354400597382342,0.9999999886855403
bg_4_so4_a2_SRF,505,0.9999730772431096,0.4398287509476906,24.177155671296298,0.0004395838865024855,0.9999999961890256
bg_4_so4_a2_SRF,506,0.9999571146406152,0.43540691075941573,23.83174189814815,0.00043528719659445997,0.9999999967096427
bg_4_so4_a2_SRF,507,0.999811408410084,0.4398287509476906,24.256727430555554,0.00043874109861809533,0.999999996611634
bg_4_so4_a2_SRF,508,0.9998967752251396,0.4222909307660543,24.48459201388889,0.00042920338353550134,0.9999999962607811
bg_4_so4_a2_SRF,509,0.999919592980133,0.43540691075941906,24.51533564814815,0.0004330549123475879,0.9999999961431935
bg_4_so4_a2_SRF,510,0.9998479780185895,0.4398287509476889,24.82277199074074,0.00043649501472513947,0.9999999962372427
bg_4_so4_a2_SRF,511,0.9991946492875772,0.4398287509476889,25.575086805555557,0.0004403865692499211,0.9999999968429427
bg_4_so4_a2_SRF,512,0.9997535330229006,0.4398287509476889,25.010850694444443,0.00043666421166012564,0.9999999969218244
bg_4_so4_a2_SRF,513,0.9998966723605346,0.4398287509476898,24.683521412037038,0.00043897971577115273,0.999999997191041
bg_4_so4_a2_SRF,514,0.9998350111752844,0.4398287509476889,25.455729166666668,0.0004293342722654279,0.9999999969139896
bg_4_so4_a2_SRF,515,0.999970848037729,0.439828750947694,25.513599537037035,0.0004274424089562826,0.9999999970214469
bg_4_so4_a2_SRF,516,0.9998620108363248,0.4094041148895937,25.831886574074076,0.00042422096750497436,0.9999999958240104
bg_4_so4_a2_SRF,517,0.9996545261005888,0.4398287509476906,23.63823784722222,0.0004387847693699699,0.9999999965806508
bg_4_so4_a2_SRF,518,0.9997749087369362,0.4398287509476906,25.204354745370374,0.00043926009078041874,0.9999999968865271
bg_4_so4_a2_SRF,519,0.9999451714151534,0.4398287509476906,25.197120949074076,0.00044324254331575306,0.9999999967867573
bg_4_so4_a2_SRF,520,0.9998996357151775,0.43982875094768714,24.602141203703702,0.00043207812749314746,0.9999999973689444
bg_4_so4_a2_SRF,521,0.9998892274578237,0.43540691075941906,25.750506365740737,0.00043727238005648877,0.9999999968774527
bg_4_so4_a2_SRF,522,0.9997550684855903,0.5089248273195877,24.73415798611111,0.0004318950115965046,0.9999999955290034
bg_4_so4_a2_SRF,523,0.999988536865443,0.4398287509476906,24.169921875,0.0004430944397987014,0.9999999940996417
bg_4_so4_a2_SRF,524,0.9999811858316561,0.4354069107594182,24.869791666666664,0.00043595914550291953,0.9999999969899984
bg_4_so4_a2_SRF,525,0.9997424489396706,0.43100983116138325,26.46484375,0.0004372184136572111,0.9999999965661119
bg_4_so4_a2_SRF,526,0.999856430694246,0.4266377590792184,26.03985821759259,0.00043738869587476285,0.9999999970867604
bg_4_so4_a2_SRF,527,0.9999044737810698,0.4266377590792251,27.000144675925924,0.00043738040801637125,0.9999999969347159
bg_4_so4_a2_SRF,528,0.9997726438227454,0.43982875094768037,28.009259259259263,0.0004313963338138546,0.9999999965935602
bg_4_so4_a2_SRF,529,0.9997515506105761,0.439828750947694,25.546151620370374,0.0004362217782995241,0.9999999966003963
bg_4_so4_a2_SRF,530,0.9997825383040803,1.0,24.007161458333336,0.0004419439209758364,0.9999999967337233
bg_4_so4_a2_SRF,531,0.9998467603157362,0.4398287509476906,24.602141203703702,0.0004358836387730731,0.999999996312768
bg_4_so4_a2_SRF,532,0.9999138110457716,0.4398287509476906,24.735966435185187,0.00043506488870581503,0.9999999965956715
bg_4_so4_a2_SRF,533,0.9988576723127531,0.42663775907921186,25.81741898148148,0.00043887187918724554,0.999999996879063
bg_4_so4_a2_SRF,534,0.9998879046781672,0.4398287509476906,25.98198784722222,0.00043997307204848157,0.9999999966609057
bg_4_so4_a2_SRF,535,0.999918012060407,0.4398287509476906,24.71607349537037,0.0004379323081775074,0.999999996207269
bg_4_so4_a2_SRF,536,0.9997726225692426,0.4398287509476906,24.705222800925927,0.0004341145780327685,0.9999999960242232
bg_4_so4_a2_SRF,537,0.9998210878375645,0.4266377590792184,25.14105902777778,0.00043767868402947433,0.999999996266918
bg_4_so4_a2_SRF,538,0.9998038499563661,0.43982875094768714,25.519024884259263,0.00043130591260458375,0.9999999960707917
bg_4_so4_a2_SRF,539,0.9999408775363997,0.4398287509476906,26.756004050925924,0.00043050749317320703,0.9999999971883994
bg_4_so4_a2_SRF,540,0.9997101788099075,0.4266377590792184,27.166521990740737,0.0004317216652929419,0.9999999970445345
bg_4_so4_a2_SRF,541,0.9997838101420782,0.43982875094768714,27.589699074074076,0.0004307450095228274,0.9999999940253127
bg_4_so4_a2_SRF,542,0.9999333846289227,1.0,26.189959490740737,0.0004374962474959096,0.9999999946570955
bg_4_so4_a2_SRF,543,0.9999861076029106,0.4398287509476906,26.16644965277778,0.0004380586938553522,0.9999999968662422
bg_4_so4_a2_SRF,544,0.9998162682929274,0.4354069107594173,25.958478009259263,0.0004406212359549955,0.9999999967486606
bg_4_so4_a2_SRF,545,0.9998942271178053,0.4398287509476906,25.78125,0.0004225936517681376,0.9999999965654751
bg_4_so4_a2_SRF,546,0.9997722060266878,0.43982875094768714,25.32913773148148,0.00043433483796549493,0.9999999970946746
bg_4_so4_a2_SRF,547,0.9999598545187275,0.4398287509476906,25.46657986111111,0.0004328765396775651,0.999999994856952
bg_4_so4_a2_SRF,548,0.9996228950433028,0.43982875094768714,26.179108796296298,0.0004303011895937625,0.9999999930299742
bg_4_so4_a2_SRF,549,0.9997974831535222,0.43540691075941906,26.55707465277778,0.0004360363862473952,0.9999999924458005
bg_4_so4_a2_SRF,550,0.9999158474995373,0.43540691075941906,28.125,0.0004379456458038329,0.9999999964398141
bg_4_so4_a2_SRF,551,0.9998641762374874,0.42663775907921186,27.558955439814813,0.00043765986321560795,0.9999999964806815
bg_4_so4_a2_SRF,552,0.9998882713542568,0.43982875094768714,25.9765625,0.0004358977957326581,0.9999999964932657
bg_4_so4_a2_SRF,553,0.9998643326851314,0.4398287509476906,24.730541087962962,0.0004415266564295254,0.9999999968256045
bg_4_so4_a2_SRF,554,0.9999376174705882,0.4310098311613798,24.36885127314815,0.00043210973847318003,0.9999999968926803
bg_4_so4_a2_SRF,555,0.9998578701921259,0.4398287509476906,23.84078414351852,0.0004388735878656931,0.9999999972095798
bg_4_so4_a2_SRF,556,0.9998182246009114,0.43982875094768714,23.808232060185187,0.0004428497718144617,0.9999999959942861
bg_4_so4_a2_SRF,557,0.9998621801438983,0.43982875094768714,24.44842303240741,0.00043693081669813645,0.999999996378126
bg_4_so4_a2_SRF,558,0.9999231432259564,0.4398287509476906,25.206163194444443,0.0004371650148216906,0.9999999964130867
bg_4_so4_a2_SRF,559,0.9996669429838602,0.43540691075941906,24.96563946759259,0.00043637516547148116,0.9999999951849627
bg_4_so4_a2_SRF,560,0.9998989081331403,0.4179695719934502,25.14105902777778,0.0004337568476665295,0.9999999924425865
bg_4_so4_a2_SRF,561,0.9999513377735163,0.42663775907921664,24.367042824074073,0.000433361046614313,0.9999999919102245
bg_4_so4_a2_SRF,562,0.9998942949254855,0.4398287509476906,24.39236111111111,0.00044066320406096896,0.9999999971033595
bg_4_so4_a2_SRF,563,0.9999100061780514,0.43540691075941906,24.79926215277778,0.00043528719659445997,0.9999999965010075
bg_4_so4_a2_SRF,564,0.9999699769145903,0.43982875094768714,25.547960069444443,0.00042895415702402437,0.9999999966406998
bg_4_so4_a2_SRF,565,0.9999348193122484,0.4266377590792184,25.904224537037035,0.00043786928162358634,0.9999999972131343
bg_4_so4_a2_SRF,566,0.9998717149747927,0.41796957199345697,25.23148148148148,0.00043641677127943476,0.9999999963659391
bg_4_so4_a2_SRF,567,0.9999464212602307,0.43540691075941906,24.30736400462963,0.0004368229796721422,0.9999999969052309
bg_4_so4_a2_SRF,568,0.999697962586459,0.4266377590792184,25.204354745370374,0.000440231477317281,0.9999999968373916
bg_4_so4_a2_SRF,569,0.9996273981053703,0.4266377590792184,24.934895833333336,0.0004346797963622661,0.999999996012882
bg_4_so4_a2_SRF,570,0.9997286391225787,0.44427509393646925,26.387080439814813,0.0004312656261031577,0.9999999961492149
bg_4_so4_a2_SRF,571,0.9996569956378463,0.41796957199345697,26.766854745370374,0.00043904517779179625,0.9999999969416551
bg_4_so4_a2_SRF,572,0.9998154700286865,0.41796957199345697,26.42144097222222,0.00044081982952365886,0.9999999958638237
bg_4_so4_a2_SRF,573,0.999973565793442,0.43982875094768714,25.007233796296298,0.0004425528668626729,0.9999999952865692
bg_4_so4_a2_SRF,574,0.9999841950807838,0.439828750947694,25.414134837962965,0.000435126098330703,0.9999999948290592
bg_4_so4_a2_SRF,575,0.9998653142124241,0.43982875094768714,26.15921585648148,0.0004352584932901198,0.9999999972550316
bg_4_so4_a2_SRF,576,0.9997490063955915,0.42229093076604785,25.734230324074076,0.00044234966892942626,0.9999999934645795
bg_4_so4_a2_SRF,577,0.9995955468904328,0.43982875094768714,23.58036747685185,0.00043795142613231797,0.9999999934558366
bg_4_so4_a2_SRF,578,0.9999648913962527,0.439828750947694,23.75217013888889,0.00043489575903143615,0.9999999919620215
bg_4_so4_a2_SRF,579,0.9998657790953701,0.43540691075941906,23.719618055555554,0.0004336723230409439,0.999999993997737
bg_4_so4_a2_SRF,580,0.9996969678983637,0.43100983116139013,23.102936921296298,0.00043353309525441476,0.9999999960410163
bg_4_so4_a2_SRF,581,0.9998297632380979,0.7234886441643801,22.862413194444446,0.0004402504344349933,0.9999999967167563
bg_4_so4_a2_SRF,582,0.9998134640536402,0.5329823717733759,23.231336805555554,0.00043809235765730276,0.9999999967537847
bg_4_so4_a2_SRF,583,0.9997075062907773,0.43982875094768714,24.544270833333336,0.00043850456661311964,0.9999999938123488
bg_4_so4_a2_SRF,584,0.9999213585985617,0.43540691075941906,24.62203414351852,0.0004410533447590034,0.9999999954607791
bg_4_so4_a2_SRF,585,0.9998701408447854,0.43540691075941906,26.01092303240741,0.00043666971745180114,0.9999999974299857
bg_4_so4_a2_SRF,586,0.9996327234590108,0.43540691075941906,25.945818865740737,0.0004330028145713458,0.9999999943176847
bg_4_so4_a2_SRF,587,0.9998101282673364,0.43982875094768714,24.21875,0.0004394969122676501,0.9999999969461382
bg_4_so4_a2_SRF,588,0.9999959702003766,0.439828750947694,23.86791087962963,0.0004384004382714337,0.999999995678878
bg_4_so4_a2_SRF,589,0.9999092932067973,0.43982875094768714,24.58767361111111,0.00043783159463810033,0.9999999922237564
bg_4_so4_a2_SRF,590,0.999915369396866,0.439828750947694,25.316478587962965,0.0004354400597382342,0.9999999936212455
bg_4_so4_a2_SRF,591,0.9998046650219166,0.4398287509476906,25.634765625,0.0004409453175930265,0.9999999969880048
bg_4_so4_a2_SRF,592,0.9998131423915674,0.43540691075941906,25.135633680555557,0.0004382535462275004,0.9999999970403698
bg_4_so4_a2_SRF,593,0.999937734312797,0.43982875094768714,25.028935185185187,0.0004414599507791574,0.9999999965241779
bg_4_so4_a2_SRF,594,0.9998198308505527,0.4310098311613767,26.690899884259263,0.000433650606855761,0.999999994385049
bg_4_so4_a2_SRF,595,0.9999971873850506,0.41796957199345697,26.750578703703702,0.0004357289975859898,0.9999999932545568
bg_4_so4_a2_SRF,596,0.999511946818012,0.42663775907921186,26.82110821759259,0.0004359445781762353,0.9999999969011608
bg_4_so4_a2_SRF,597,0.9998565929418922,0.4266377590792251,26.90972222222222,0.0004380393875504471,0.9999999970767133
bg_4_so4_a2_SRF,598,0.9998472962105882,0.43100983116138325,27.11407696759259,0.00043762962282507844,0.9999999969151078
bg_4_so4_a2_SRF,599,0.9997864192616479,0.41796957199345697,25.91507523148148,0.0004411198082697308,0.9999999970341849
bg_4_so4_a2_SRF,600,0.9995551749212812,0.41796957199345697,26.341869212962965,0.00043122883121600973,0.9999999970813211
bg_4_so4_a2_SRF,601,0.9998988847813668,0.43540691075941906,25.743272569444443,0.000432208044859571,0.9999999954604044
bg_4_so4_a2_SRF,602,0.9999379760306016,0.43982875094768714,26.813874421296298,0.0004415934802386377,0.9999999963182096
bg_4_so4_a2_SRF,603,0.9999230056496409,0.43540691075941573,26.043475115740737,0.0004320310301053517,0.9999999884234649
bg_4_so4_a2_SRF,604,0.9999596722708711,0.4398287509476897,26.419632523148145,0.00043846770481278566,0.9999999928046418
bg_4_so4_a2_SRF,605,0.9999881240586472,0.4354069107594182,26.262297453703702,0.0004260621814552428,0.9999999961573723
bg_4_so4_a2_SRF,606,0.9997234421198079,0.43982875094768714,26.036241319444443,0.0004395409623104702,0.9999999971196358
bg_4_so4_a2_SRF,607,0.9996425548226257,0.43540691075941906,26.756004050925924,0.000431916930088144,0.9999999951568114
bg_4_so4_a2_SRF,608,0.9999354968449955,0.4398287509476906,24.974681712962962,0.00043471301394716654,0.9999999907250442
bg_4_so4_a2_SRF,609,0.9996246700272271,0.4266377590792251,26.89887152777778,0.000434466758390979,0.9999999937539165
bg_4_so4_a2_SRF,610,0.9997975686106563,0.43982875094768714,26.112196180555557,0.00044226857687715943,0.9999999927136366
bg_4_so4_a2_SRF,611,0.9998135922707069,0.4398287509476906,26.387080439814813,0.0004410949304317169,0.9999999974106912
bg_4_so4_a2_SRF,612,0.9999418636493378,0.43982875094768925,26.737919560185187,0.00043441157835634453,0.9999999968599428
bg_4_so4_a2_SRF,613,0.9999170663693779,0.4266377590792184,25.904224537037035,0.0004378252287816257,0.9999999925635256
bg_4_so4_a2_SRF,614,0.9992144259540713,0.9999860552878879,25.889756944444443,0.0004345471343464271,0.9999999955709048
bg_4_so4_a2_SRF,615,0.9997406848660564,1.0,25.517216435185187,0.00043735373681707906,0.9999999923822168
bg_4_so4_a2_SRF,616,0.9999182278398324,0.9999998917758716,25.065104166666668,0.00044048942550275187,0.9999999943418257
bg_4_so4_a2_SRF,617,0.9998403126078017,0.4398287509476906,25.484664351851855,0.0004426611814968276,0.99999999731444
bg_4_so4_a2_SRF,618,0.9998831074815188,0.9886072522526784,25.584129050925924,0.0004381807701917867,0.9999999965043335
bg_4_so4_a2_SRF,619,0.9999806499229895,0.4398287509476906,25.343605324074076,0.0004356367708505274,0.9999999966565831
bg_4_so4_a2_SRF,620,0.999821646946448,0.43982875094768714,26.363570601851855,0.000442376795464068,0.9999999969125319
bg_4_so4_a2_SRF,621,0.9998332785687423,0.4222909307660543,26.182725694444443,0.0004436252975926936,0.9999999931194763
bg_4_so4_a2_SRF,622,0.9992443014117304,0.43540691075941906,24.27119502314815,0.0004363623776449196,0.9999999901019949
bg_4_so4_a2_SRF,623,0.9999766171276048,0.43982875094768037,24.394169560185187,0.0004352089276265459,0.9999999903642698
bg_4_so4_a2_SRF,624,0.9994840654503151,0.41796957199345697,24.39236111111111,0.0004432027543154836,0.9999999933233921
bg_4_so4_a2_SRF,625,0.9998525301807537,0.4136738982417727,25.374348958333332,0.0004402782541228,0.9999999908888986
bg_4_so4_a2_SRF,626,0.9999651263301254,0.41796957199345697,27.010995370370374,0.00043910951903573656,0.9999999952167141
bg_4_so4_a2_SRF,627,0.9998421771488507,0.43540691075941906,26.30389178240741,0.00044233623752394,0.9999999909624263
bg_4_so4_a2_SRF,628,0.9997820473663255,0.4900213118345267,26.50824652777778,0.0004378569735606734,0.999999997436242
bg_4_so4_a2_SRF,629,0.999587990318691,0.43100983116138325,26.699942129629626,0.000427225965291409,0.9999999973772058
bg_4_so4_a2_SRF,630,0.9997596162714477,0.43100983116138325,26.915147569444443,0.0004351118159552671,0.9999999967916087
bg_4_so4_a2_SRF,631,0.9996359168583606,0.4310098311613767,28.369140625,0.0004295844728017654,0.9999999966725
bg_4_so4_a2_SRF,632,0.9999624677719359,0.43982875094768925,28.280526620370374,0.00042985232261853865,0.9999999968207056
bg_4_so4_a2_SRF,633,0.9997871506426353,0.4266377590792184,25.44487847222222,0.0004324807417291546,0.9999999970174678
bg_4_so4_a2_SRF,634,0.9997854731799023,0.4266377590792184,24.437572337962962,0.000424792982380989,0.9999999971014506
bg_4_so4_a2_SRF,635,0.9998855060283542,0.41796957199345697,26.49197048611111,0.00042918847241002613,0.9999999970480425
bg_4_so4_a2_SRF,636,0.9992854151332347,0.4266377590792184,27.33832465277778,0.00043523431846419886,0.9999999969594437
bg_4_so4_a2_SRF,637,0.9998096610130693,0.4222909307660543,27.137586805555557,0.0004403865692499211,0.9999999972511423
bg_4_so4_a2_SRF,638,0.9996684416301964,0.4266377590792251,27.265986689814813,0.00042049459395880807,0.9999999970118287
bg_4_so4_a2_SRF,639,0.9998531110299758,0.827429186855757,26.971209490740737,0.00043048963397413224,0.999999996848011
bg_4_so4_a2_SRF,640,0.9997827103144477,0.439828750947694,26.712601273148145,0.0004336968309305901,0.9999999969163581
bg_4_so4_a2_SRF,641,0.9998649587742346,0.4354069107594124,28.459563078703702,0.00043643319454743465,0.9999999971034575
bg_4_so4_a2_SRF,642,0.9998345709785398,0.4398287509476889,27.34917534722222,0.00043774904130368446,0.9999999963947417
bg_4_so4_a2_SRF,643,0.9997077614178007,0.43540691075941906,27.969473379629626,0.0004315548207791589,0.99999999672197
bg_4_so4_a2_SRF,644,0.9997276907316508,0.4310098311613767,26.815682870370374,0.0004355139905100166,0.9999999967501555
bg_4_so4_a2_SRF,645,0.9994309809402236,0.42229093076604096,27.341941550925924,0.000430378488824056,0.9999999940696419
bg_4_so4_a2_SRF,646,0.9997422192202681,0.9463103849596407,28.38179976851852,0.0004378252287816257,0.9999999954621454
bg_4_so4_a2_SRF,647,0.9998623251375838,1.0,28.15936053240741,0.0004424576957918534,0.9999999965820323
bg_4_so4_a2_SRF,648,0.9997471875753787,0.43982875094768714,29.246238425925924,0.0004354400597382342,0.9999999964899721
bg_4_so4_a2_SRF,649,0.9998618970882112,0.43540691075941906,28.22808159722222,0.0004369410688085515,0.9999999966555422
bg_4_so4_a2_SRF,650,0.9998019234557312,0.4310098311613767,29.385489004629626,0.00044137742611683405,0.9999999967527043
bg_4_so4_a2_SRF,651,0.9997512782880283,0.4266377590792184,28.271484375,0.00044048942550275187,0.9999999970394097
bg_4_so4_a2_SRF,652,0.9999420019472544,0.43540691075941906,27.472149884259263,0.00043660730555035015,0.9999999970917698
bg_4_so4_a2_SRF,653,0.999909184510826,0.4354069107594124,27.423321759259263,0.00043139689698749623,0.9999999958090356
bg_4_so4_a2_SRF,654,0.9996625622436779,0.4266377590792184,28.448712384259263,0.0004262770922803348,0.999999996780475
bg_4_so4_a2_SRF,655,0.9999868389332983,0.42663775907921186,29.316767939814813,0.0004215783557927642,0.9999999966929786
bg_4_so4_a2_SRF,656,0.9997625790320965,0.4310098311613767,28.352864583333332,0.00043141196914629873,0.9999999968655756
bg_4_so4_a2_SRF,657,0.9998654024370538,0.4310098311613767,28.190104166666668,0.0004197369949978647,0.9999999971010451
bg_4_so4_a2_SRF,658,0.9998398799051111,0.4222909307660543,29.027416087962965,0.000441227931166712,0.999999996595337
bg_4_so4_a2_SRF,659,0.9998908836919879,0.4310098311613767,29.39453125,0.0004293418814418509,0.9999999969762356
bg_4_so4_a2_SRF,660,0.9998449586111948,0.43982875094768925,28.633174189814813,0.0004315046508659243,0.9999999969552493
bg_4_so4_a2_SRF,661,0.9998809032017949,0.43982875094768925,27.926070601851855,0.0004302899578620621,0.9999999966961628
bg_4_so4_a2_SRF,662,0.9998647276854307,0.43982875094768925,27.009186921296298,0.00042503951060537444,0.9999999970485154
bg_4_so4_a2_SRF,663,0.9999293950275915,0.43982875094768925,27.51193576388889,0.00043757783836547847,0.9999999962956952
bg_4_so4_a2_SRF,664,0.9998585130039885,0.43100983116139013,28.17925347222222,0.000431030423043714,0.9999999973889815
bg_4_so4_a2_SRF,665,0.9996559504524556,0.43540691075941906,28.457754629629626,0.00042997766999595466,0.9999999962446849
bg_4_so4_a2_SRF,666,0.9998597647620158,0.4266377590792251,28.40530960648148,0.0004361140363830776,0.9999999969229975
bg_4_so4_a2_SRF,667,0.9996717878740891,0.43540691075941906,27.790436921296298,0.0004389362948485724,0.9999999931322823
bg_4_so4_a2_SRF,668,0.9999759811081588,0.439828750947694,28.01287615740741,0.0004260604473391717,0.9999999962401395
bg_4_so4_a2_SRF,669,0.9998846190799215,0.43982875094768714,26.484736689814813,0.00043510587203241115,0.9999999964587152
bg_4_so4_a2_SRF,670,0.9997616196860292,0.439828750947694,27.152054398148145,0.0004300576226767745,0.9999999964167108
bg_4_so4_a2_SRF,671,0.9997389045282876,0.4222909307660543,28.54998553240741,0.00042829076117473794,0.9999999961983825
bg_4_so4_a2_SRF,672,0.9999154472207287,0.43540691075941906,28.84476273148148,0.0004324725333256374,0.9999999964280831
bg_4_so4_a2_SRF,673,0.9997858504212,0.43540691075941906,28.584346064814813,0.0004239752116943424,0.9999999963029095
bg_4_so4_a2_SRF,674,0.9998691523993118,0.4354069107594055,28.866464120370374,0.00043304866910356336,0.9999999965535108
bg_4_so4_a2_SRF,675,0.9999181979882777,0.43100983116139013,28.164785879629626,0.00041919140582012405,0.9999999962284375
bg_4_so4_a2_SRF,676,0.9996840330728335,0.4354069107594055,26.77951388888889,0.0004328510926836371,0.9999999968538605
bg_4_so4_a2_SRF,677,0.9998549600111741,0.43540691075941906,28.407118055555557,0.0004116430146631564,0.9999999970726381
bg_4_so4_a2_SRF,678,0.9998165813483005,0.4310098311613767,28.508391203703702,0.0004312275389140933,0.9999999966635336
bg_4_so4_a2_SRF,679,0.9997975800273214,0.4398287509476906,30.119719328703702,0.000432195039602748,0.9999999948010913
bg_4_so4_a2_SRF,680,0.9998306279189562,1.0,30.09982638888889,0.0004379954454906895,0.9999999965905912
bg_4_so4_a2_SRF,681,0.999803355754895,0.43982875094768714,29.781539351851855,0.0004369029970420618,0.9999999955194703
bg_4_so4_a2_SRF,682,0.9999803879529784,0.9657338909720949,29.636863425925924,0.0004287380974382169,0.9999999968238085
bg_4_so4_a2_SRF,683,0.9998498265078383,0.4354069107594055,28.74710648148148,0.000425342123806811,0.9999999962191514
bg_4_so4_a2_SRF,684,0.9997958397633955,0.4094041148895937,28.80859375,0.0004240249496490027,0.9999999964990652
bg_4_so4_a2_SRF,685,0.999867482032614,0.43100983116139013,28.761574074074076,0.0004262310988787436,0.9999999965519164
bg_4_so4_a2_SRF,686,0.9997665036689822,0.41796957199347007,29.881004050925924,0.0004362190350903505,0.99999999648338
bg_4_so4_a2_SRF,687,0.9998565396634085,0.41796957199347007,29.450593171296298,0.00043509758409180526,0.9999999943813137
bg_4_so4_a2_SRF,688,0.9998177217519347,0.4310098311613796,29.824942129629626,0.0004380393875504471,0.9999999948303523
bg_4_so4_a2_SRF,689,0.999973343492938,0.43540691075941906,29.537398726851855,0.0004318114241195654,0.9999999966730992
bg_4_so4_a2_SRF,690,0.9997671420677966,0.43540691075941906,30.62789351851852,0.0004360062944434043,0.9999999958616153
bg_4_so4_a2_SRF,691,0.9998843161207825,0.4398287509476906,29.47048611111111,0.0004294603399237202,0.9999999957215403
bg_4_so4_a2_SRF,692,0.9997739958960956,0.5281353018585446,29.159432870370374,0.0004418504506831405,0.9999999960027913
bg_4_so4_a2_SRF,693,0.9996332792595279,0.4136738982417727,29.805049189814813,0.0004321810638139019,0.9999999960952894
bg_4_so4_a2_SRF,694,0.99984476327185,0.4222909307660543,29.47771990740741,0.0004359918587425354,0.999999994935844
bg_4_so4_a2_SRF,695,0.9998691810692045,0.844613948228761,29.26251446759259,0.00042855622203265346,0.9999999947441873
bg_4_so4_a2_SRF,696,0.999879700849645,0.4310098311613634,29.06720196759259,0.00043731731204263896,0.9999999958682959
bg_4_so4_a2_SRF,697,0.9998448217011403,0.4222909307660543,29.720052083333332,0.00043267553676469485,0.9999999958095027
bg_4_so4_a2_SRF,698,0.9998244734196123,0.400942991519327,29.658564814814813,0.0004249644768036813,0.9999999963373911
bg_4_so4_a2_SRF,699,0.999894859014647,0.4094041148895675,29.929832175925924,0.00042180002976535897,0.9999999965505275
bg_4_so4_a2_SRF,700,0.9999281979916994,0.4398287509476898,29.070818865740737,0.0004324129929401087,0.9999999958763465
bg_4_so4_a2_SRF,701,0.9997063331308612,0.8767625538477162,29.083478009259263,0.00043370848849535966,0.9999999957582548
bg_4_so4_a2_SRF,702,0.9998546585899554,0.43540691075941906,28.099681712962965,0.0004374150871718045,0.999999995392635
bg_4_so4_a2_SRF,703,0.999742572420212,0.43982875094768714,27.841073495370374,0.00042267448702288074,0.9999999958824562
bg_4_so4_a2_SRF,704,0.9999470643078424,0.43540691075941906,27.381727430555557,0.0004368057523957546,0.999999995736059
bg_4_so4_a2_SRF,705,0.9999148660228953,0.4398287509476906,26.920572916666668,0.0004296540555984658,0.9999999959734485
bg_4_so4_a2_SRF,706,0.9998831616492837,0.4354069107594173,27.513744212962965,0.00043737051813369103,0.9999999933634215
bg_4_so4_a2_SRF,707,0.9998748265901194,0.9999952377227301,26.7578125,0.0004374962474959096,0.9999999936257151
bg_4_so4_a2_SRF,708,0.9998769437472649,0.43982875094768037,26.667390046296298,0.000428504174553001,0.9999999955523929
bg_4_so4_a2_SRF,709,0.9998092807361685,0.43540691075941906,27.423321759259263,0.000432548848968145,0.9999999955904433
bg_4_so4_a2_SRF,710,0.9998502448706639,0.43540691075941906,26.857277199074076,0.0004276901701254133,0.9999999959776096
bg_4_so4_a2_SRF,711,0.9998663442276935,0.41796957199345697,28.620515046296298,0.0004417685453007466,0.9999999960837387
bg_4_so4_a2_SRF,712,0.9996878371657929,0.400942991519327,27.625868055555557,0.00043473338373564864,0.9999999967760339
bg_4_so4_a2_SRF,713,0.9998881876943927,0.43100983116139013,27.168330439814813,0.0004258888265619574,0.9999999946037044
bg_4_so4_a2_SRF,714,0.9997119356606903,0.43540691075941906,26.71440972222222,0.000419508155033369,0.9999999922346041
bg_4_so4_a2_SRF,715,0.9999165878933571,0.4398287509476906,26.349103009259263,0.0004276536175257067,0.9999999951759202
bg_4_so4_a2_SRF,716,0.9998502954665771,1.0,26.862702546296298,0.0004240991705704833,0.9999999957926768
bg_4_so4_a2_SRF,717,0.9998400490970631,0.999999993183976,26.853660300925924,0.00044190297856477976,0.999999995808911
bg_4_so4_a2_SRF,718,0.9999226207248182,0.9742433711279879,27.660228587962965,0.0004415110461126782,0.9999999957125149
bg_4_so4_a2_SRF,719,0.999896728797515,0.41796957199345697,26.22612847222222,0.0004293888034728366,0.9999999933217669
bg_4_so4_a2_SRF,720,0.9998097728862004,0.4310098311613634,25.60763888888889,0.0004351118159552671,0.9999999964049227
bg_4_so4_a2_SRF,721,0.9998162216089183,0.43540691075941906,25.215205439814813,0.00042032280243300415,0.9999999961581582
bg_4_so4_a2_SRF,722,0.9998620824844957,0.43100983116139013,26.211660879629626,0.0004359445781762353,0.9999999954504099
bg_4_so4_a2_SRF,723,0.9998489750117864,0.4222909307660543,26.070601851851855,0.00041704674412769936,0.9999999953182386
bg_4_so4_a2_SRF,724,0.9998204680073461,0.42663775907921186,26.569733796296298,0.00042864077746496056,0.9999999950395532
bg_4_so4_a2_SRF,725,0.9998100583193419,0.400942991519327,26.982060185185187,0.0004409623996287767,0.9999999955338704
bg_4_so4_a2_SRF,726,0.9999170685519934,0.43982875094768037,26.08687789351852,0.00044139336297441565,0.999999995800566
bg_4_so4_a2_SRF,727,0.9997979418665294,0.43982875094768037,27.139395254629626,0.0004396060852558888,0.9999999958025807
bg_4_so4_a2_SRF,728,0.9999179574987879,0.4310098311613767,27.42693865740741,0.00043356267039495165,0.9999999960611234
bg_4_so4_a2_SRF,729,0.9999378526622902,0.43540691075941906,26.954933449074076,0.00043463944115881777,0.99999999604281
bg_5_so4_a2_SRF,0,0.9999997038242323,0.43982875094768037,0.0,4.3759547586695476e-05,0.9999999999222478
bg_5_so4_a2_SRF,1,0.9999896575186972,0.9847014623545749,0.0,4.369909012988952e-05,0.999999999934158
bg_5_so4_a2_SRF,2,0.9999991992113199,0.43982875094768037,0.0,4.377383013573867e-05,0.9999999999411834
bg_5_so4_a2_SRF,3,0.9998999110304192,0.4398287509476906,0.0,4.396241940078876e-05,0.9999999999473477
bg_5_so4_a2_SRF,4,0.9999993021075401,0.4398287509476889,0.0,4.377651784239847e-05,0.9999999999324864
bg_5_so4_a2_SRF,5,0.9999957895628961,0.4442750939364747,0.0,4.384763138734772e-05,0.9999999999361974
bg_5_so4_a2_SRF,6,0.9999772569540962,0.43982875094768037,0.0,4.395378419975027e-05,0.999999999942604
bg_5_so4_a2_SRF,7,0.999901300830178,0.43982875094768037,0.0,4.3736354494626425e-05,0.999999999937576
bg_5_so4_a2_SRF,8,0.9999730275949156,0.43982875094768037,0.0,4.316158893326684e-05,0.999999999935968
bg_5_so4_a2_SRF,9,0.9999687060250737,0.43100983116139013,0.0,4.358473995049763e-05,0.9999999999367551
bg_5_so4_a2_SRF,10,0.9999642052914858,0.43982875094770757,0.0,4.408802533718894e-05,0.9999999999439956
bg_5_so4_a2_SRF,11,0.9999856436681022,0.43540691075941906,0.0,4.363613454078907e-05,0.999999999945042
bg_5_so4_a2_SRF,12,0.9999796783705963,0.43982875094768714,0.0,4.4213854263854064e-05,0.9999999999404753
bg_5_so4_a2_SRF,13,0.999998694472175,0.9999999999998332,0.0,4.424947734093374e-05,0.9999999999440009
bg_5_so4_a2_SRF,14,0.9999998553960361,0.7818262583134986,0.0,4.3313739834486944e-05,0.9999999999419441
bg_5_so4_a2_SRF,15,0.999989005983274,0.6023411065381432,0.0,4.3722198104246805e-05,0.9999999999493848
bg_5_so4_a2_SRF,16,0.9999912104982547,0.4398287509476898,0.0,4.407629719616732e-05,0.9999999999425399
bg_5_so4_a2_SRF,17,0.9999920101826778,0.4398287509476898,0.0,4.395327259639034e-05,0.9999999999419651
bg_5_so4_a2_SRF,18,0.9999986811388877,1.0,0.0,4.3856701703107636e-05,0.9999999999454867
bg_5_so4_a2_SRF,19,0.999987284711766,1.0,0.0,4.3633749984109756e-05,0.9999999999457944
bg_5_so4_a2_SRF,20,0.9999959774045293,0.4398287509476889,0.0,4.3941661639746306e-05,0.9999999999441691
bg_5_so4_a2_SRF,21,0.9999999177211244,0.4398287509476898,0.0,4.395462913195145e-05,0.9999999999392575
bg_5_so4_a2_SRF,22,0.9999803926430663,0.43982875094768037,0.0,4.378663730284678e-05,0.999999999945794
bg_5_so4_a2_SRF,23,0.9998482069976706,0.43540691075941906,0.0,4.402625069513997e-05,0.9999999999419553
bg_5_so4_a2_SRF,24,0.9999981516182345,0.9995179709435429,0.0,4.30275854821841e-05,0.9999999999473855
bg_5_so4_a2_SRF,25,0.9999938607554948,0.43982875094768037,0.0,4.405220637383396e-05,0.9999999999432059
bg_5_so4_a2_SRF,26,0.9999940145218091,0.43982875094768037,0.0,4.3263555398982687e-05,0.9999999999357311
bg_5_so4_a2_SRF,27,0.9999912752002761,0.43982875094770757,0.0,4.343509343504213e-05,0.999999999923007
bg_5_so4_a2_SRF,28,0.9999940006920541,0.4398287509476906,0.0,4.3254916236897364e-05,0.9999999999464885
bg_5_so4_a2_SRF,29,0.9999866950471088,0.43100983116139013,0.0,4.361777390601657e-05,0.9999999999545106
bg_5_so4_a2_SRF,30,0.9999445898422025,0.4398287509476889,0.0,4.3556756401955605e-05,0.9999999999434814
bg_5_so4_a2_SRF,31,0.9999968446096841,0.43540691075941906,0.0,4.3598493615928695e-05,0.9999999999375021
bg_5_so4_a2_SRF,32,0.999949434018012,0.43540691075941906,0.0,4.41437905797842e-05,0.9999999999297767
bg_5_so4_a2_SRF,33,0.9999978914274956,0.4398287509476889,0.0,4.386810806713741e-05,0.9999999999286104
bg_5_so4_a2_SRF,34,0.999988873868936,0.4398287509476906,0.0,4.4010688901902247e-05,0.9999999999397119
bg_5_so4_a2_SRF,35,0.9999839122113202,0.43540691075941906,0.0,4.370306784418069e-05,0.9999999999466626
bg_5_so4_a2_SRF,36,0.9999982743398478,0.9675633003057538,0.0,4.385930697094277e-05,0.9999999999389301
bg_5_so4_a2_SRF,37,0.9999996286972231,0.43540691075941906,0.0,4.380213220485678e-05,0.9999999999462833
bg_5_so4_a2_SRF,38,0.9999973594339135,0.4398287509476906,0.0,4.377263229281308e-05,0.9999999999484114
bg_5_so4_a2_SRF,39,0.9999955784539137,0.43982875094768037,0.0,4.3569518492020595e-05,0.9999999999442798
bg_5_so4_a2_SRF,40,0.9999767324509637,0.43540691075941906,0.0,4.357243161958728e-05,0.9999999999340472
bg_5_so4_a2_SRF,41,0.9999488205610724,0.4398287509476897,0.0,4.4276960271435964e-05,0.9999999999408581
bg_5_so4_a2_SRF,42,0.9999692987757112,0.43540691075941906,0.0,4.337029905542242e-05,0.9999999999244465
bg_5_so4_a2_SRF,43,1.0,0.43540691075941906,0.0,4.308302827473971e-05,0.9999999999257048
bg_5_so4_a2_SRF,44,0.9999943595193942,0.43982875094768037,0.0,4.338937015748267e-05,0.9999999999219574
bg_5_so4_a2_SRF,45,0.9999883903647481,0.43540691075941906,0.0,4.39679506400268e-05,0.9999999999272196
bg_5_so4_a2_SRF,46,0.9999969388573422,0.43540691075941906,0.0,4.355229038907891e-05,0.999999999924571
bg_5_so4_a2_SRF,47,0.9999956215859991,0.43982875094768037,0.0,4.367462627398325e-05,0.9999999999252279
bg_5_so4_a2_SRF,48,0.9999904794247487,0.439828750947694,0.0,4.3329785941343925e-05,0.9999999999291022
bg_5_so4_a2_SRF,49,0.9999776227136093,0.4398287509476889,0.0,4.375832467535387e-05,0.9999999999391359
bg_5_so4_a2_SRF,50,0.9999967340253768,0.4310098311613767,0.0,4.3843740907406004e-05,0.9999999999386753
bg_5_so4_a2_SRF,51,0.9999777189984232,0.43982875094768037,0.0,4.389045699260179e-05,0.9999999999320939
bg_5_so4_a2_SRF,52,0.9999854985847872,0.439828750947694,0.0,4.363998066068865e-05,0.9999999999357331
bg_5_so4_a2_SRF,53,0.9999876017815904,0.43100983116139013,0.0,4.397880480815348e-05,0.9999999999290837
bg_5_so4_a2_SRF,54,0.9999986514665007,0.43982875094768037,0.0,4.3456347496574476e-05,0.9999999999341587
bg_5_so4_a2_SRF,55,0.9999919209285585,0.43982875094770757,0.0,4.409251127601134e-05,0.9999999999322483
bg_5_so4_a2_SRF,56,0.9999693254842892,0.43982875094770757,0.0,4.37670337433532e-05,0.9999999999381257
bg_5_so4_a2_SRF,57,0.9999928055813266,0.43982875094768037,0.0,4.34787176802148e-05,0.9999999999307275
bg_5_so4_a2_SRF,58,0.9999968020719574,0.43540691075941906,0.0,4.349048266115089e-05,0.999999999930593
bg_5_so4_a2_SRF,59,0.999989731836607,0.43982875094768714,0.0,4.3652521434468535e-05,0.9999999999267782
bg_5_so4_a2_SRF,60,0.9999996558376372,0.43540691075941906,0.0,4.3440564084650786e-05,0.9999999999294562
bg_5_so4_a2_SRF,61,0.9999950571580664,0.43982875094768037,0.0,4.393392440940468e-05,0.9999999999263202
bg_5_so4_a2_SRF,62,0.9999784044451923,0.4398287509476906,0.0,4.352655582589241e-05,0.9999999999272029
bg_5_so4_a2_SRF,63,0.9999245860481702,0.43540691075941906,0.0,4.282466778573915e-05,0.9999999999306604
bg_5_so4_a2_SRF,64,0.9999940128178036,0.43540691075941906,0.0,4.383358779974861e-05,0.9999999999301211
bg_5_so4_a2_SRF,65,0.9999937516704535,0.4310098311613767,0.0,4.36075920903167e-05,0.9999999999354808
bg_5_so4_a2_SRF,66,0.9999815950324226,0.43982875094768037,0.0,4.4010688901902247e-05,0.9999999999338267
bg_5_so4_a2_SRF,67,0.999985518702925,0.4398287509476889,0.0,4.398970710128959e-05,0.9999999999335644
bg_5_so4_a2_SRF,68,0.9999845081966718,0.4398287509476889,0.0,4.377383013573867e-05,0.9999999999284119
bg_5_so4_a2_SRF,69,0.9999722483605972,0.4398287509476898,0.0,4.4029446963330566e-05,0.9999999999247083
bg_5_so4_a2_SRF,70,0.9999964144494331,0.43540691075941906,0.0,4.386911804074301e-05,0.9999999999328495
bg_5_so4_a2_SRF,71,0.999975085311974,0.43982875094768714,0.0,4.362136721681479e-05,0.9999999999372934
bg_5_so4_a2_SRF,72,0.99999839722246,0.43100983116139013,0.0,4.3414109347652455e-05,0.9999999999268555
bg_5_so4_a2_SRF,73,0.9999809720036873,0.43100983116139013,0.0,4.3425734984864194e-05,0.9999999999256163
bg_5_so4_a2_SRF,74,0.9999963882016913,0.439828750947694,0.0,4.388464075583864e-05,0.9999999999329041
bg_5_so4_a2_SRF,75,0.9999998761756693,0.4398287509476906,0.0,4.397410998305785e-05,0.9999999999455261
bg_5_so4_a2_SRF,76,1.0,0.43982875094768714,0.0,4.334979631983224e-05,0.9999999999423036
bg_5_so4_a2_SRF,77,0.9999966022194541,0.43982875094768714,0.0,4.369524117536758e-05,0.9999999999415731
bg_5_so4_a2_SRF,78,0.9999099736819137,0.43982875094768714,0.0,4.381652686654508e-05,0.9999999999408561
bg_5_so4_a2_SRF,79,0.9999564052104347,0.43982875094768714,0.0,4.381434481649292e-05,0.9999999999431087
bg_5_so4_a2_SRF,80,0.9999944518493186,0.43982875094768714,0.0,4.367629251696901e-05,0.9999999999185851
bg_5_so4_a2_SRF,81,0.9999914961363348,0.439828750947694,0.0,4.343692399673293e-05,0.9999999999257356
bg_5_so4_a2_SRF,82,0.9999953505051032,0.43982875094768714,0.0,4.335465110431233e-05,0.9999999999304452
bg_5_so4_a2_SRF,83,0.9999577155916847,0.439828750947694,0.0,4.353801571550958e-05,0.9999999999369421
bg_5_so4_a2_SRF,84,0.9999695212335215,0.43982875094768714,0.0,4.3561911749022694e-05,0.999999999937315
bg_5_so4_a2_SRF,85,0.999982139367923,0.439828750947694,0.0,4.397959829552324e-05,0.9999999999355783
bg_5_so4_a2_SRF,86,0.9999374747000443,0.43982875094768037,0.0,4.400216362701622e-05,0.9999999999332659
bg_5_so4_a2_SRF,87,0.9999581602171773,0.43982875094768714,0.0,4.3830359253641455e-05,0.999999999931438
bg_5_so4_a2_SRF,88,0.99999820406843,0.439828750947694,0.0,4.3771153359530985e-05,0.9999999999410228
bg_5_so4_a2_SRF,89,0.9999999628160541,0.439828750947694,0.0,4.4190700080139966e-05,0.999999999947788
bg_5_so4_a2_SRF,90,0.9999971029949681,0.43540691075941906,0.0,4.390405960442788e-05,0.9999999999407353
bg_5_so4_a2_SRF,91,0.9999587331018466,0.4398287509476889,0.0,4.4312345670983e-05,0.9999999999282847
bg_5_so4_a2_SRF,92,0.9999996211327349,0.43982875094768714,0.0,4.3768747432919625e-05,0.9999999999370635
bg_5_so4_a2_SRF,93,1.0,0.43540691075941906,0.0,4.3814874908532135e-05,0.999999999937851
bg_5_so4_a2_SRF,94,0.9999838865025868,0.439828750947694,0.0,4.350746941030935e-05,0.9999999999355416
bg_5_so4_a2_SRF,95,0.9999585547491592,0.439828750947694,0.0,4.392738491976335e-05,0.9999999999385422
bg_5_so4_a2_SRF,96,1.0,0.439828750947694,0.0,4.374545274681163e-05,0.9999999999420074
bg_5_so4_a2_SRF,97,0.9999723012822443,0.43540691075941906,0.0,4.390499855389528e-05,0.9999999999436454
bg_5_so4_a2_SRF,98,0.999993058188895,0.43982875094768714,0.0,4.3305048178160076e-05,0.9999999999479763
bg_5_so4_a2_SRF,99,0.9999868427743815,0.4398287509476906,0.0,4.343919856747176e-05,0.9999999999476733
bg_5_so4_a2_SRF,100,0.9999989018183507,0.43982875094768714,0.0,4.371064106301525e-05,0.9999999999502686
bg_5_so4_a2_SRF,101,0.9999816298723263,0.439828750947694,0.0,4.380665235306447e-05,0.9999999999490052
bg_5_so4_a2_SRF,102,0.9999648634624264,0.43982875094768037,0.0,4.34008940584176e-05,0.9999999999404031
bg_5_so4_a2_SRF,103,0.9999953920689812,0.43982875094768714,0.0,4.39679506400268e-05,0.9999999999392744
bg_5_so4_a2_SRF,104,0.9999959379365249,0.43982875094768714,0.0,4.3783591160992605e-05,0.9999999999481464
bg_5_so4_a2_SRF,105,0.9999981144911095,0.43982875094768714,0.0,4.3942081389921834e-05,0.9999999999467964
bg_5_so4_a2_SRF,106,0.9999356561273991,0.43982875094768714,0.0,4.376848744723226e-05,0.9999999999350441
bg_5_so4_a2_SRF,107,1.0,0.43982875094768037,0.0,4.3658200378102316e-05,0.9999999999499946
bg_5_so4_a2_SRF,108,0.9999799744751345,0.43982875094768714,0.0,4.3864221632847815e-05,0.9999999999488133
bg_5_so4_a2_SRF,109,0.9999972619935096,0.43982875094768714,0.0,4.413891948792263e-05,0.9999999999467204
bg_5_so4_a2_SRF,110,0.999996706445468,1.0,0.0,4.4009219065070925e-05,0.9999999999437617
bg_5_so4_a2_SRF,111,0.9999612632963021,0.43982875094768714,0.0,4.3635205226486004e-05,0.9999999999487994
bg_5_so4_a2_SRF,112,0.9999972245069432,0.43982875094768714,0.0,4.4103672570868927e-05,0.9999999999587991
bg_5_so4_a2_SRF,113,0.9999829851206178,0.43982875094768037,0.0,4.392439722394358e-05,0.9999999999587633
bg_5_so4_a2_SRF,114,1.0,0.43982875094768714,0.0,4.41785569065724e-05,0.9999999999353147
bg_5_so4_a2_SRF,115,0.999999662380225,0.439828750947694,0.0,4.380487404540436e-05,0.9999999999455988
bg_5_so4_a2_SRF,116,0.9999996395946699,0.43982875094768037,0.0,4.317714867325838e-05,0.9999999999441596
bg_5_so4_a2_SRF,117,0.9999948356712155,0.43982875094768037,0.0,4.4103672570868927e-05,0.9999999999515795
bg_5_so4_a2_SRF,118,0.9999841866218676,0.439828750947694,0.0,4.372993672667828e-05,0.9999999999479907
bg_5_so4_a2_SRF,119,0.9999898004071234,0.43540691075941906,0.0,4.3234724067481584e-05,0.999999999944354
bg_5_so4_a2_SRF,120,0.9999988786018701,0.43540691075941906,0.0,4.3387634933200515e-05,0.9999999999388726
bg_5_so4_a2_SRF,121,0.999993167122505,0.43982875094768714,0.0,4.366203525988132e-05,0.9999999999418153
bg_5_so4_a2_SRF,122,0.9999999002981723,0.5673508269741618,0.0,4.346731142893961e-05,0.9999999999520602
bg_5_so4_a2_SRF,123,0.9999998612519431,0.43982875094768037,0.0,4.309575366916297e-05,0.9999999999493424
bg_5_so4_a2_SRF,124,1.0,0.9021097970856405,0.0,4.413988594979058e-05,0.9999999999464143
bg_5_so4_a2_SRF,125,0.9999945009630125,0.43982875094768714,0.0,4.382261571327173e-05,0.9999999999446311
bg_5_so4_a2_SRF,126,0.9999499263210373,0.43982875094768714,0.0,4.3983482218858013e-05,0.9999999999439182
bg_5_so4_a2_SRF,127,0.9999873712534427,0.43982875094768714,0.0,4.416680364149234e-05,0.9999999999521488
bg_5_so4_a2_SRF,128,0.9999958028212985,0.43982875094768037,0.0,4.351216372176803e-05,0.9999999999580446
bg_5_so4_a2_SRF,129,0.9999664087356976,0.4398287509476906,0.0,4.368393926205602e-05,0.9999999999463751
bg_5_so4_a2_SRF,130,1.0,0.43982875094768714,0.0,4.40269513869222e-05,0.9999999999465458
bg_5_so4_a2_SRF,131,1.0,0.43982875094768714,0.0,4.388755057347698e-05,0.9999999999465571
bg_5_so4_a2_SRF,132,0.999999694626358,0.439828750947694,0.0,4.4034721420927214e-05,0.9999999999426186
bg_5_so4_a2_SRF,133,0.9998899291677109,0.43982875094768714,0.0,4.401702869806294e-05,0.9999999999340101
bg_5_so4_a2_SRF,134,1.0,0.43982875094768714,0.0,4.376439204022487e-05,0.9999999999472747
bg_5_so4_a2_SRF,135,1.0,0.43982875094768714,0.0,4.3906865547296504e-05,0.9999999999492374
bg_5_so4_a2_SRF,136,0.9999969545554537,0.43982875094768714,0.0,4.3897243882651714e-05,0.999999999953745
bg_5_so4_a2_SRF,137,1.0,0.4398287509476906,0.0,4.362400538998822e-05,0.9999999999514778
bg_5_so4_a2_SRF,138,0.9999963330702963,0.9487342876642282,0.0,4.382539513088623e-05,0.9999999999511056
bg_5_so4_a2_SRF,139,0.9999979317822603,0.9994398244777082,0.0,4.3750576063662104e-05,0.9999999999513922
bg_5_so4_a2_SRF,140,0.9999888366279351,0.4398287509476889,0.0,4.395243002643868e-05,0.9999999999507887
bg_5_so4_a2_SRF,141,1.0,0.43982875094768714,0.0,4.39749140826077e-05,0.9999999999514237
bg_5_so4_a2_SRF,142,0.999996170869657,0.4354069107594124,0.0,4.3664116249959685e-05,0.9999999999543853
bg_5_so4_a2_SRF,143,0.999992223961475,0.43540691075941906,0.0,4.38479518105851e-05,0.9999999999545623
bg_5_so4_a2_SRF,144,0.9999868483423244,0.43982875094768714,0.0,4.341233291185049e-05,0.9999999999516527
bg_5_so4_a2_SRF,145,0.9999790366983276,0.43982875094768714,0.0,4.330617774560314e-05,0.9999999999500157
bg_5_so4_a2_SRF,146,0.9999979032711683,0.43982875094768714,0.0,4.41516019125679e-05,0.9999999999581483
bg_5_so4_a2_SRF,147,0.9999977770731024,0.43982875094768714,0.0,4.378743300672707e-05,0.9999999999590123
bg_5_so4_a2_SRF,148,0.9999951961882955,0.43982875094768714,0.0,4.417505250650199e-05,0.9999999999504593
bg_5_so4_a2_SRF,149,0.9999417011605477,0.43982875094768714,0.0,4.3882722649318706e-05,0.9999999999463374
bg_5_so4_a2_SRF,150,0.9999969723604853,0.4398287509476906,0.0,4.4120373156474244e-05,0.999999999948902
bg_5_so4_a2_SRF,151,1.0,1.0,0.0,4.3261378107970936e-05,0.9999999999481739
bg_5_so4_a2_SRF,152,0.9999982889452972,0.439828750947694,0.0,4.3701473155849855e-05,0.9999999999524974
bg_5_so4_a2_SRF,153,0.9999476308510656,0.439828750947694,0.0,4.350325020459323e-05,0.9999999999517055
bg_5_so4_a2_SRF,154,0.9999786785109536,0.9967709355812908,0.0,4.374933347240712e-05,0.999999999952749
bg_5_so4_a2_SRF,155,0.999973042045401,0.999993691100367,0.0,4.3912755965427114e-05,0.9999999999555108
bg_5_so4_a2_SRF,156,1.0,0.439828750947694,0.0,4.3433513350710765e-05,0.9999999999534345
bg_5_so4_a2_SRF,157,1.0,0.4398287509476889,0.0,4.404895578445435e-05,0.999999999954927
bg_5_so4_a2_SRF,158,0.9999967780487953,0.4398287509476889,0.0,4.344668567902791e-05,0.9999999999576796
bg_5_so4_a2_SRF,159,0.9999999915003913,0.4310098311613767,0.0,4.421777967442189e-05,0.9999999999496509
bg_5_so4_a2_SRF,160,0.9999999984511289,0.4398287509476889,0.0,4.378125166383809e-05,0.999999999954327
bg_5_so4_a2_SRF,161,0.9999230532190123,0.4398287509476889,0.0,4.3864221632847815e-05,0.999999999951932
bg_5_so4_a2_SRF,162,0.9999970211846985,0.43540691075941906,0.0,4.411594500765801e-05,0.999999999944482
bg_5_so4_a2_SRF,163,0.999999958498792,0.43982875094768714,0.0,4.360234831023632e-05,0.9999999999593879
bg_5_so4_a2_SRF,164,0.999999976662401,0.4398287509476906,0.0,4.374520974972004e-05,0.9999999999552018
bg_5_so4_a2_SRF,165,0.9999292506894595,0.43982875094768714,0.0,4.410031975325958e-05,0.999999999943504
bg_5_so4_a2_SRF,166,0.9999622796762521,0.4398287509476906,0.0,4.392618990332026e-05,0.9999999999542473
bg_5_so4_a2_SRF,167,0.9999152521937694,0.439828750947694,0.0,4.390499855389528e-05,0.9999999999491805
bg_5_so4_a2_SRF,168,1.0,0.43982875094768714,0.0,4.392916964049918e-05,0.9999999999455902
bg_5_so4_a2_SRF,169,0.99995198728382,0.439828750947694,0.0,4.386826779834779e-05,0.9999999999493282
bg_5_so4_a2_SRF,170,0.9999990964965836,0.43982875094768037,0.0,4.34104448968873e-05,0.9999999999480204
bg_5_so4_a2_SRF,171,1.0,0.43982875094768714,0.0,4.394988257059482e-05,0.9999999999485285
bg_5_so4_a2_SRF,172,1.0,0.43982875094768714,0.0,4.368732436938645e-05,0.9999999999547438
bg_5_so4_a2_SRF,173,0.9999982327112716,0.43982875094768714,0.0,4.353419508187e-05,0.9999999999479384
bg_5_so4_a2_SRF,174,1.0,0.43982875094768714,0.0,4.333034825845034e-05,0.999999999947671
bg_5_so4_a2_SRF,175,0.9999877838856832,0.4398287509476906,0.0,4.374781153717286e-05,0.9999999999317177
bg_5_so4_a2_SRF,176,0.9999936771038946,0.4398287509476906,0.0,4.345860550511452e-05,0.9999999999378995
bg_5_so4_a2_SRF,177,1.0,0.43982875094768714,0.0,4.365495951522207e-05,0.9999999999427175
bg_5_so4_a2_SRF,178,0.9997484124940527,0.43982875094768714,0.0,4.361476766551999e-05,0.9999999999494578
bg_5_so4_a2_SRF,179,0.9999162578929321,0.439828750947694,0.0,4.3829737850992785e-05,0.9999999999498178
bg_5_so4_a2_SRF,180,0.9999999638180012,0.43982875094768714,0.0,4.395935806209877e-05,0.9999999999491735
bg_5_so4_a2_SRF,181,0.99993025907835,0.4398287509476906,0.0,4.383358779974861e-05,0.9999999999558201
bg_5_so4_a2_SRF,182,0.9999611766460039,1.0,0.0,4.3171940384574285e-05,0.999999999951153
bg_5_so4_a2_SRF,183,0.9999926802199232,1.0,0.0,4.4120373156474244e-05,0.9999999999500095
bg_5_so4_a2_SRF,184,0.9999753066514961,0.43982875094768714,0.0,4.4171142344401966e-05,0.9999999999521988
bg_5_so4_a2_SRF,185,0.9999776046456794,0.439828750947694,0.0,4.327064720993108e-05,0.9999999999446274
bg_5_so4_a2_SRF,186,0.9999652770409627,0.43982875094768714,0.0,4.39485515850002e-05,0.9999999999421118
bg_5_so4_a2_SRF,187,1.0,0.439828750947694,0.0,4.293884257842678e-05,0.9999999999512644
bg_5_so4_a2_SRF,188,0.9999965318143683,0.43982875094768714,0.0,4.3477876776075595e-05,0.9999999999376369
bg_5_so4_a2_SRF,189,1.0,0.9999638936820525,0.0,4.3378213623923134e-05,0.9999999999500895
bg_5_so4_a2_SRF,190,0.9999987604237283,0.43982875094768714,0.0,4.358235995814374e-05,0.9999999999543416
bg_5_so4_a2_SRF,191,1.0,0.4354069107594173,0.0,4.3518919250474e-05,0.9999999999345834
bg_5_so4_a2_SRF,192,0.9999969219318791,0.4398287509476906,0.0,4.3139113810728794e-05,0.9999999999578799
bg_5_so4_a2_SRF,193,0.9999797631520139,0.4398287509476889,0.0,4.417463845656931e-05,0.9999999999560211
bg_5_so4_a2_SRF,194,0.9999668636529466,0.4398287509476906,0.0,4.358700915686144e-05,0.9999999999437718
bg_5_so4_a2_SRF,195,0.9999997202589157,0.4398287509476906,0.0,4.335301341797312e-05,0.9999999999428375
bg_5_so4_a2_SRF,196,0.9999248057770045,1.0,0.0,4.3733814699740514e-05,0.9999999999458851
bg_5_so4_a2_SRF,197,1.0,1.0,0.0,4.3872997689931216e-05,0.9999999999404054
bg_5_so4_a2_SRF,198,1.0,0.4398287509476906,0.0,4.394988257059482e-05,0.999999999956661
bg_5_so4_a2_SRF,199,1.0,1.0,0.0,4.319507475734366e-05,0.9999999999334632
bg_5_so4_a2_SRF,200,1.0,0.7481580701605592,0.0,4.3733708444739466e-05,0.9999999999527474
bg_5_so4_a2_SRF,201,0.9999816087970961,0.43982875094768714,0.0,4.41785569065724e-05,0.9999999999530728
bg_5_so4_a2_SRF,202,0.9999971947468164,0.4398287509476906,0.0,4.4103672570868927e-05,0.999999999955125
bg_5_so4_a2_SRF,203,0.9999751064771686,0.43982875094768714,0.0,4.385851157998263e-05,0.999999999946256
bg_5_so4_a2_SRF,204,0.9999994396336767,0.43982875094768714,0.0,4.3378213623923134e-05,0.9999999999494916
bg_5_so4_a2_SRF,205,1.0,0.9956209086649722,0.0,4.394684162354167e-05,0.9999999999490136
bg_5_so4_a2_SRF,206,0.9999923806647933,1.0,0.0,4.324855741516829e-05,0.9999999999559134
bg_5_so4_a2_SRF,207,0.9999799180871374,1.0,0.0,4.3505355560552834e-05,0.9999999999588469
bg_5_so4_a2_SRF,208,0.9999959213469543,0.439828750947694,0.0,4.421777967442189e-05,0.9999999999527853
bg_5_so4_a2_SRF,209,0.9999988800555951,0.4354069107594173,0.0,4.4006800172368596e-05,0.9999999999526304
bg_5_so4_a2_SRF,210,0.9999995679655896,0.43982875094768714,0.0,4.3600024746891516e-05,0.9999999999494934
bg_5_so4_a2_SRF,211,0.9999889729835091,0.4398287509476906,0.0,4.315409462412741e-05,0.9999999999461909
bg_5_so4_a2_SRF,212,0.9999978529507927,0.43982875094768714,0.0,4.414722875726244e-05,0.9999999999545636
bg_5_so4_a2_SRF,213,0.9999632947257527,0.439828750947694,0.0,4.417072070160426e-05,0.9999999999550585
bg_5_so4_a2_SRF,214,0.9999999055675907,0.439828750947694,0.0,4.385930697094277e-05,0.99999999995618
bg_5_so4_a2_SRF,215,1.0,0.43982875094768714,0.0,4.32269349414207e-05,0.9999999999532566
bg_5_so4_a2_SRF,216,1.0,0.4398287509476906,0.0,4.388267680165707e-05,0.9999999999429239
bg_5_so4_a2_SRF,217,0.9999893820489967,0.439828750947694,0.0,4.3437354138357905e-05,0.9999999999435424
bg_5_so4_a2_SRF,218,0.9999999884491966,0.439828750947694,0.0,4.392142164857592e-05,0.999999999936078
bg_5_so4_a2_SRF,219,0.9999586586242041,0.439828750947694,0.0,4.387983999572708e-05,0.9999999999456235
bg_5_so4_a2_SRF,220,1.0,1.0,0.0,4.4304477361929344e-05,0.9999999999484425
bg_5_so4_a2_SRF,221,0.9999995915151879,1.0,0.0,4.418287490790551e-05,0.9999999999622607
bg_5_so4_a2_SRF,222,0.9999593339590339,0.4354069107594124,0.0,4.406520336782573e-05,0.999999999962575
bg_5_so4_a2_SRF,223,0.9999978132094625,0.43982875094768714,0.0,4.381049824710853e-05,0.999999999952102
bg_5_so4_a2_SRF,224,1.0,0.439828750947694,0.0,4.41785569065724e-05,0.9999999999572842
bg_5_so4_a2_SRF,225,1.0,0.439828750947694,0.0,4.421811002452245e-05,0.9999999999640996
bg_5_so4_a2_SRF,226,0.9999987661399519,0.43982875094768714,0.0,4.34312908429398e-05,0.9999999999645588
bg_5_so4_a2_SRF,227,0.9999898297265185,0.43982875094768037,0.0,4.350447163819196e-05,0.9999999999585361
bg_5_so4_a2_SRF,228,0.9999999152418809,0.439828750947694,0.0,4.376848744723226e-05,0.9999999999500425
bg_5_so4_a2_SRF,229,0.9999560685461525,0.43982875094768714,0.0,4.378817863114339e-05,0.9999999999452076
bg_5_so4_a2_SRF,230,1.0,0.439828750947694,0.0,4.4080803743445576e-05,0.9999999999493443
bg_5_so4_a2_SRF,231,0.9999839185281635,0.439828750947694,0.0,4.396631557082645e-05,0.9999999999548373
bg_5_so4_a2_SRF,232,1.0,0.43982875094768714,0.0,4.39109043420436e-05,0.9999999999530418
bg_5_so4_a2_SRF,233,1.0,0.439828750947694,0.0,4.3943813043507915e-05,0.9999999999477683
bg_5_so4_a2_SRF,234,1.0,0.439828750947694,0.0,4.409975972128952e-05,0.9999999999437723
bg_5_so4_a2_SRF,235,0.9999500840054607,0.439828750947694,0.0,4.387598191828712e-05,0.9999999999558721
bg_5_so4_a2_SRF,236,1.0,0.43540691075941906,0.0,4.311031744632365e-05,0.9999999999446851
bg_5_so4_a2_SRF,237,0.9999952883252647,0.43982875094768037,0.0,4.406457529324369e-05,0.9999999999413964
bg_5_so4_a2_SRF,238,0.9998030648320412,0.43982875094768037,0.0,4.378743300672707e-05,0.9999999999552476
bg_5_so4_a2_SRF,239,0.9999819254950304,1.0,0.0,4.395714427896047e-05,0.9999999999537978
bg_5_so4_a2_SRF,240,0.9999925517961649,0.43982875094768714,0.0,4.34465052075939e-05,0.9999999999502335
bg_5_so4_a2_SRF,241,1.0,0.43540691075941906,0.0,4.309575366916297e-05,0.9999999999536389
bg_5_so4_a2_SRF,242,0.9999999405103265,1.0,0.0,4.3573798452507674e-05,0.999999999953613
bg_5_so4_a2_SRF,243,0.999983363354707,1.0,0.0,4.3835304989086384e-05,0.9999999999501809
bg_5_so4_a2_SRF,244,1.0,0.43982875094768714,0.0,4.385953596610948e-05,0.9999999999536102
bg_5_so4_a2_SRF,245,0.9999980052188261,0.43982875094768714,0.0,4.422202850685229e-05,0.9999999999548028
bg_5_so4_a2_SRF,246,0.9999439751672675,0.4398287509476897,0.0,4.3872997689931216e-05,0.9999999999560341
bg_5_so4_a2_SRF,247,0.9999690851185316,0.439828750947694,0.0,4.388464075583864e-05,0.9999999999501554
bg_5_so4_a2_SRF,248,1.0,1.0,0.0,4.407629719616732e-05,0.9999999999560554
bg_5_so4_a2_SRF,249,0.9999481328937335,0.43982875094768714,0.0,4.331060751123504e-05,0.9999999999443772
bg_5_so4_a2_SRF,250,1.0,0.6630760792685045,0.0,4.380713683797327e-05,0.9999999999316813
bg_5_so4_a2_SRF,251,0.9999353195230789,0.4398287509476906,0.0,4.379397322797133e-05,0.9999999999516748
bg_5_so4_a2_SRF,252,0.9999862185342843,0.439828750947694,0.0,4.422563258697231e-05,0.999999999956578
bg_5_so4_a2_SRF,253,0.9999998588778005,0.43982875094768925,0.0,4.377502331861819e-05,0.9999999999487434
bg_5_so4_a2_SRF,254,1.0,0.43540691075941906,0.0,4.372993672667828e-05,0.9999999999527877
bg_5_so4_a2_SRF,255,0.9999986839238566,0.43982875094768714,0.0,4.353472358805965e-05,0.9999999999586541
bg_5_so4_a2_SRF,256,1.0,0.43982875094768714,0.0,4.381434481649292e-05,0.999999999956807
bg_5_so4_a2_SRF,257,1.0,0.43540691075941906,0.0,4.4276960271435964e-05,0.9999999999515132
bg_5_so4_a2_SRF,258,1.0,0.43982875094768714,0.0,4.375427496028805e-05,0.9999999999521006
bg_5_so4_a2_SRF,259,0.9999905893775635,0.43982875094768714,0.0,4.414769590064885e-05,0.999999999957546
bg_5_so4_a2_SRF,260,0.9999998195556205,0.4398287509476906,0.0,4.397571505806088e-05,0.9999999999514851
bg_5_so4_a2_SRF,261,0.9999999744686127,0.4398287509476898,0.0,4.408802533718894e-05,0.9999999999516024
bg_5_so4_a2_SRF,262,0.9999535230669946,1.0,0.0,4.392051611869998e-05,0.9999999999607871
bg_5_so4_a2_SRF,263,0.9999748963609032,1.0,0.0,4.428481880879384e-05,0.9999999999609802
bg_5_so4_a2_SRF,264,0.9999990609571329,0.43982875094768714,0.0,4.3554518850464895e-05,0.999999999961482
bg_5_so4_a2_SRF,265,0.9999999805246653,0.4398287509476906,0.0,4.419852802467783e-05,0.999999999948332
bg_5_so4_a2_SRF,266,0.9999779355876819,0.43982875094768714,0.0,4.4210275142777125e-05,0.9999999999536302
bg_5_so4_a2_SRF,267,0.9999866722600868,0.439828750947694,0.0,4.4006800172368596e-05,0.9999999999469741
bg_5_so4_a2_SRF,268,1.0,0.439828750947694,0.0,4.392738491976335e-05,0.9999999999552899
bg_5_so4_a2_SRF,269,0.9999777686687714,0.43982875094768714,0.0,4.3906865547296504e-05,0.9999999999605134
bg_5_so4_a2_SRF,270,1.0,0.4398287509476906,0.0,4.4034721420927214e-05,0.9999999999583693
bg_5_so4_a2_SRF,271,0.9999989054523487,0.4398287509476897,0.0,4.408529356880114e-05,0.9999999999563467
bg_5_so4_a2_SRF,272,0.9999518337215262,0.4577583948149798,0.0,4.4155056628427235e-05,0.9999999999568404
bg_5_so4_a2_SRF,273,0.9999441625760473,0.43540691075941906,0.0,4.418639589243264e-05,0.9999999999525361
bg_5_so4_a2_SRF,274,0.9999999898087647,0.43982875094768714,0.0,4.351465291944926e-05,0.9999999999520114
bg_5_so4_a2_SRF,275,0.9999707503033216,0.439828750947694,0.0,4.3406624057120024e-05,0.9999999999524332
bg_5_so4_a2_SRF,276,1.0,0.43982875094768714,0.0,4.404571841934944e-05,0.9999999999532356
bg_5_so4_a2_SRF,277,0.9999978817331839,0.4398287509476898,0.0,4.418639589243264e-05,0.9999999999474024
bg_5_so4_a2_SRF,278,0.9999997154282424,0.439828750947694,0.0,4.357994237917201e-05,0.9999999999447249
bg_5_so4_a2_SRF,279,0.999994892628383,0.43982875094768714,0.0,4.3613072050601485e-05,0.9999999999490188
bg_5_so4_a2_SRF,280,0.9999999305181114,0.43982875094768714,0.0,4.3864221632847815e-05,0.9999999999434502
bg_5_so4_a2_SRF,281,0.9999845664193016,0.4398287509476889,0.0,4.4233488289314074e-05,0.9999999999486996
bg_5_so4_a2_SRF,282,0.9999769394390824,0.43982875094768037,0.0,4.420208221275277e-05,0.9999999999503438
bg_5_so4_a2_SRF,283,0.999986914287453,0.4398287509476906,0.0,4.4304477361929344e-05,0.9999999999515884
bg_5_so4_a2_SRF,284,0.9999835587588363,0.4398287509476906,0.0,4.379511872119625e-05,0.999999999945852
bg_5_so4_a2_SRF,285,0.9999899420461562,0.562397982384972,0.0,4.415550861572481e-05,0.9999999999533292
bg_5_so4_a2_SRF,286,0.9999996016069305,1.0,0.0,4.3888523151195965e-05,0.9999999999530185
bg_5_so4_a2_SRF,287,0.9999892680057546,1.0,0.0,4.416332409648623e-05,0.9999999999549605
bg_5_so4_a2_SRF,288,0.9999095499624299,0.439828750947694,0.0,4.367109126179141e-05,0.9999999999538293
bg_5_so4_a2_SRF,289,1.0,0.439828750947694,0.0,4.406582900199003e-05,0.999999999951848
bg_5_so4_a2_SRF,290,0.9999940867728311,0.4398287509476889,0.0,4.3653368335760184e-05,0.9999999999515862
bg_5_so4_a2_SRF,291,0.9999947834181668,0.439828750947694,0.0,4.408918854581863e-05,0.9999999999489005
bg_5_so4_a2_SRF,292,0.9999935927002719,0.43982875094768714,0.0,4.422986755534944e-05,0.9999999999462978
bg_5_so4_a2_SRF,293,0.9999959210101929,0.439828750947694,0.0,4.370306784418069e-05,0.9999999999486047
bg_5_so4_a2_SRF,294,0.9999993998575588,0.439828750947694,0.0,4.380875763038603e-05,0.999999999948745
bg_5_so4_a2_SRF,295,0.9999507965652263,0.43982875094768037,0.0,4.4119853051476105e-05,0.9999999999442654
bg_5_so4_a2_SRF,296,0.9999709879896438,0.43540691075941906,0.0,4.364142691658886e-05,0.9999999999473622
bg_5_so4_a2_SRF,297,0.999999175956847,0.43982875094768714,0.0,4.406910242644478e-05,0.9999999999455794
bg_5_so4_a2_SRF,298,0.9999996538834187,0.439828750947694,0.0,4.408411526341904e-05,0.9999999999430983
bg_5_so4_a2_SRF,299,0.9999993879133818,0.43982875094768925,0.0,4.36472168663931e-05,0.9999999999481763
bg_5_so4_a2_SRF,300,0.9999915652568198,0.43982875094768714,0.0,4.4115415286832104e-05,0.9999999999474973
bg_5_so4_a2_SRF,301,0.9999559032198039,0.43982875094768714,0.0,4.3569941166747695e-05,0.9999999999394165
bg_5_so4_a2_SRF,302,0.9999924135833995,0.43982875094768714,0.0,4.420244303702097e-05,0.9999999999427779
bg_5_so4_a2_SRF,303,0.9999742694780237,0.439828750947694,0.0,4.386810806713741e-05,0.9999999999439333
bg_5_so4_a2_SRF,304,0.9999832600952898,0.43982875094768037,0.0,4.3175705107379344e-05,0.999999999940595
bg_5_so4_a2_SRF,305,0.9999472308860569,0.43982875094768037,0.0,4.4139403661077924e-05,0.9999999999366778
bg_5_so4_a2_SRF,306,1.0,0.43982875094768037,0.0,4.388464075583864e-05,0.9999999999447985
bg_5_so4_a2_SRF,307,0.9999746848072848,0.43540691075941906,0.0,4.3885617010651445e-05,0.9999999999471065
bg_5_so4_a2_SRF,308,0.9999868724201418,0.43982875094768037,0.0,4.375812673952524e-05,0.9999999999456384
bg_5_so4_a2_SRF,309,0.9999875627405582,0.43982875094768714,0.0,4.396406945909195e-05,0.9999999999464418
bg_5_so4_a2_SRF,310,1.0,0.43982875094768037,0.0,4.407300217513228e-05,0.9999999999450994
bg_5_so4_a2_SRF,311,0.9999859426853801,0.43982875094768714,0.0,4.406972054018956e-05,0.9999999999390268
bg_5_so4_a2_SRF,312,0.9999866948565296,0.43982875094768714,0.0,4.419423766066555e-05,0.9999999999429195
bg_5_so4_a2_SRF,313,0.9999949861996599,0.4398287509476889,0.0,4.403656491215052e-05,0.9999999999419944
bg_5_so4_a2_SRF,314,0.9999909423473048,0.4398287509476898,0.0,4.3713185974775164e-05,0.9999999999392721
bg_5_so4_a2_SRF,315,0.9999887967158935,0.9999999959635527,0.0,4.3549481641150214e-05,0.9999999999470459
bg_5_so4_a2_SRF,316,0.9999999869785928,0.43982875094768037,0.0,4.3243928664401786e-05,0.9999999999422937
bg_5_so4_a2_SRF,317,0.9998718831193149,0.43982875094768037,0.0,4.356448231927257e-05,0.9999999999477908
bg_5_so4_a2_SRF,318,1.0,0.439828750947694,0.0,4.366100705522571e-05,0.9999999999447621
bg_5_so4_a2_SRF,319,0.9999862873891574,0.43982875094768037,0.0,4.3663071625608885e-05,0.999999999947649
bg_5_so4_a2_SRF,320,0.9999992692378257,0.43982875094768037,0.0,4.342955918997422e-05,0.9999999999479322
bg_5_so4_a2_SRF,321,0.9999598148929962,0.439828750947694,0.0,4.396241940078876e-05,0.9999999999353869
bg_5_so4_a2_SRF,322,0.999979519413469,0.43982875094768037,0.0,4.3796681863570325e-05,0.9999999999398084
bg_5_so4_a2_SRF,323,1.0,0.9999638936820525,0.0,4.416723287445797e-05,0.9999999999329329
bg_5_so4_a2_SRF,324,1.0,1.0,0.0,4.380054111308964e-05,0.9999999999422339
bg_5_so4_a2_SRF,325,0.9999984945887588,0.9997863305617307,0.0,4.426517769350358e-05,0.9999999999448261
bg_5_so4_a2_SRF,326,0.9999853474372687,0.4398287509476889,0.0,4.386339871158577e-05,0.9999999999368746
bg_5_so4_a2_SRF,327,0.9999751141275455,0.43982875094768925,0.0,4.418639589243264e-05,0.9999999999327747
bg_5_so4_a2_SRF,328,0.9999934741618173,0.5041690531455888,0.0,4.335080197249617e-05,0.9999999999167319
bg_5_so4_a2_SRF,329,0.9999864103706038,0.7912103551850725,0.0,4.40308360611341e-05,0.9999999999269801
bg_5_so4_a2_SRF,330,0.9999988323843872,0.4398287509476906,0.0,4.386339871158577e-05,0.9999999999271022
bg_5_so4_a2_SRF,331,0.9999973349553102,0.4398287509476906,0.0,4.3763187950878827e-05,0.999999999930251
bg_5_so4_a2_SRF,332,0.9999922174647449,0.4398287509476906,0.0,4.39803887057329e-05,0.9999999999340383
bg_5_so4_a2_SRF,333,0.9999169892745355,0.4398287509476898,0.0,4.368889830760881e-05,0.999999999930535
bg_5_so4_a2_SRF,334,0.999988214215236,0.439828750947694,0.0,4.3398969148876914e-05,0.9999999999342889
bg_5_so4_a2_SRF,335,0.9999991985137094,0.999998988635016,0.0,4.4010688901902247e-05,0.9999999999370692
bg_5_so4_a2_SRF,336,1.0,0.597312896646979,0.0,4.379397322797133e-05,0.9999999999363183
bg_5_so4_a2_SRF,337,0.9999964837250042,0.4398287509476906,0.0,4.401457831876393e-05,0.9999999999350099
bg_5_so4_a2_SRF,338,0.999990038920057,0.9693283558452817,0.0,4.31861603150657e-05,0.999999999936352
bg_5_so4_a2_SRF,339,0.9999664637165951,0.43982875094768714,0.0,4.281847277147366e-05,0.9999999999441919
bg_5_so4_a2_SRF,340,0.9999675679134767,0.439828750947694,0.0,4.378242367478759e-05,0.9999999999495888
bg_5_so4_a2_SRF,341,0.9999979178947461,0.4266377590792251,0.0,4.376728408463574e-05,0.9999999999414012
bg_5_so4_a2_SRF,342,0.9999963889633554,0.43982875094768037,0.0,4.406582900199003e-05,0.9999999999434449
bg_5_so4_a2_SRF,343,0.9999975671412134,0.43982875094768037,0.0,4.422563258697231e-05,0.9999999999418724
bg_5_so4_a2_SRF,344,0.9999961898909524,0.43982875094768037,0.0,4.4111500353455315e-05,0.9999999999432734
bg_5_so4_a2_SRF,345,0.9999402787500571,0.43982875094768037,0.0,4.2583582654947275e-05,0.9999999999370927
bg_5_so4_a2_SRF,346,1.0,0.43982875094768714,0.0,4.315398245364242e-05,0.9999999999412583
bg_5_so4_a2_SRF,347,0.9999991986387,0.439828750947694,0.0,4.410422502909582e-05,0.999999999933183
bg_5_so4_a2_SRF,348,0.9999974853184209,0.43982875094768714,0.0,4.404638161560921e-05,0.9999999999342641
bg_5_so4_a2_SRF,349,0.9999966282354774,0.4398287509476906,0.0,4.388949195024467e-05,0.9999999999374312
bg_5_so4_a2_SRF,350,1.0,1.0,0.0,4.3604582678871954e-05,0.9999999999441554
bg_5_so4_a2_SRF,351,0.9999812522665582,0.4398287509476889,0.0,4.3866252571540556e-05,0.9999999999365972
bg_5_so4_a2_SRF,352,0.9996534599962972,0.4310098311613634,0.0,4.393905687409246e-05,0.9999999999321693
bg_5_so4_a2_SRF,353,0.9999940733030295,0.5233055195931221,0.0,4.353140583638686e-05,0.9999999999328368
bg_5_so4_a2_SRF,354,0.9999968045614765,0.47145185717667615,0.0,4.335178305883721e-05,0.9999999999408048
bg_5_so4_a2_SRF,355,0.999999289726656,0.4398287509476889,0.0,4.414769590064885e-05,0.9999999999332387
bg_5_so4_a2_SRF,356,0.9999745676267365,0.43982875094768037,0.0,4.3095670155698994e-05,0.9999999999346414
bg_5_so4_a2_SRF,357,0.9999446066468789,0.4398287509476889,0.0,4.41824760517985e-05,0.9999999999392853
bg_5_so4_a2_SRF,358,0.99990791682608,0.43982875094768925,0.0,4.419852802467783e-05,0.9999999999424183
bg_5_so4_a2_SRF,359,0.9999419460313769,0.4398287509476889,0.0,4.40964151689593e-05,0.9999999999538225
bg_5_so4_a2_SRF,360,0.999994828493197,0.9886072522526778,0.0,4.383358779974861e-05,0.9999999999439285
bg_5_so4_a2_SRF,361,0.9999919995786763,0.43540691075941906,0.0,4.396018896330324e-05,0.9999999999222878
bg_5_so4_a2_SRF,362,0.9999822182067669,0.9999999999999779,0.0,4.39184581200545e-05,0.9999999999243319
bg_5_so4_a2_SRF,363,0.9999917763497811,1.0,0.0,4.351002337392919e-05,0.9999999999250196
bg_5_so4_a2_SRF,364,0.9999999873183582,0.43982875094768037,0.0,4.38409174805844e-05,0.9999999999286725
bg_5_so4_a2_SRF,365,0.9999806908020554,0.4310098311613634,0.0,4.401457831876393e-05,0.9999999999298567
bg_5_so4_a2_SRF,366,0.999992591043885,0.43982875094768037,0.0,4.3397052078018565e-05,0.9999999999293548
bg_5_so4_a2_SRF,367,0.9999976737557205,0.6073772864581355,0.0,4.3930056815920256e-05,0.9999999999319392
bg_5_so4_a2_SRF,368,0.9999945258250049,0.4398287509476906,0.0,4.406457529324369e-05,0.9999999999284851
bg_5_so4_a2_SRF,369,0.9999857070751991,0.9999999999995723,0.0,4.282539982927392e-05,0.999999999932403
bg_5_so4_a2_SRF,370,0.9999818194872355,0.48069326662610956,0.0,4.3711874131917595e-05,0.9999999999317316
bg_5_so4_a2_SRF,371,0.9999891993751153,0.4398287509476906,0.0,4.3171408947181386e-05,0.9999999999323227
bg_5_so4_a2_SRF,372,0.9999912825069053,0.4398287509476898,0.0,4.3140477283141825e-05,0.9999999999343648
bg_5_so4_a2_SRF,373,1.0,0.4398287509476898,0.0,4.3722198104246805e-05,0.9999999999427426
bg_5_so4_a2_SRF,374,1.0,0.43540691075941906,0.0,4.3817638077199073e-05,0.9999999999467789
bg_5_so4_a2_SRF,375,0.999949981781751,0.4310098311613767,0.0,4.370042116388216e-05,0.9999999999405329
bg_5_so4_a2_SRF,376,1.0,0.43982875094768925,0.0,4.393304466164406e-05,0.9999999999417744
bg_5_so4_a2_SRF,377,0.9999891281370754,0.4398287509476906,0.0,4.422594768373307e-05,0.9999999999362917
bg_5_so4_a2_SRF,378,0.999999684917649,0.4398287509476898,0.0,4.38286584769524e-05,0.9999999999292043
bg_5_so4_a2_SRF,379,0.9999236855755786,0.9772102884457544,0.0,4.3628444334450665e-05,0.9999999999289149
bg_5_so4_a2_SRF,380,0.9999901451096576,0.9867567856551539,0.0,4.359540579942475e-05,0.9999999999251856
bg_5_so4_a2_SRF,381,0.9999933863329649,0.43540691075941906,0.0,4.39679506400268e-05,0.999999999930766
bg_5_so4_a2_SRF,382,0.9999852955916643,0.43982875094768925,0.0,4.363707125605378e-05,0.9999999999337644
bg_5_so4_a2_SRF,383,0.9999985492330166,0.43982875094768037,0.0,4.40308360611341e-05,0.9999999999345348
bg_5_so4_a2_SRF,384,0.9999980912178432,0.43982875094768037,0.0,4.3329153910761995e-05,0.9999999999295958
bg_5_so4_a2_SRF,385,0.9999941419267598,0.43982875094770757,0.0,4.420208221275277e-05,0.9999999999346403
bg_5_so4_a2_SRF,386,0.999971192462864,0.43540691075941906,0.0,4.414722875726244e-05,0.9999999999388818
bg_5_so4_a2_SRF,387,0.9999923577547226,0.43982875094768714,0.0,4.324935046122713e-05,0.9999999999438836
bg_5_so4_a2_SRF,388,0.9999927282203462,0.4398287509476889,0.0,4.306938933758689e-05,0.999999999944489
bg_5_so4_a2_SRF,389,1.0,0.43982875094768037,0.0,4.34897799442667e-05,0.9999999999347762
bg_5_so4_a2_SRF,390,0.9999912188280352,0.4398287509476906,0.0,4.356927040415234e-05,0.9999999999368921
bg_5_so4_a2_SRF,391,0.9999907049410368,0.43982875094768714,0.0,4.415114234588005e-05,0.9999999999376723
bg_5_so4_a2_SRF,392,0.9999835669513878,0.4398287509476889,0.0,4.303774615687044e-05,0.9999999999430866
bg_5_so4_a2_SRF,393,0.9999807495052961,0.43982875094768037,0.0,4.325975284261209e-05,0.9999999999394811
bg_5_so4_a2_SRF,394,0.9999991979498675,0.43540691075941906,0.0,4.2765462339462e-05,0.9999999999447713
bg_5_so4_a2_SRF,395,0.9999924323244542,0.43982875094768037,0.0,4.417463845656931e-05,0.9999999999425004
bg_5_so4_a2_SRF,396,0.9999947673820765,0.43982875094768037,0.0,4.368868582188175e-05,0.9999999999357253
bg_5_so4_a2_SRF,397,0.9999955447663772,0.439828750947694,0.0,4.3903002716229805e-05,0.9999999999413064
bg_5_so4_a2_SRF,398,1.0,0.7818262583135023,0.0,4.353306793391284e-05,0.9999999999373745
bg_5_so4_a2_SRF,399,0.9999843323791805,0.9999999999999378,0.0,4.3178598053337795e-05,0.9999999999383272
bg_5_so4_a2_SRF,400,0.9999999823999153,0.43982875094768925,0.0,4.352973725779444e-05,0.9999999999361728
bg_5_so4_a2_SRF,401,0.9999940630723584,0.43982875094768037,0.0,4.389336757418432e-05,0.9999999999343447
bg_5_so4_a2_SRF,402,0.999999184683127,0.43982875094768037,0.0,4.3089417810050426e-05,0.999999999942446
bg_5_so4_a2_SRF,403,0.9999892220266802,0.9956209086649725,0.0,4.358848678174831e-05,0.9999999999334707
bg_5_so4_a2_SRF,404,0.9999867465186354,0.9867567856551539,0.0,4.312040241416647e-05,0.9999999999363904
bg_5_so4_a2_SRF,405,0.9999658856452156,0.43982875094768037,0.0,4.3744082793139925e-05,0.9999999999346183
bg_5_so4_a2_SRF,406,0.9999978410982295,0.43100983116139013,0.0,4.4171142344401966e-05,0.9999999999340181
bg_5_so4_a2_SRF,407,0.9999839389413151,0.43982875094768037,0.0,4.335916788635665e-05,0.9999999999387018
bg_5_so4_a2_SRF,408,0.9999958305902544,0.43982875094770757,0.0,4.3300310370133954e-05,0.999999999931361
bg_5_so4_a2_SRF,409,0.9998732159857437,0.4398287509476898,0.0,4.396158953662143e-05,0.9999999999342442
bg_5_so4_a2_SRF,410,0.9999423785828632,0.43982875094768925,0.0,4.41946137057789e-05,0.9999999999309208
bg_5_so4_a2_SRF,411,0.9999999911353228,0.4398287509476906,0.0,4.431628087363954e-05,0.9999999999340125
bg_5_so4_a2_SRF,412,0.9999950451762838,0.43982875094768714,0.0,4.281773869853411e-05,0.9999999999399479
bg_5_so4_a2_SRF,413,0.9999891415884747,0.4398287509476906,0.0,4.3374435855928154e-05,0.9999999999306015
bg_5_so4_a2_SRF,414,0.9999560145232713,0.42663775907921186,0.0,4.407629719616732e-05,0.9999999999331762
bg_5_so4_a2_SRF,415,0.9999762275962824,0.43982875094770757,0.0,4.4245553992866854e-05,0.9999999999297898
bg_5_so4_a2_SRF,416,0.9999922381534699,0.43540691075941906,0.0,4.3643346571815126e-05,0.9999999999316352
bg_5_so4_a2_SRF,417,0.999963764641213,0.43982875094768714,0.0,4.35565140645692e-05,0.999999999942367
bg_5_so4_a2_SRF,418,0.9999760677087816,0.4310098311613634,0.0,4.403860746648304e-05,0.9999999999426606
bg_5_so4_a2_SRF,419,0.9999792243645832,0.4310098311613634,0.0,4.352806216015379e-05,0.9999999999367141
bg_5_so4_a2_SRF,420,0.9999972235437012,0.996034502836685,0.0,4.399202014025276e-05,0.999999999924434
bg_5_so4_a2_SRF,421,0.9999918873985345,0.439828750947694,0.0,4.392439722394358e-05,0.9999999999343888
bg_5_so4_a2_SRF,422,0.9999999847838433,0.4310098311613634,0.0,4.4034721420927214e-05,0.9999999999252878
bg_5_so4_a2_SRF,423,0.999999889139706,0.43982875094768925,0.0,4.395243002643868e-05,0.9999999999209451
bg_5_so4_a2_SRF,424,0.9999949769410358,0.43982875094768037,0.0,4.386523907764182e-05,0.9999999999272197
bg_5_so4_a2_SRF,425,0.9998928020578483,0.43982875094768037,0.0,4.376728408463574e-05,0.9999999999333561
bg_5_so4_a2_SRF,426,0.9999817387205887,0.43540691075941906,0.0,4.396101664367531e-05,0.9999999999268108
bg_5_so4_a2_SRF,427,0.9999893306002621,0.43982875094770757,0.0,4.349357039911011e-05,0.9999999999274539
bg_5_so4_a2_SRF,428,0.9999703588585501,0.439828750947694,0.0,4.404895578445435e-05,0.9999999999324227
bg_5_so4_a2_SRF,429,0.9999922505923277,1.0,0.0,4.4107586114862566e-05,0.9999999999392549
bg_5_so4_a2_SRF,430,0.9999991491875977,0.43982875094768037,0.0,4.3804401042802926e-05,0.9999999999395972
bg_5_so4_a2_SRF,431,1.0,0.43540691075941906,0.0,4.393392440940468e-05,0.9999999999398521
bg_5_so4_a2_SRF,432,0.9999935898826531,0.4398287509476889,0.0,4.361391648392723e-05,0.999999999934013
bg_5_so4_a2_SRF,433,0.9999873247104266,0.43982875094768037,0.0,4.412716425751711e-05,0.9999999999235059
bg_5_so4_a2_SRF,434,0.9999419319067618,0.439828750947694,0.0,4.393216149255419e-05,0.9999999999421297
bg_5_so4_a2_SRF,435,0.9999899896852118,0.43982875094770757,0.0,4.396241940078876e-05,0.9999999999383613
bg_5_so4_a2_SRF,436,0.99995556228077,0.439828750947694,0.0,4.406003127221432e-05,0.999999999933151
bg_5_so4_a2_SRF,437,0.9999822155645569,0.43540691075941906,0.0,4.420244303702097e-05,0.9999999999334404
bg_5_so4_a2_SRF,438,0.9999996122333645,0.43100983116139013,0.0,4.390593386113431e-05,0.9999999999395666
bg_5_so4_a2_SRF,439,0.9999338356631683,0.4398287509476889,0.0,4.415941601030306e-05,0.9999999999268308
bg_5_so4_a2_SRF,440,0.9999669180061349,0.43982875094768714,0.0,4.402625069513997e-05,0.9999999999241072
bg_5_so4_a2_SRF,441,0.9999792116603652,0.4398287509476906,0.0,4.404829496680597e-05,0.9999999999391747
bg_5_so4_a2_SRF,442,0.9999781468750354,0.43982875094768714,0.0,4.301586561326358e-05,0.9999999999455905
bg_5_so4_a2_SRF,443,0.9999929040474637,0.43982875094768037,0.0,4.403014286313688e-05,0.9999999999380288
bg_5_so4_a2_SRF,444,0.999961335860539,0.43982875094768037,0.0,4.400141220280424e-05,0.9999999999284486
bg_5_so4_a2_SRF,445,0.9999999171119325,0.43982875094768714,0.0,4.352154260341042e-05,0.9999999999374761
bg_5_so4_a2_SRF,446,0.9999842850043948,0.43540691075941906,0.0,4.4050269719542884e-05,0.99999999994022
bg_5_so4_a2_SRF,447,0.9999807405741706,0.43982875094768714,0.0,4.4081399279911794e-05,0.9999999999345747
bg_5_so4_a2_SRF,448,0.9999998695217546,0.43982875094768714,0.0,4.4042494197983164e-05,0.999999999936332
bg_5_so4_a2_SRF,449,1.0,0.43982875094768714,0.0,4.3753046779586274e-05,0.9999999999300838
bg_5_so4_a2_SRF,450,0.9999916712681239,0.43982875094768714,0.0,4.3613072050601485e-05,0.9999999999328331
bg_5_so4_a2_SRF,451,0.9999999628713151,0.43982875094768714,0.0,4.349048266115089e-05,0.999999999942114
bg_5_so4_a2_SRF,452,0.9999706894431665,0.43982875094768714,0.0,4.3914799053415204e-05,0.9999999999516438
bg_5_so4_a2_SRF,453,1.0,0.43982875094768714,0.0,4.32096246942833e-05,0.9999999999454868
bg_5_so4_a2_SRF,454,0.9999997591222065,0.43982875094768714,0.0,4.411257286883398e-05,0.9999999999402547
bg_5_so4_a2_SRF,455,0.9999782566214104,0.43982875094768714,0.0,4.360840814659896e-05,0.9999999999401853
bg_5_so4_a2_SRF,456,0.9999686431652927,0.439828750947694,0.0,4.393692036648561e-05,0.999999999934962
bg_5_so4_a2_SRF,457,0.9999683830018112,0.439828750947694,0.0,4.381323603014969e-05,0.9999999999338558
bg_5_so4_a2_SRF,458,0.9999923429664959,0.43982875094768714,0.0,4.3305804193063094e-05,0.9999999999446173
bg_5_so4_a2_SRF,459,0.999996203506003,0.43982875094768714,0.0,4.3713117057482746e-05,0.9999999999453173
bg_5_so4_a2_SRF,460,0.9999991750892441,0.43982875094768714,0.0,4.354295927627455e-05,0.9999999999381924
bg_5_so4_a2_SRF,461,1.0,0.439828750947694,0.0,4.384514170518132e-05,0.999999999933053
bg_5_so4_a2_SRF,462,0.9999306992047918,0.43982875094768714,0.0,4.3316527326084576e-05,0.9999999999433392
bg_5_so4_a2_SRF,463,0.9999849590068599,0.4354069107594055,0.0,4.374012738154273e-05,0.9999999999378063
bg_5_so4_a2_SRF,464,0.9999746711836505,0.43982875094768714,0.0,4.406582900199003e-05,0.9999999999332162
bg_5_so4_a2_SRF,465,0.9999964781046783,0.43982875094768714,0.0,4.381434481649292e-05,0.9999999999378342
bg_5_so4_a2_SRF,466,0.9999677664982676,0.9657338909720936,0.0,4.3864221632847815e-05,0.999999999940897
bg_5_so4_a2_SRF,467,0.9999979738147684,0.4398287509476906,0.0,4.3970212431521586e-05,0.9999999999411063
bg_5_so4_a2_SRF,468,0.9999994686656625,0.43982875094768714,0.0,4.377651784239847e-05,0.9999999999403061
bg_5_so4_a2_SRF,469,0.9999993381549588,0.439828750947694,0.0,4.367492088416537e-05,0.999999999946229
bg_5_so4_a2_SRF,470,0.9999968034959211,0.43982875094768037,0.0,4.404115018179304e-05,0.9999999999520568
bg_5_so4_a2_SRF,471,0.9999973310049066,0.43540691075941906,0.0,4.413108197188078e-05,0.9999999999513826
bg_5_so4_a2_SRF,472,0.9999919200995688,0.43982875094768714,0.0,4.379322742065333e-05,0.9999999999514051
bg_5_so4_a2_SRF,473,0.9999982848845343,0.43982875094768714,0.0,4.418287490790551e-05,0.9999999999509942
bg_5_so4_a2_SRF,474,0.9999999807829408,0.439828750947694,0.0,4.36825821442392e-05,0.9999999999501817
bg_5_so4_a2_SRF,475,0.9998977702791637,0.43982875094768714,0.0,4.34465052075939e-05,0.9999999999402546
bg_5_so4_a2_SRF,476,1.0,0.43982875094768714,0.0,4.402625069513997e-05,0.9999999999370746
bg_5_so4_a2_SRF,477,0.9999738988971888,0.43540691075941573,0.0,4.3792823294065196e-05,0.9999999999460831
bg_5_so4_a2_SRF,478,0.9999926432950068,0.43540691075941906,0.0,4.393779268395339e-05,0.999999999946053
bg_5_so4_a2_SRF,479,0.9999973975835692,0.43982875094768714,0.0,4.364142691658886e-05,0.9999999999356971
bg_5_so4_a2_SRF,480,0.9999765986476858,0.43982875094768714,0.0,4.363137505607146e-05,0.9999999999382351
bg_5_so4_a2_SRF,481,0.9999900663449044,0.43982875094768714,0.0,4.4104775338819186e-05,0.9999999999451806
bg_5_so4_a2_SRF,482,1.0,0.4398287509476906,0.0,4.3973302741097945e-05,0.9999999999555375
bg_5_so4_a2_SRF,483,0.9999689346164835,0.4398287509476906,0.0,4.415550861572481e-05,0.9999999999563298
bg_5_so4_a2_SRF,484,0.9999984797173224,0.43982875094768714,0.0,4.414283928997154e-05,0.9999999999499294
bg_5_so4_a2_SRF,485,0.9999537742021912,0.43982875094768037,0.0,4.3843740907406004e-05,0.9999999999436896
bg_5_so4_a2_SRF,486,0.9999998936717696,0.43982875094768714,0.0,4.334780194218632e-05,0.9999999999480795
bg_5_so4_a2_SRF,487,0.999972333009212,0.43540691075941906,0.0,4.394294890403863e-05,0.9999999999466793
bg_5_so4_a2_SRF,488,0.9999497912933231,0.4398287509476906,0.0,4.358928751725267e-05,0.999999999946975
bg_5_so4_a2_SRF,489,0.999993517325651,0.43982875094768714,0.0,4.368641378229261e-05,0.9999999999433449
bg_5_so4_a2_SRF,490,0.9999879004753391,0.7234886441643915,0.0,4.364669977356023e-05,0.9999999999443842
bg_5_so4_a2_SRF,491,0.9999385075597578,0.9088268003481453,0.0,4.4206005533205035e-05,0.9999999999452904
bg_5_so4_a2_SRF,492,0.9999999869288226,1.0,0.0,4.3643827458647474e-05,0.9999999999503227
bg_5_so4_a2_SRF,493,1.0,0.43982875094768714,0.0,4.4115415286832104e-05,0.999999999956483
bg_5_so4_a2_SRF,494,1.0,0.43100983116138325,0.0,4.3525383702114e-05,0.9999999999561271
bg_5_so4_a2_SRF,495,0.9999661525267768,0.43982875094768714,0.0,4.3417886622898155e-05,0.999999999946398
bg_5_so4_a2_SRF,496,0.9999936104626698,0.4398287509476906,0.0,4.395630915247926e-05,0.9999999999358282
bg_5_so4_a2_SRF,497,0.9999562279819916,0.4398287509476906,0.0,4.379012269992381e-05,0.999999999947692
bg_5_so4_a2_SRF,498,0.9999999168468006,0.439828750947694,0.0,4.382927468774667e-05,0.9999999999523628
bg_5_so4_a2_SRF,499,1.0,0.43982875094768714,0.0,4.4269104522647806e-05,0.9999999999447504
bg_5_so4_a2_SRF,500,0.9999965363863195,0.439828750947694,0.0,4.3817638077199073e-05,0.9999999999482346
bg_5_so4_a2_SRF,501,0.9999813294154033,0.4398287509476906,0.0,4.364526639592855e-05,0.999999999946207
bg_5_so4_a2_SRF,502,0.999993724070276,0.43982875094768714,0.0,4.416680364149234e-05,0.9999999999458803
bg_5_so4_a2_SRF,503,1.0,0.4398287509476906,0.0,4.377263229281308e-05,0.9999999999494302
bg_5_so4_a2_SRF,504,0.9999706132194492,0.4398287509476889,0.0,4.3211873942457434e-05,0.9999999999497184
bg_5_so4_a2_SRF,505,0.9999779918245771,0.4398287509476906,0.0,4.355109651650266e-05,0.9999999999472982
bg_5_so4_a2_SRF,506,0.9999999550502828,0.43540691075941573,0.0,4.422986755534944e-05,0.9999999999477215
bg_5_so4_a2_SRF,507,0.9999879004281672,0.4398287509476906,0.0,4.371195010001792e-05,0.99999999994747
bg_5_so4_a2_SRF,508,0.9999999874363676,0.43982875094768714,0.0,4.3668317466604914e-05,0.9999999999407628
bg_5_so4_a2_SRF,509,0.9999999533041352,0.4398287509476889,0.0,4.3844091785113055e-05,0.9999999999439403
bg_5_so4_a2_SRF,510,0.9999964064801244,0.4398287509476889,0.0,4.3899140564790365e-05,0.9999999999368948
bg_5_so4_a2_SRF,511,0.9999844489025748,0.4398287509476889,0.0,4.400291212998081e-05,0.999999999949541
bg_5_so4_a2_SRF,512,0.9999993351915356,0.4398287509476889,0.0,4.337972944036772e-05,0.9999999999509966
bg_5_so4_a2_SRF,513,0.9999770207412362,0.4398287509476898,0.0,4.4037248417752046e-05,0.9999999999555136
bg_5_so4_a2_SRF,514,0.9999500350796958,0.4398287509476889,0.0,4.396018896330324e-05,0.9999999999516175
bg_5_so4_a2_SRF,515,0.9999932615788534,0.439828750947694,0.0,4.3798962590286075e-05,0.9999999999524268
bg_5_so4_a2_SRF,516,1.0,0.439828750947694,0.0,4.401774996309514e-05,0.9999999999543182
bg_5_so4_a2_SRF,517,0.9999533449455011,0.4398287509476906,0.0,4.332067406968853e-05,0.9999999999515581
bg_5_so4_a2_SRF,518,0.9999768789048875,0.4398287509476906,0.0,4.334423738363985e-05,0.999999999950516
bg_5_so4_a2_SRF,519,1.0,0.4398287509476906,0.0,4.3939928506542256e-05,0.9999999999496272
bg_5_so4_a2_SRF,520,0.9999997013415285,0.43982875094768714,0.0,4.396018896330324e-05,0.9999999999575448
bg_5_so4_a2_SRF,521,0.9999958711720728,0.439828750947694,0.0,4.419423766066555e-05,0.9999999999537557
bg_5_so4_a2_SRF,522,0.9999997914295357,0.5233055195931221,0.0,4.323158957075997e-05,0.9999999999551842
bg_5_so4_a2_SRF,523,1.0,0.4398287509476906,0.0,4.2980656985130414e-05,0.9999999999560517
bg_5_so4_a2_SRF,524,0.9999072681032776,0.43982875094768714,0.0,4.378780361411429e-05,0.9999999999615108
bg_5_so4_a2_SRF,525,0.999999966497942,0.439828750947694,0.0,4.41785569065724e-05,0.9999999999460893
bg_5_so4_a2_SRF,526,1.0,0.43982875094768714,0.0,4.376439204022487e-05,0.9999999999554763
bg_5_so4_a2_SRF,527,0.9999582859983217,0.43982875094768037,0.0,4.403656491215052e-05,0.9999999999514785
bg_5_so4_a2_SRF,528,0.9999676846354743,0.43982875094768037,0.0,4.375568036328779e-05,0.9999999999473783
bg_5_so4_a2_SRF,529,1.0,0.439828750947694,0.0,4.3943813043507915e-05,0.999999999948146
bg_5_so4_a2_SRF,530,1.0,1.0,0.0,4.3769952740561304e-05,0.999999999947213
bg_5_so4_a2_SRF,531,0.9998802993399019,0.4398287509476906,0.0,4.4213854263854064e-05,0.9999999999411453
bg_5_so4_a2_SRF,532,0.9999377360645483,0.4398287509476906,0.0,4.3898194062726215e-05,0.9999999999483913
bg_5_so4_a2_SRF,533,0.9999998326060259,0.43982875094768714,0.0,4.405415850996594e-05,0.9999999999543899
bg_5_so4_a2_SRF,534,1.0,0.4398287509476906,0.0,4.3971832506289264e-05,0.9999999999478841
bg_5_so4_a2_SRF,535,0.9999985402738216,0.4398287509476906,0.0,4.421777967442189e-05,0.9999999999416301
bg_5_so4_a2_SRF,536,0.9999830353618526,0.4398287509476906,0.0,4.406972054018956e-05,0.9999999999359039
bg_5_so4_a2_SRF,537,0.9999997992887281,0.43982875094768714,0.0,4.3203625790315644e-05,0.9999999999438477
bg_5_so4_a2_SRF,538,1.0,0.43982875094768714,0.0,4.4233488289314074e-05,0.9999999999464542
bg_5_so4_a2_SRF,539,0.9999911072647492,0.4398287509476906,0.0,4.359845582818174e-05,0.9999999999553917
bg_5_so4_a2_SRF,540,1.0,0.43982875094768714,0.0,4.3312370767455374e-05,0.999999999955934
bg_5_so4_a2_SRF,541,1.0,0.43982875094768714,0.0,4.2975413383054324e-05,0.9999999999573294
bg_5_so4_a2_SRF,542,0.9999988269236353,1.0,0.0,4.412767121666219e-05,0.9999999999539402
bg_5_so4_a2_SRF,543,1.0,0.4398287509476906,0.0,4.428481880879384e-05,0.9999999999517265
bg_5_so4_a2_SRF,544,0.9999871251475136,0.4398287509476889,0.0,4.375427496028805e-05,0.9999999999486715
bg_5_so4_a2_SRF,545,0.9999990194779005,0.4398287509476906,0.0,4.380213220485678e-05,0.9999999999485208
bg_5_so4_a2_SRF,546,0.999982871810813,0.43982875094768714,0.0,4.425340138484568e-05,0.999999999951712
bg_5_so4_a2_SRF,547,0.9999769615716492,0.4398287509476906,0.0,4.393038481024197e-05,0.9999999999447509
bg_5_so4_a2_SRF,548,1.0,0.43982875094768714,0.0,4.363809891262568e-05,0.9999999999567498
bg_5_so4_a2_SRF,549,1.0,0.439828750947694,0.0,4.426125156094536e-05,0.9999999999543925
bg_5_so4_a2_SRF,550,0.9999985772884394,0.439828750947694,0.0,4.35450894031915e-05,0.9999999999447481
bg_5_so4_a2_SRF,551,0.9999998147059765,0.439828750947694,0.0,4.354403061583369e-05,0.9999999999512337
bg_5_so4_a2_SRF,552,0.999993082145278,0.43982875094768714,0.0,4.349945062752649e-05,0.9999999999445833
bg_5_so4_a2_SRF,553,0.9999997314047423,0.4398287509476906,0.0,4.3516470637391467e-05,0.9999999999517039
bg_5_so4_a2_SRF,554,1.0,0.4398287509476906,0.0,4.3991252123871774e-05,0.9999999999519529
bg_5_so4_a2_SRF,555,0.999999989845544,0.4398287509476906,0.0,4.377857517734186e-05,0.9999999999546947
bg_5_so4_a2_SRF,556,0.9999872229601416,0.43982875094768714,0.0,4.387212451922033e-05,0.9999999999490843
bg_5_so4_a2_SRF,557,1.0,0.9184411687877869,0.0,4.3577127892048114e-05,0.9999999999457823
bg_5_so4_a2_SRF,558,0.9999993557924476,0.4398287509476906,0.0,4.368393926205602e-05,0.9999999999432653
bg_5_so4_a2_SRF,559,0.9999181384794944,0.43540691075941906,0.0,4.370546858856939e-05,0.9999999999380853
bg_5_so4_a2_SRF,560,1.0,0.43982875094768714,0.0,4.4120373156474244e-05,0.9999999999561836
bg_5_so4_a2_SRF,561,1.0,0.4354069107594173,0.0,4.370174705874389e-05,0.9999999999467818
bg_5_so4_a2_SRF,562,0.9999975798771943,0.4398287509476906,0.0,4.4320216775297456e-05,0.9999999999563437
bg_5_so4_a2_SRF,563,1.0,0.4398287509476906,0.0,4.417505250650199e-05,0.9999999999441802
bg_5_so4_a2_SRF,564,0.9999985730818904,0.43982875094768714,0.0,4.376607603222636e-05,0.9999999999462756
bg_5_so4_a2_SRF,565,1.0,0.439828750947694,0.0,4.386810806713741e-05,0.9999999999542787
bg_5_so4_a2_SRF,566,0.9999997142911469,0.439828750947694,0.0,4.406457529324369e-05,0.9999999999559428
bg_5_so4_a2_SRF,567,0.9999999125340293,0.43540691075941906,0.0,4.374021830251201e-05,0.9999999999551997
bg_5_so4_a2_SRF,568,0.9999904024776359,0.43982875094768714,0.0,4.3618404218964386e-05,0.9999999999499852
bg_5_so4_a2_SRF,569,0.999690629117814,0.43982875094768714,0.0,4.3903116991415514e-05,0.9999999999382023
bg_5_so4_a2_SRF,570,1.0,0.44427509393646925,0.0,4.351341564950124e-05,0.9999999999432309
bg_5_so4_a2_SRF,571,1.0,0.439828750947694,0.0,4.3909804783895743e-05,0.9999999999527898
bg_5_so4_a2_SRF,572,1.0,0.439828750947694,0.0,4.3454539309459085e-05,0.9999999999525362
bg_5_so4_a2_SRF,573,1.0,0.43982875094768714,0.0,4.400141220280424e-05,0.9999999999536172
bg_5_so4_a2_SRF,574,1.0,0.439828750947694,0.0,4.4111500353455315e-05,0.9999999999546628
bg_5_so4_a2_SRF,575,0.999967738500702,0.43982875094768714,0.0,4.3882722649318706e-05,0.9999999999551124
bg_5_so4_a2_SRF,576,1.0,0.439828750947694,0.0,4.375445002645155e-05,0.9999999999528696
bg_5_so4_a2_SRF,577,1.0,0.43982875094768714,0.0,4.393304466164406e-05,0.9999999999457988
bg_5_so4_a2_SRF,578,0.9999996650796485,0.439828750947694,0.0,4.4108130996651764e-05,0.9999999999542456
bg_5_so4_a2_SRF,579,1.0,0.43982875094768037,0.0,4.382927468774667e-05,0.9999999999394337
bg_5_so4_a2_SRF,580,1.0,0.4398287509476906,0.0,4.368868582188175e-05,0.9999999999405256
bg_5_so4_a2_SRF,581,0.9999960345407467,1.0,0.0,4.4198159588634726e-05,0.999999999946438
bg_5_so4_a2_SRF,582,1.0,0.9946953694443004,0.0,4.367216167915679e-05,0.9999999999518896
bg_5_so4_a2_SRF,583,0.9999983821965389,0.43982875094768714,0.0,4.415114234588005e-05,0.9999999999549454
bg_5_so4_a2_SRF,584,0.9999730375446851,0.43982875094768714,0.0,4.3325087920931375e-05,0.9999999999566969
bg_5_so4_a2_SRF,585,0.9999598457899036,0.43982875094768037,0.0,4.3856701703107636e-05,0.999999999955313
bg_5_so4_a2_SRF,586,0.9999042663666119,0.43982875094768037,0.0,4.34312908429398e-05,0.9999999999486568
bg_5_so4_a2_SRF,587,1.0,0.43982875094768714,0.0,4.400531528768908e-05,0.9999999999547958
bg_5_so4_a2_SRF,588,0.9999999785314425,0.439828750947694,0.0,4.424163134045996e-05,0.9999999999489908
bg_5_so4_a2_SRF,589,0.9999240819109242,0.43982875094768714,0.0,4.387112624406901e-05,0.9999999999422575
bg_5_so4_a2_SRF,590,1.0,0.439828750947694,0.0,4.388267680165707e-05,0.9999999999350364
bg_5_so4_a2_SRF,591,1.0,0.4398287509476906,0.0,4.393692036648561e-05,0.9999999999519938
bg_5_so4_a2_SRF,592,0.9999848770507245,0.43982875094768714,0.0,4.3623119011627714e-05,0.9999999999497381
bg_5_so4_a2_SRF,593,0.9999627347875331,0.43982875094768714,0.0,4.402235921520045e-05,0.9999999999481918
bg_5_so4_a2_SRF,594,1.0,0.43982875094768714,0.0,4.3935165533519934e-05,0.999999999937462
bg_5_so4_a2_SRF,595,1.0,0.439828750947694,0.0,4.3652521434468535e-05,0.9999999999541791
bg_5_so4_a2_SRF,596,0.9999996022238794,0.43982875094768037,0.0,4.402306739811008e-05,0.9999999999502723
bg_5_so4_a2_SRF,597,0.999998667209959,0.439828750947694,0.0,4.403656491215052e-05,0.9999999999535882
bg_5_so4_a2_SRF,598,0.999999315779559,0.43540691075941906,0.0,4.3374435855928154e-05,0.9999999999557322
bg_5_so4_a2_SRF,599,0.9999628103048166,0.43540691075941906,0.0,4.366692249569123e-05,0.9999999999554058
bg_5_so4_a2_SRF,600,0.9999998988218414,0.43540691075941906,0.0,4.4115415286832104e-05,0.9999999999532992
bg_5_so4_a2_SRF,601,1.0,0.439828750947694,0.0,4.3518919250474e-05,0.999999999947748
bg_5_so4_a2_SRF,602,0.9999959289142888,0.43982875094768714,0.0,4.3928279015167684e-05,0.9999999999499212
bg_5_so4_a2_SRF,603,1.0,0.4398287509476906,0.0,4.3687763638768366e-05,0.9999999999481511
bg_5_so4_a2_SRF,604,1.0,0.4398287509476897,0.0,4.3520122094808286e-05,0.9999999999658863
bg_5_so4_a2_SRF,605,1.0,0.4398287509476897,0.0,4.426125156094536e-05,0.999999999954408
bg_5_so4_a2_SRF,606,0.9999999920048592,0.43982875094768714,0.0,4.4034721420927214e-05,0.9999999999581923
bg_5_so4_a2_SRF,607,0.9999969928313381,0.43540691075941906,0.0,4.366657864038909e-05,0.9999999999479972
bg_5_so4_a2_SRF,608,0.9999999970340087,0.4398287509476906,0.0,4.378242367478759e-05,0.9999999999427673
bg_5_so4_a2_SRF,609,1.0,0.439828750947694,0.0,4.385541441893223e-05,0.9999999999600379
bg_5_so4_a2_SRF,610,0.9999777443917279,0.43982875094768714,0.0,4.401530147595968e-05,0.9999999999315842
bg_5_so4_a2_SRF,611,1.0,0.4398287509476906,0.0,4.374545274681163e-05,0.9999999999606601
bg_5_so4_a2_SRF,612,1.0,0.43982875094768925,0.0,4.41437905797842e-05,0.9999999999452027
bg_5_so4_a2_SRF,613,1.0,0.43982875094768714,0.0,4.407629719616732e-05,0.9999999999399232
bg_5_so4_a2_SRF,614,0.9994487139147048,0.9999860552878879,0.0,4.387399629613827e-05,0.9999999999534378
bg_5_so4_a2_SRF,615,0.9999885518392266,1.0,0.0,4.4119853051476105e-05,0.9999999999396034
bg_5_so4_a2_SRF,616,1.0,1.0,0.0,4.369024609259283e-05,0.9999999999533775
bg_5_so4_a2_SRF,617,1.0,0.9835938348049793,0.0,4.4312345670983e-05,0.9999999999551568
bg_5_so4_a2_SRF,618,0.9999443978905163,0.9999999999998332,0.0,4.324713314754365e-05,0.9999999999487763
bg_5_so4_a2_SRF,619,0.9999967584906293,0.9999999996001006,0.0,4.37286062081245e-05,0.9999999999465501
bg_5_so4_a2_SRF,620,0.9999497573980114,0.43982875094768714,0.0,4.379051000051737e-05,0.9999999999528515
bg_5_so4_a2_SRF,621,0.9999906400268325,0.439828750947694,0.0,4.387878010053964e-05,0.999999999947488
bg_5_so4_a2_SRF,622,0.9998949766132506,0.43540691075941906,0.0,4.38286584769524e-05,0.9999999999537126
bg_5_so4_a2_SRF,623,1.0,0.43982875094768037,0.0,4.329358259479367e-05,0.9999999999580053
bg_5_so4_a2_SRF,624,0.9999490461255408,0.439828750947694,0.0,4.344907235363278e-05,0.9999999999534915
bg_5_so4_a2_SRF,625,1.0,0.43982875094768714,0.0,4.3643827458647474e-05,0.9999999999475434
bg_5_so4_a2_SRF,626,1.0,0.43540691075941906,0.0,4.396406945909195e-05,0.9999999999441237
bg_5_so4_a2_SRF,627,1.0,0.43982875094768714,0.0,4.381434481649292e-05,0.99999999994785
bg_5_so4_a2_SRF,628,1.0,0.4900213118345267,0.0,4.402306739811008e-05,0.9999999999588133
bg_5_so4_a2_SRF,629,1.0,0.4398287509476906,0.0,4.355270517807506e-05,0.9999999999581406
bg_5_so4_a2_SRF,630,0.9999964211920819,0.439828750947694,0.0,4.3844091785113055e-05,0.9999999999491623
bg_5_so4_a2_SRF,631,1.0,0.4398287509476889,0.0,4.415114234588005e-05,0.9999999999488293
bg_5_so4_a2_SRF,632,1.0,0.43982875094768925,0.0,4.388755818644242e-05,0.9999999999514789
bg_5_so4_a2_SRF,633,0.9999901735888372,0.43982875094768714,0.0,4.3901120875828226e-05,0.9999999999551706
bg_5_so4_a2_SRF,634,0.9999660322133485,0.43540691075941906,0.0,4.3615418205489304e-05,0.9999999999579037
bg_5_so4_a2_SRF,635,1.0,0.43982875094768714,0.0,4.344812850374934e-05,0.9999999999547653
bg_5_so4_a2_SRF,636,0.9999999481516676,0.4398287509476898,0.0,4.418639589243264e-05,0.9999999999503548
bg_5_so4_a2_SRF,637,0.9999971780881393,0.43982875094768037,0.0,4.426125156094536e-05,0.9999999999594883
bg_5_so4_a2_SRF,638,0.9999672761855443,0.4398287509476898,0.0,4.329611153764211e-05,0.9999999999559395
bg_5_so4_a2_SRF,639,0.9999999009049719,0.9999999999999926,0.0,4.410087760746439e-05,0.9999999999535144
bg_5_so4_a2_SRF,640,0.9999939920332209,0.439828750947694,0.0,4.400995541506187e-05,0.9999999999497396
bg_5_so4_a2_SRF,641,0.9999868962173877,0.43982875094768714,0.0,4.397410998305785e-05,0.9999999999539688
bg_5_so4_a2_SRF,642,0.9999999789235875,0.4398287509476889,0.0,4.3854642108641476e-05,0.9999999999461896
bg_5_so4_a2_SRF,643,0.9999999723101762,0.4398287509476898,0.0,4.37286062081245e-05,0.9999999999469087
bg_5_so4_a2_SRF,644,0.9999963548615323,0.4398287509476898,0.0,4.322416292950554e-05,0.9999999999471498
bg_5_so4_a2_SRF,645,0.9998440784448263,0.43982875094768037,0.0,4.31346423898509e-05,0.9999999999384109
bg_5_so4_a2_SRF,646,0.9999939017891029,0.9533820675750037,0.0,4.41437905797842e-05,0.9999999999431445
bg_5_so4_a2_SRF,647,0.9999875913239481,1.0,0.0,4.409308421114668e-05,0.9999999999471858
bg_5_so4_a2_SRF,648,0.9999938202271665,0.43982875094768714,0.0,4.3898194062726215e-05,0.9999999999456822
bg_5_so4_a2_SRF,649,0.9999845424024645,0.43982875094768714,0.0,4.3722182843398136e-05,0.9999999999486356
bg_5_so4_a2_SRF,650,0.999999433619729,0.43982875094768714,0.0,4.4190700080139966e-05,0.9999999999505856
bg_5_so4_a2_SRF,651,0.9999917254921893,0.43982875094768714,0.0,4.4088608074232075e-05,0.9999999999537067
bg_5_so4_a2_SRF,652,0.9999804252213131,0.43982875094768714,0.0,4.401702869806294e-05,0.9999999999541646
bg_5_so4_a2_SRF,653,1.0,0.43982875094768714,0.0,4.3837035862413266e-05,0.9999999999572269
bg_5_so4_a2_SRF,654,1.0,0.43540691075941906,0.0,4.3985806784550936e-05,0.9999999999486832
bg_5_so4_a2_SRF,655,1.0,0.43982875094768925,0.0,4.382371090057554e-05,0.999999999949782
bg_5_so4_a2_SRF,656,0.9999910596784649,0.43982875094768037,0.0,4.3750576063662104e-05,0.9999999999534661
bg_5_so4_a2_SRF,657,0.9999266869481394,0.4398287509476889,0.0,4.382094589659803e-05,0.9999999999548204
bg_5_so4_a2_SRF,658,0.9998598009704447,0.439828750947694,0.0,4.3829737850992785e-05,0.9999999999495573
bg_5_so4_a2_SRF,659,1.0,0.439828750947694,0.0,4.349330610294259e-05,0.999999999952576
bg_5_so4_a2_SRF,660,0.9999557901342478,0.43982875094768925,0.0,4.385748320897262e-05,0.9999999999542214
bg_5_so4_a2_SRF,661,1.0,0.43982875094768925,0.0,4.368482349518301e-05,0.9999999999485205
bg_5_so4_a2_SRF,662,0.9999659924215853,0.43982875094768925,0.0,4.367216167915679e-05,0.9999999999546415
bg_5_so4_a2_SRF,663,0.9999292923449592,0.43982875094768925,0.0,4.392051611869998e-05,0.9999999999575938
bg_5_so4_a2_SRF,664,1.0,0.43540691075941906,0.0,4.362284016787708e-05,0.9999999999600936
bg_5_so4_a2_SRF,665,0.9999601073683253,0.4398287509476889,0.0,4.3491853464177295e-05,0.9999999999484904
bg_5_so4_a2_SRF,666,0.9999421729850465,0.43982875094768037,0.0,4.388366069361285e-05,0.9999999999511197
bg_5_so4_a2_SRF,667,0.9999785956102195,0.4398287509476898,0.0,4.358700915686144e-05,0.9999999999307059
bg_5_so4_a2_SRF,668,1.0,0.439828750947694,0.0,4.368618703943708e-05,0.9999999999431272
bg_5_so4_a2_SRF,669,0.9999952940996591,0.43982875094768714,0.0,4.344521415412125e-05,0.9999999999439924
bg_5_so4_a2_SRF,670,0.9999641570506977,0.439828750947694,0.0,4.374545274681163e-05,0.9999999999447267
bg_5_so4_a2_SRF,671,0.9999884096364704,0.4398287509476897,0.0,4.3971832506289264e-05,0.9999999999399939
bg_5_so4_a2_SRF,672,0.9999870610396746,0.43982875094768037,0.0,4.367847918255252e-05,0.9999999999437993
bg_5_so4_a2_SRF,673,0.9999633660961582,0.4398287509476906,0.0,4.383358779974861e-05,0.9999999999433727
bg_5_so4_a2_SRF,674,0.9999990063587033,0.43982875094768037,0.0,4.3320033505446713e-05,0.9999999999476564
bg_5_so4_a2_SRF,675,0.9999997529481335,0.43982875094768714,0.0,4.408470556343798e-05,0.9999999999429854
bg_5_so4_a2_SRF,676,0.9999901093631894,0.4398287509476889,0.0,4.3550070962516816e-05,0.999999999949281
bg_5_so4_a2_SRF,677,0.9999999808027554,0.4398287509476889,0.0,4.3685957599657724e-05,0.9999999999547874
bg_5_so4_a2_SRF,678,0.9999992804165483,0.4398287509476906,0.0,4.3662704911499855e-05,0.9999999999495376
bg_5_so4_a2_SRF,679,0.9999919821676067,0.4398287509476906,0.0,4.385851157998263e-05,0.9999999999439435
bg_5_so4_a2_SRF,680,0.9999803955854796,1.0,0.0,4.3942081389921834e-05,0.9999999999417292
bg_5_so4_a2_SRF,681,0.9999999791775864,0.43982875094768714,0.0,4.3812641904038536e-05,0.9999999999371458
bg_5_so4_a2_SRF,682,1.0,1.0,0.0,4.387885649979222e-05,0.9999999999499339
bg_5_so4_a2_SRF,683,0.999976064038121,0.43982875094768037,0.0,4.363283194361338e-05,0.9999999999453397
bg_5_so4_a2_SRF,684,0.9999999122348292,0.43540691075941906,0.0,4.3299512368294805e-05,0.9999999999417457
bg_5_so4_a2_SRF,685,0.9999709705339176,0.43982875094768714,0.0,4.335301341797312e-05,0.9999999999477471
bg_5_so4_a2_SRF,686,0.9999771618602824,0.4398287509476906,0.0,4.408802533718894e-05,0.9999999999393459
bg_5_so4_a2_SRF,687,0.9999534622370494,0.4354069107594173,0.0,4.3983482218858013e-05,0.9999999999452557
bg_5_so4_a2_SRF,688,0.9999743257017145,0.43982875094768925,0.0,4.362223964821927e-05,0.9999999999285086
bg_5_so4_a2_SRF,689,0.9999964533637985,0.4398287509476898,0.0,4.379051000051737e-05,0.999999999944674
bg_5_so4_a2_SRF,690,0.9999330421078585,0.4398287509476906,0.0,4.371072396848893e-05,0.9999999999328809
bg_5_so4_a2_SRF,691,0.9999999412959351,0.4398287509476906,0.0,4.389141830007592e-05,0.9999999999320709
bg_5_so4_a2_SRF,692,0.9999909625660472,0.5281353018585446,0.0,4.39184581200545e-05,0.9999999999378921
bg_5_so4_a2_SRF,693,0.9999924386682207,0.43540691075941906,0.0,4.395243002643868e-05,0.9999999999389978
bg_5_so4_a2_SRF,694,0.9999799583624011,0.43982875094768037,0.0,4.338950623083559e-05,0.9999999999493543
bg_5_so4_a2_SRF,695,0.9999997682353264,0.9412627697054958,0.0,4.372862892635866e-05,0.9999999999454876
bg_5_so4_a2_SRF,696,0.9999999532062304,0.4398287509476906,0.0,4.4115415286832104e-05,0.9999999999360437
bg_5_so4_a2_SRF,697,0.9999985917814541,0.4398287509476906,0.0,4.378896540439454e-05,0.9999999999353064
bg_5_so4_a2_SRF,698,0.999947130801153,0.43540691075941906,0.0,4.376220001055136e-05,0.999999999942294
bg_5_so4_a2_SRF,699,0.9999838141648711,0.43540691075941906,0.0,4.3500231514077996e-05,0.9999999999476515
bg_5_so4_a2_SRF,700,0.9999905178399974,0.4398287509476898,0.0,4.402093455404194e-05,0.9999999999355528
bg_5_so4_a2_SRF,701,0.9999837092132648,0.9999998376827767,0.0,4.421777967442189e-05,0.9999999999318947
bg_5_so4_a2_SRF,702,0.999995839627398,0.4398287509476897,0.0,4.3922590549192654e-05,0.999999999926545
bg_5_so4_a2_SRF,703,0.9999894525115132,0.43982875094768714,0.0,4.371443170935806e-05,0.9999999999363571
bg_5_so4_a2_SRF,704,0.9999671696083613,0.439828750947694,0.0,4.3970212431521586e-05,0.999999999933517
bg_5_so4_a2_SRF,705,0.9999997294052905,0.4398287509476906,0.0,4.397880480815348e-05,0.9999999999373105
bg_5_so4_a2_SRF,706,1.0,0.9999860552878879,0.0,4.353965985985087e-05,0.9999999999446159
bg_5_so4_a2_SRF,707,0.9999602393365158,1.0,0.0,4.355169108983082e-05,0.999999999935611
bg_5_so4_a2_SRF,708,0.999972905873679,0.4398287509476906,0.0,4.406582900199003e-05,0.9999999999328804
bg_5_so4_a2_SRF,709,0.9999645974940552,0.439828750947694,0.0,4.3774727356406446e-05,0.9999999999319232
bg_5_so4_a2_SRF,710,0.9999988753917229,0.43540691075941906,0.0,4.404047423614918e-05,0.9999999999374929
bg_5_so4_a2_SRF,711,0.9999886887185825,0.43982875094768925,0.0,4.345656827022555e-05,0.999999999938375
bg_5_so4_a2_SRF,712,0.9999999680462714,0.4398287509476898,0.0,4.396488969071517e-05,0.9999999999491268
bg_5_so4_a2_SRF,713,0.9999999617363705,0.43540691075941906,0.0,4.4146759788286364e-05,0.9999999999486567
bg_5_so4_a2_SRF,714,0.9999898425560255,0.7818262583134914,0.0,4.386136080044566e-05,0.9999999999313315
bg_5_so4_a2_SRF,715,0.9999786979046122,0.4398287509476906,0.0,4.3844091785113055e-05,0.9999999999248572
bg_5_so4_a2_SRF,716,0.9999772352207287,1.0,0.0,4.352806216015379e-05,0.9999999999318606
bg_5_so4_a2_SRF,717,0.9999989299875726,1.0,0.0,4.36834546363759e-05,0.9999999999360154
bg_5_so4_a2_SRF,718,0.999982339666936,0.9772102884457503,0.0,4.3570854072100224e-05,0.9999999999325506
bg_5_so4_a2_SRF,719,0.9999909386646231,0.43540691075941906,0.0,4.394684162354167e-05,0.9999999999304474
bg_5_so4_a2_SRF,720,0.9999848640668948,0.663076079268524,0.0,4.400291212998081e-05,0.9999999999419426
bg_5_so4_a2_SRF,721,0.9999986886821155,0.43982875094768714,0.0,4.379710894072105e-05,0.9999999999398973
bg_5_so4_a2_SRF,722,0.999988730393396,0.43540691075941906,0.0,4.303711030951446e-05,0.9999999999300669
bg_5_so4_a2_SRF,723,0.9999789306097734,0.9867567856551539,0.0,4.396713469638361e-05,0.9999999999253065
bg_5_so4_a2_SRF,724,0.9999897716279466,0.43540691075941906,0.0,4.3419812545601447e-05,0.9999999999212503
bg_5_so4_a2_SRF,725,0.9999883143722951,0.43540691075941906,0.0,4.369791273064144e-05,0.9999999999308552
bg_5_so4_a2_SRF,726,0.999984712121666,0.9877069765571552,0.0,4.4045052637299205e-05,0.9999999999317732
bg_5_so4_a2_SRF,727,0.9999985444494569,0.43982875094768037,0.0,4.354565899497305e-05,0.9999999999360213
bg_5_so4_a2_SRF,728,0.999985015632679,0.43982875094768714,0.0,4.384973008246857e-05,0.9999999999368471
bg_5_so4_a2_SRF,729,0.9999732161875535,0.43982875094768714,0.0,4.4155056628427235e-05,0.9999999999389999
bg_6_so4_a2_SRF,0,1.0,0.43982875094768037,0.0,4.157743138854785e-06,0.999999999999169
bg_6_so4_a2_SRF,1,1.0,0.9999999999998332,0.0,4.1902386992754145e-06,0.999999999999252
bg_6_so4_a2_SRF,2,1.0,0.43982875094768037,0.0,4.253400010180718e-06,0.9999999999992722
bg_6_so4_a2_SRF,3,1.0,0.4398287509476906,0.0,4.1710266228556386e-06,0.9999999999994333
bg_6_so4_a2_SRF,4,0.9999999902845604,0.4398287509476889,0.0,4.186140247791595e-06,0.9999999999992424
bg_6_so4_a2_SRF,5,1.0,0.9999999999975161,0.0,4.226109751265267e-06,0.9999999999992591
bg_6_so4_a2_SRF,6,1.0,0.43982875094768037,0.0,4.344281405172301e-06,0.9999999999993529
bg_6_so4_a2_SRF,7,1.0,0.4398287509476906,0.0,4.137576928555802e-06,0.9999999999992791
bg_6_so4_a2_SRF,8,1.0,0.43982875094768037,0.0,4.094959644172707e-06,0.9999999999993058
bg_6_so4_a2_SRF,9,0.9999887821590966,0.43982875094768037,0.0,4.225501288189093e-06,0.9999999999992896
bg_6_so4_a2_SRF,10,1.0,0.43982875094770757,0.0,4.28285234975295e-06,0.9999999999994164
bg_6_so4_a2_SRF,11,1.0,0.43982875094768714,0.0,4.2553401310253e-06,0.9999999999993452
bg_6_so4_a2_SRF,12,1.0,0.43982875094768714,0.0,4.220854680194216e-06,0.9999999999992009
bg_6_so4_a2_SRF,13,1.0,1.0,0.0,4.181339240481629e-06,0.9999999999992502
bg_6_so4_a2_SRF,14,1.0,0.9999999999975161,0.0,4.223172547769612e-06,0.9999999999993774
bg_6_so4_a2_SRF,15,1.0,0.8185913474922369,0.0,4.190367588506984e-06,0.9999999999994154
bg_6_so4_a2_SRF,16,1.0,0.7675420945562501,0.0,4.264631629581408e-06,0.999999999999342
bg_6_so4_a2_SRF,17,0.999999833479488,0.9988762995742176,0.0,4.190952292793498e-06,0.9999999999993424
bg_6_so4_a2_SRF,18,1.0,1.0,0.0,4.090406298671068e-06,0.9999999999993593
bg_6_so4_a2_SRF,19,1.0,1.0,0.0,4.076171613036218e-06,0.9999999999993601
bg_6_so4_a2_SRF,20,1.0,0.4398287509476889,0.0,4.245794232650075e-06,0.9999999999993435
bg_6_so4_a2_SRF,21,1.0,0.4398287509476898,0.0,4.2907388001682525e-06,0.9999999999993116
bg_6_so4_a2_SRF,22,1.0,0.43982875094768037,0.0,4.28428704557362e-06,0.9999999999993866
bg_6_so4_a2_SRF,23,1.0,0.43982875094770757,0.0,4.210195893512965e-06,0.999999999999322
bg_6_so4_a2_SRF,24,0.9999981516182345,1.0,0.0,4.298506601743502e-06,0.9999999999993934
bg_6_so4_a2_SRF,25,1.0,0.43982875094768037,0.0,4.29218965237556e-06,0.9999999999993214
bg_6_so4_a2_SRF,26,1.0,0.9894589588557965,0.0,4.356123766188445e-06,0.9999999999992251
bg_6_so4_a2_SRF,27,1.0,0.43982875094770757,0.0,4.297133770190118e-06,0.999999999999069
bg_6_so4_a2_SRF,28,1.0,0.4398287509476906,0.0,4.16596841900289e-06,0.999999999999324
bg_6_so4_a2_SRF,29,1.0,0.43540691075941906,0.0,4.337390307915469e-06,0.9999999999994237
bg_6_so4_a2_SRF,30,0.9999300610854708,0.4398287509476889,0.0,4.184787738598496e-06,0.9999999999993839
bg_6_so4_a2_SRF,31,1.0,0.47145185717667615,0.0,4.219851495816294e-06,0.9999999999993119
bg_6_so4_a2_SRF,32,1.0,0.4398287509476889,0.0,4.2949619126934e-06,0.9999999999992195
bg_6_so4_a2_SRF,33,1.0,0.4398287509476889,0.0,4.162567321134146e-06,0.9999999999992036
bg_6_so4_a2_SRF,34,1.0,0.4398287509476906,0.0,4.298412146084607e-06,0.9999999999993336
bg_6_so4_a2_SRF,35,1.0,0.444275093936476,0.0,4.273852455351979e-06,0.9999999999993455
bg_6_so4_a2_SRF,36,1.0,0.9710296241390252,0.0,4.3121577866447e-06,0.9999999999992831
bg_6_so4_a2_SRF,37,1.0,0.9976710995138088,0.0,4.243041992839114e-06,0.9999999999993673
bg_6_so4_a2_SRF,38,1.0,0.439828750947694,0.0,4.1884382487906225e-06,0.9999999999993984
bg_6_so4_a2_SRF,39,1.0,0.9742433711279783,0.0,4.1841724554006655e-06,0.9999999999993309
bg_6_so4_a2_SRF,40,1.0,0.43982875094768037,0.0,4.161396720098076e-06,0.9999999999992715
bg_6_so4_a2_SRF,41,1.0,0.4398287509476897,0.0,4.264146546887249e-06,0.9999999999993464
bg_6_so4_a2_SRF,42,1.0,0.43982875094768037,0.0,4.217310372153541e-06,0.9999999999992272
bg_6_so4_a2_SRF,43,1.0,0.43982875094768037,0.0,4.277864259292897e-06,0.9999999999991781
bg_6_so4_a2_SRF,44,1.0,0.43982875094768037,0.0,4.362339823364013e-06,0.9999999999991263
bg_6_so4_a2_SRF,45,0.9999998955351966,0.43982875094768037,0.0,4.245466397841039e-06,0.9999999999991721
bg_6_so4_a2_SRF,46,1.0,0.43982875094768037,0.0,4.222701524911359e-06,0.9999999999991085
bg_6_so4_a2_SRF,47,1.0,0.43982875094768037,0.0,4.253979310670338e-06,0.9999999999991486
bg_6_so4_a2_SRF,48,1.0,0.439828750947694,0.0,4.232481464333121e-06,0.9999999999991726
bg_6_so4_a2_SRF,49,1.0,0.4398287509476889,0.0,4.140744565026286e-06,0.9999999999992976
bg_6_so4_a2_SRF,50,1.0,0.4398287509476898,0.0,4.200251175020266e-06,0.9999999999993214
bg_6_so4_a2_SRF,51,0.9999988017220829,0.43982875094768037,0.0,4.006622501815223e-06,0.9999999999992478
bg_6_so4_a2_SRF,52,1.0,0.439828750947694,0.0,4.170514422014901e-06,0.9999999999992327
bg_6_so4_a2_SRF,53,1.0,0.43982875094768037,0.0,4.129640658302632e-06,0.9999999999992101
bg_6_so4_a2_SRF,54,0.9999999869438503,0.43982875094768037,0.0,4.254751561341868e-06,0.9999999999992761
bg_6_so4_a2_SRF,55,1.0,0.9998208542554494,0.0,4.198659939174495e-06,0.9999999999992419
bg_6_so4_a2_SRF,56,1.0,0.43982875094770757,0.0,4.204090019043193e-06,0.9999999999993533
bg_6_so4_a2_SRF,57,0.9999939496601703,0.43982875094768037,0.0,4.333914788768776e-06,0.9999999999992337
bg_6_so4_a2_SRF,58,0.9999978088323354,0.4398287509476906,0.0,4.01979346301187e-06,0.9999999999992232
bg_6_so4_a2_SRF,59,0.9999999344950508,0.43982875094768714,0.0,4.291423064959271e-06,0.9999999999991486
bg_6_so4_a2_SRF,60,1.0,0.43982875094768037,0.0,4.363848246415289e-06,0.9999999999991761
bg_6_so4_a2_SRF,61,1.0,0.43982875094768037,0.0,4.285686589100274e-06,0.9999999999991946
bg_6_so4_a2_SRF,62,0.9999985860324074,0.439828750947694,0.0,4.344204717130557e-06,0.9999999999991298
bg_6_so4_a2_SRF,63,1.0,0.43982875094768037,0.0,4.200178331442576e-06,0.9999999999991686
bg_6_so4_a2_SRF,64,1.0,0.43982875094768037,0.0,4.247701403582134e-06,0.9999999999991702
bg_6_so4_a2_SRF,65,0.9999938911168591,0.439828750947694,0.0,4.31484181618678e-06,0.9999999999992132
bg_6_so4_a2_SRF,66,1.0,0.9812127457537407,0.0,4.223323344038323e-06,0.9999999999991595
bg_6_so4_a2_SRF,67,0.9999993700746573,0.4398287509476889,0.0,4.204125929186904e-06,0.99999999999924
bg_6_so4_a2_SRF,68,1.0,0.4398287509476889,0.0,4.301369486667628e-06,0.9999999999991178
bg_6_so4_a2_SRF,69,0.9999883220582086,0.4398287509476898,0.0,4.113186943683173e-06,0.9999999999991876
bg_6_so4_a2_SRF,70,0.9999994424800678,0.43982875094768714,0.0,4.252503798789079e-06,0.9999999999992689
bg_6_so4_a2_SRF,71,1.0,0.43982875094768714,0.0,4.3257254808095365e-06,0.9999999999992907
bg_6_so4_a2_SRF,72,1.0,0.43540691075941906,0.0,4.188012584032135e-06,0.9999999999990746
bg_6_so4_a2_SRF,73,1.0,0.439828750947694,0.0,4.35030987671567e-06,0.9999999999990703
bg_6_so4_a2_SRF,74,0.9999980608902471,0.439828750947694,0.0,4.154951915967528e-06,0.9999999999991899
bg_6_so4_a2_SRF,75,0.9999998982287278,0.9675633003057538,0.0,4.353965809757818e-06,0.999999999999302
bg_6_so4_a2_SRF,76,1.0,0.439828750947694,0.0,4.276797065289446e-06,0.9999999999992765
bg_6_so4_a2_SRF,77,1.0,0.439828750947694,0.0,4.358322455398623e-06,0.9999999999992341
bg_6_so4_a2_SRF,78,1.0,0.43982875094768714,0.0,4.203641194002245e-06,0.9999999999991054
bg_6_so4_a2_SRF,79,1.0,0.439828750947694,0.0,4.233770217447804e-06,0.9999999999993204
bg_6_so4_a2_SRF,80,1.0,0.43982875094768714,0.0,4.235164571436639e-06,0.9999999999990896
bg_6_so4_a2_SRF,81,0.9999999927821601,0.439828750947694,0.0,4.268919334087142e-06,0.9999999999991341
bg_6_so4_a2_SRF,82,1.0,0.43982875094768714,0.0,4.209015430450998e-06,0.99999999999923
bg_6_so4_a2_SRF,83,0.9999900244821279,0.439828750947694,0.0,4.250078455077288e-06,0.9999999999992994
bg_6_so4_a2_SRF,84,1.0,0.43982875094768714,0.0,4.143680279607394e-06,0.9999999999992525
bg_6_so4_a2_SRF,85,1.0,0.439828750947694,0.0,4.170568299510356e-06,0.9999999999992107
bg_6_so4_a2_SRF,86,1.0,0.43982875094768037,0.0,4.368341010172618e-06,0.9999999999991636
bg_6_so4_a2_SRF,87,0.9999992512633998,0.43982875094768714,0.0,4.2160815221523125e-06,0.9999999999991557
bg_6_so4_a2_SRF,88,0.9999984016312993,0.439828750947694,0.0,4.194359020084079e-06,0.9999999999992772
bg_6_so4_a2_SRF,89,1.0,0.439828750947694,0.0,4.224244136238142e-06,0.9999999999993398
bg_6_so4_a2_SRF,90,1.0,0.43540691075941906,0.0,4.361450729279561e-06,0.9999999999990877
bg_6_so4_a2_SRF,91,1.0,0.43982875094770757,0.0,4.236805126130697e-06,0.99999999999917
bg_6_so4_a2_SRF,92,0.9999988103543856,0.43982875094768714,0.0,4.243785489511758e-06,0.9999999999992686
bg_6_so4_a2_SRF,93,1.0,0.4398287509476906,0.0,4.22944493174017e-06,0.9999999999992696
bg_6_so4_a2_SRF,94,0.9999999912390576,0.439828750947694,0.0,4.236987488444961e-06,0.999999999999178
bg_6_so4_a2_SRF,95,1.0,0.439828750947694,0.0,4.331016422870544e-06,0.9999999999992458
bg_6_so4_a2_SRF,96,1.0,0.8096025278380355,0.0,4.15654644140002e-06,0.9999999999993158
bg_6_so4_a2_SRF,97,1.0,0.43982875094768714,0.0,4.1578900537448865e-06,0.9999999999992331
bg_6_so4_a2_SRF,98,1.0,0.43982875094768714,0.0,4.1448592790668615e-06,0.9999999999992828
bg_6_so4_a2_SRF,99,1.0,0.4398287509476906,0.0,4.162911951359427e-06,0.9999999999993199
bg_6_so4_a2_SRF,100,1.0,0.43982875094768714,0.0,4.328883264241837e-06,0.9999999999993945
bg_6_so4_a2_SRF,101,1.0,0.439828750947694,0.0,4.0993045093088824e-06,0.9999999999993435
bg_6_so4_a2_SRF,102,1.0,0.43982875094768714,0.0,4.234144422902582e-06,0.999999999999103
bg_6_so4_a2_SRF,103,1.0,0.43982875094768714,0.0,4.3424033272459276e-06,0.9999999999993553
bg_6_so4_a2_SRF,104,1.0,0.43982875094768714,0.0,4.226663051599449e-06,0.9999999999993374
bg_6_so4_a2_SRF,105,1.0,0.6984618690522773,0.0,4.109833808106119e-06,0.999999999999352
bg_6_so4_a2_SRF,106,1.0,0.43982875094768714,0.0,4.154734575462751e-06,0.9999999999992643
bg_6_so4_a2_SRF,107,1.0,0.43982875094768037,0.0,4.306724362189503e-06,0.9999999999992393
bg_6_so4_a2_SRF,108,0.999999395174279,0.43982875094768714,0.0,4.181901942493452e-06,0.9999999999993422
bg_6_so4_a2_SRF,109,1.0,0.43982875094768714,0.0,4.276414683796128e-06,0.9999999999993594
bg_6_so4_a2_SRF,110,1.0,1.0,0.0,4.362533152655214e-06,0.9999999999993079
bg_6_so4_a2_SRF,111,1.0,0.43982875094768714,0.0,4.24210001457801e-06,0.9999999999994468
bg_6_so4_a2_SRF,112,1.0,0.43982875094768714,0.0,4.204846616501238e-06,0.9999999999994963
bg_6_so4_a2_SRF,113,1.0,0.43982875094768037,0.0,4.261050340792719e-06,0.9999999999995179
bg_6_so4_a2_SRF,114,1.0,0.43982875094768714,0.0,4.3239773673415755e-06,0.9999999999993084
bg_6_so4_a2_SRF,115,1.0,0.439828750947694,0.0,4.256352709395048e-06,0.9999999999992747
bg_6_so4_a2_SRF,116,1.0,0.43982875094768037,0.0,4.002671613697414e-06,0.9999999999993554
bg_6_so4_a2_SRF,117,1.0,0.43982875094768037,0.0,4.309854454846852e-06,0.9999999999994407
bg_6_so4_a2_SRF,118,1.0,0.439828750947694,0.0,4.245942513308166e-06,0.9999999999993773
bg_6_so4_a2_SRF,119,1.0,0.43982875094768714,0.0,4.148142958701813e-06,0.9999999999993187
bg_6_so4_a2_SRF,120,0.9999970694846637,0.43982875094768714,0.0,4.250078455077288e-06,0.999999999999256
bg_6_so4_a2_SRF,121,1.0,0.43982875094768714,0.0,4.210530675269034e-06,0.999999999999312
bg_6_so4_a2_SRF,122,0.9999998683525165,0.9120937679735266,0.0,4.329606778927185e-06,0.9999999999992828
bg_6_so4_a2_SRF,123,1.0,0.9857553705707905,0.0,4.1916661294015236e-06,0.9999999999993839
bg_6_so4_a2_SRF,124,1.0,0.9995868581218246,0.0,4.254678001579093e-06,0.9999999999993691
bg_6_so4_a2_SRF,125,1.0,0.43982875094768714,0.0,4.285985148313114e-06,0.9999999999993523
bg_6_so4_a2_SRF,126,1.0,0.43982875094768714,0.0,4.2540724166630645e-06,0.9999999999993089
bg_6_so4_a2_SRF,127,1.0,0.43982875094768714,0.0,4.206331162797497e-06,0.9999999999993846
bg_6_so4_a2_SRF,128,1.0,0.43982875094768037,0.0,4.170368438378192e-06,0.9999999999994077
bg_6_so4_a2_SRF,129,1.0,0.4398287509476906,0.0,4.253905777607562e-06,0.9999999999994201
bg_6_so4_a2_SRF,130,1.0,0.43982875094768714,0.0,4.1001156837557924e-06,0.9999999999993394
bg_6_so4_a2_SRF,131,1.0,0.43982875094768714,0.0,4.280691898423666e-06,0.9999999999992796
bg_6_so4_a2_SRF,132,1.0,0.439828750947694,0.0,4.251664239731236e-06,0.999999999999309
bg_6_so4_a2_SRF,133,1.0,0.43982875094768714,0.0,4.293050729753887e-06,0.9999999999990694
bg_6_so4_a2_SRF,134,1.0,0.43982875094768714,0.0,4.364660906376569e-06,0.9999999999991949
bg_6_so4_a2_SRF,135,1.0,0.43982875094768714,0.0,4.323293707487183e-06,0.99999999999922
bg_6_so4_a2_SRF,136,1.0,0.43982875094768714,0.0,4.329530608097693e-06,0.9999999999994539
bg_6_so4_a2_SRF,137,1.0,0.4398287509476906,0.0,4.167637185881712e-06,0.9999999999994235
bg_6_so4_a2_SRF,138,1.0,0.999999993183976,0.0,4.098437708072966e-06,0.9999999999994041
bg_6_so4_a2_SRF,139,1.0,1.0,0.0,4.093226229066218e-06,0.9999999999993517
bg_6_so4_a2_SRF,140,1.0,0.4398287509476889,0.0,4.323179785195607e-06,0.9999999999992413
bg_6_so4_a2_SRF,141,1.0,0.43982875094768714,0.0,4.0847580601149154e-06,0.9999999999993546
bg_6_so4_a2_SRF,142,1.0,0.43982875094768714,0.0,4.138580648934964e-06,0.9999999999994497
bg_6_so4_a2_SRF,143,1.0,0.43982875094768037,0.0,4.162491236469343e-06,0.9999999999994371
bg_6_so4_a2_SRF,144,1.0,0.43982875094768714,0.0,4.112294141982164e-06,0.9999999999994473
bg_6_so4_a2_SRF,145,1.0,0.43982875094768714,0.0,4.3458157347915596e-06,0.9999999999993359
bg_6_so4_a2_SRF,146,0.9999991411239176,0.43982875094768714,0.0,4.239250086080328e-06,0.9999999999994442
bg_6_so4_a2_SRF,147,1.0,0.43982875094768714,0.0,4.352194801476016e-06,0.9999999999995147
bg_6_so4_a2_SRF,148,1.0,0.43982875094768714,0.0,4.284716558858437e-06,0.9999999999993626
bg_6_so4_a2_SRF,149,1.0,0.43982875094768714,0.0,4.302545433684629e-06,0.9999999999993197
bg_6_so4_a2_SRF,150,1.0,0.4398287509476906,0.0,4.091604506063238e-06,0.9999999999993956
bg_6_so4_a2_SRF,151,1.0,1.0,0.0,4.152960478726051e-06,0.9999999999993011
bg_6_so4_a2_SRF,152,1.0,0.439828750947694,0.0,4.244660907178361e-06,0.9999999999994368
bg_6_so4_a2_SRF,153,1.0,0.439828750947694,0.0,4.1917818629171045e-06,0.9999999999993919
bg_6_so4_a2_SRF,154,0.9999912529777764,0.9970967786521834,0.0,4.3055187934870215e-06,0.9999999999994116
bg_6_so4_a2_SRF,155,1.0,1.0,0.0,4.116577764079459e-06,0.9999999999994323
bg_6_so4_a2_SRF,156,1.0,0.439828750947694,0.0,4.231341546837424e-06,0.9999999999994664
bg_6_so4_a2_SRF,157,1.0,0.9867567856551565,0.0,4.065783324963503e-06,0.9999999999991109
bg_6_so4_a2_SRF,158,1.0,0.4398287509476889,0.0,4.363345322836648e-06,0.9999999999995056
bg_6_so4_a2_SRF,159,1.0,0.4398287509476889,0.0,4.296638240939672e-06,0.9999999999993977
bg_6_so4_a2_SRF,160,1.0,0.4398287509476889,0.0,4.250599418855349e-06,0.9999999999995073
bg_6_so4_a2_SRF,161,1.0,0.4398287509476889,0.0,4.144687012623246e-06,0.9999999999994319
bg_6_so4_a2_SRF,162,1.0,0.43982875094768714,0.0,4.193451208992274e-06,0.9999999999992442
bg_6_so4_a2_SRF,163,1.0,1.0,0.0,4.345010076630115e-06,0.9999999999994901
bg_6_so4_a2_SRF,164,1.0,0.4398287509476906,0.0,4.1474196293625e-06,0.9999999999993289
bg_6_so4_a2_SRF,165,1.0,0.43982875094768714,0.0,4.137676790582968e-06,0.9999999999992379
bg_6_so4_a2_SRF,166,1.0,0.4398287509476906,0.0,4.366442076754705e-06,0.9999999999991155
bg_6_so4_a2_SRF,167,1.0,0.439828750947694,0.0,4.1585776082956666e-06,0.9999999999993462
bg_6_so4_a2_SRF,168,1.0,0.43982875094768714,0.0,4.219179018313243e-06,0.9999999999992976
bg_6_so4_a2_SRF,169,1.0,0.439828750947694,0.0,4.083848523998341e-06,0.9999999999994382
bg_6_so4_a2_SRF,170,1.0,0.43982875094768037,0.0,4.115366392703024e-06,0.999999999999362
bg_6_so4_a2_SRF,171,1.0,0.43982875094768714,0.0,4.144948289006796e-06,0.9999999999994189
bg_6_so4_a2_SRF,172,1.0,0.43982875094768714,0.0,4.310194135932987e-06,0.9999999999994215
bg_6_so4_a2_SRF,173,0.9999862288731096,0.43982875094768714,0.0,4.254089615031225e-06,0.9999999999993567
bg_6_so4_a2_SRF,174,1.0,0.43982875094768714,0.0,3.979828108570772e-06,0.9999999999991883
bg_6_so4_a2_SRF,175,1.0,0.4398287509476906,0.0,4.186496316580991e-06,0.9999999999990294
bg_6_so4_a2_SRF,176,0.9999993870252741,0.4398287509476906,0.0,4.081207168508963e-06,0.9999999999993331
bg_6_so4_a2_SRF,177,1.0,0.43982875094768714,0.0,4.153183378801901e-06,0.9999999999993374
bg_6_so4_a2_SRF,178,1.0,0.43982875094768714,0.0,4.253960334152701e-06,0.9999999999993803
bg_6_so4_a2_SRF,179,1.0,0.439828750947694,0.0,4.338499062505444e-06,0.9999999999994003
bg_6_so4_a2_SRF,180,1.0,0.43982875094768714,0.0,4.168343101481489e-06,0.9999999999993736
bg_6_so4_a2_SRF,181,1.0,0.4398287509476906,0.0,4.236695716276961e-06,0.9999999999994709
bg_6_so4_a2_SRF,182,1.0,1.0,0.0,4.242246268052189e-06,0.9999999999994221
bg_6_so4_a2_SRF,183,1.0,1.0,0.0,4.294698971255989e-06,0.9999999999993523
bg_6_so4_a2_SRF,184,1.0,0.43982875094768714,0.0,4.257364581848747e-06,0.999999999999362
bg_6_so4_a2_SRF,185,1.0,0.439828750947694,0.0,4.1586004350969246e-06,0.9999999999991956
bg_6_so4_a2_SRF,186,1.0,0.43982875094768714,0.0,4.151291786458341e-06,0.999999999999272
bg_6_so4_a2_SRF,187,1.0,0.439828750947694,0.0,4.171451973179551e-06,0.9999999999992996
bg_6_so4_a2_SRF,188,1.0,0.43982875094768714,0.0,4.35150219035971e-06,0.9999999999990985
bg_6_so4_a2_SRF,189,1.0,1.0,0.0,4.182840880280213e-06,0.9999999999992524
bg_6_so4_a2_SRF,190,1.0,0.43982875094768714,0.0,4.170587417665938e-06,0.9999999999992865
bg_6_so4_a2_SRF,191,1.0,0.4398287509476889,0.0,4.296752583699701e-06,0.9999999999992416
bg_6_so4_a2_SRF,192,1.0,0.4398287509476906,0.0,4.007404895905687e-06,0.99999999999935
bg_6_so4_a2_SRF,193,1.0,0.4398287509476889,0.0,4.0983611975622945e-06,0.9999999999994256
bg_6_so4_a2_SRF,194,1.0,0.4398287509476906,0.0,4.086811792429511e-06,0.999999999999332
bg_6_so4_a2_SRF,195,1.0,0.4398287509476906,0.0,4.206744388304762e-06,0.9999999999993916
bg_6_so4_a2_SRF,196,1.0,1.0,0.0,4.122057984165252e-06,0.9999999999992987
bg_6_so4_a2_SRF,197,1.0,1.0,0.0,4.268737198446749e-06,0.9999999999994095
bg_6_so4_a2_SRF,198,1.0,0.4398287509476906,0.0,4.247261544410816e-06,0.9999999999992453
bg_6_so4_a2_SRF,199,1.0,1.0,0.0,4.2363310575718064e-06,0.9999999999991684
bg_6_so4_a2_SRF,200,1.0,0.7530368186727513,0.0,4.1273933722317226e-06,0.9999999999991074
bg_6_so4_a2_SRF,201,1.0,0.43982875094768714,0.0,4.151365203230084e-06,0.9999999999994899
bg_6_so4_a2_SRF,202,1.0,0.4398287509476906,0.0,4.1449989042070356e-06,0.9999999999994524
bg_6_so4_a2_SRF,203,0.9999922723804637,0.43982875094768714,0.0,4.338499062505444e-06,0.9999999999993016
bg_6_so4_a2_SRF,204,1.0,0.43982875094768714,0.0,4.034059220126099e-06,0.9999999999993681
bg_6_so4_a2_SRF,205,1.0,0.9956209086649722,0.0,4.328312239223482e-06,0.9999999999993978
bg_6_so4_a2_SRF,206,1.0,1.0,0.0,4.194523909219051e-06,0.9999999999994904
bg_6_so4_a2_SRF,207,1.0,1.0,0.0,4.211125974314755e-06,0.9999999999994592
bg_6_so4_a2_SRF,208,1.0,0.439828750947694,0.0,3.853056651247305e-06,0.999999999999467
bg_6_so4_a2_SRF,209,1.0,0.4398287509476889,0.0,4.245686130172332e-06,0.999999999999414
bg_6_so4_a2_SRF,210,1.0,0.43982875094768714,0.0,4.19745718044009e-06,0.9999999999993441
bg_6_so4_a2_SRF,211,0.9999999715110731,0.4398287509476906,0.0,4.205419103056198e-06,0.9999999999993318
bg_6_so4_a2_SRF,212,1.0,0.43982875094768714,0.0,4.1523074273509325e-06,0.9999999999994128
bg_6_so4_a2_SRF,213,1.0,0.439828750947694,0.0,3.989992070212534e-06,0.9999999999993626
bg_6_so4_a2_SRF,214,1.0,0.439828750947694,0.0,4.201936532483271e-06,0.9999999999994331
bg_6_so4_a2_SRF,215,1.0,0.43982875094768714,0.0,4.193708927863188e-06,0.9999999999994027
bg_6_so4_a2_SRF,216,1.0,0.4398287509476906,0.0,3.962754140994121e-06,0.9999999999992204
bg_6_so4_a2_SRF,217,1.0,0.439828750947694,0.0,4.083078191148167e-06,0.9999999999991301
bg_6_so4_a2_SRF,218,1.0,0.439828750947694,0.0,4.24327032481022e-06,0.9999999999994383
bg_6_so4_a2_SRF,219,1.0,0.439828750947694,0.0,4.1658609309301605e-06,0.9999999999994541
bg_6_so4_a2_SRF,220,1.0,1.0,0.0,4.218900957549887e-06,0.9999999999993062
bg_6_so4_a2_SRF,221,0.9999997705034589,1.0,0.0,4.082087805190329e-06,0.9999999999995354
bg_6_so4_a2_SRF,222,1.0,0.43982875094768714,0.0,4.22696296522145e-06,0.9999999999995084
bg_6_so4_a2_SRF,223,1.0,0.43982875094768714,0.0,4.225386476337086e-06,0.9999999999992576
bg_6_so4_a2_SRF,224,1.0,0.439828750947694,0.0,3.952211960816189e-06,0.9999999999993892
bg_6_so4_a2_SRF,225,1.0,0.439828750947694,0.0,4.3594033263908105e-06,0.9999999999993564
bg_6_so4_a2_SRF,226,1.0,0.43982875094768714,0.0,4.169367103971508e-06,0.9999999999995349
bg_6_so4_a2_SRF,227,1.0,0.43982875094768037,0.0,4.142095608394058e-06,0.9999999999994621
bg_6_so4_a2_SRF,228,1.0,0.439828750947694,0.0,4.286769064197633e-06,0.9999999999993598
bg_6_so4_a2_SRF,229,1.0,0.43982875094768714,0.0,3.9934889648806874e-06,0.9999999999992183
bg_6_so4_a2_SRF,230,1.0,0.439828750947694,0.0,4.234399413959121e-06,0.9999999999993988
bg_6_so4_a2_SRF,231,1.0,0.439828750947694,0.0,4.1523074273509325e-06,0.9999999999994774
bg_6_so4_a2_SRF,232,1.0,0.43982875094768714,0.0,4.2215336278026055e-06,0.9999999999994461
bg_6_so4_a2_SRF,233,1.0,0.439828750947694,0.0,4.2203841742024526e-06,0.9999999999993382
bg_6_so4_a2_SRF,234,1.0,0.439828750947694,0.0,4.132633283622347e-06,0.9999999999992538
bg_6_so4_a2_SRF,235,1.0,0.439828750947694,0.0,4.247298195862336e-06,0.9999999999993613
bg_6_so4_a2_SRF,236,1.0,0.43982875094768714,0.0,4.342594893453056e-06,0.9999999999993314
bg_6_so4_a2_SRF,237,1.0,0.43982875094768037,0.0,4.252167816878061e-06,0.9999999999991956
bg_6_so4_a2_SRF,238,1.0,0.43982875094768037,0.0,4.225576221394148e-06,0.9999999999993436
bg_6_so4_a2_SRF,239,1.0,1.0,0.0,4.32675220587099e-06,0.999999999999468
bg_6_so4_a2_SRF,240,0.9999777834582508,0.43982875094768714,0.0,4.0698625940997265e-06,0.9999999999993489
bg_6_so4_a2_SRF,241,1.0,0.439828750947694,0.0,4.263117154722529e-06,0.9999999999993945
bg_6_so4_a2_SRF,242,0.9999995199559312,1.0,0.0,4.0950277847635195e-06,0.9999999999994482
bg_6_so4_a2_SRF,243,1.0,1.0,0.0,4.148802726946821e-06,0.999999999999367
bg_6_so4_a2_SRF,244,1.0,0.43982875094768714,0.0,4.300552948715087e-06,0.9999999999993572
bg_6_so4_a2_SRF,245,1.0,0.43982875094768714,0.0,4.205700102557031e-06,0.9999999999994651
bg_6_so4_a2_SRF,246,1.0,0.439828750947694,0.0,4.196848726186464e-06,0.999999999999322
bg_6_so4_a2_SRF,247,1.0,0.9902634765712477,0.0,4.094891505849552e-06,0.9999999999992204
bg_6_so4_a2_SRF,248,1.0,1.0,0.0,4.228869363445747e-06,0.9999999999993734
bg_6_so4_a2_SRF,249,1.0,0.43982875094768714,0.0,4.250379177675767e-06,0.9999999999993364
bg_6_so4_a2_SRF,250,1.0,0.6630760792685045,0.0,4.2391405499161155e-06,0.9999999999990934
bg_6_so4_a2_SRF,251,1.0,0.4398287509476906,0.0,4.276872590723849e-06,0.9999999999994347
bg_6_so4_a2_SRF,252,1.0,0.439828750947694,0.0,4.3232177586256946e-06,0.999999999999443
bg_6_so4_a2_SRF,253,1.0,0.439828750947694,0.0,4.1190515746447665e-06,0.9999999999993966
bg_6_so4_a2_SRF,254,1.0,0.43982875094768714,0.0,4.181360439339588e-06,0.9999999999992969
bg_6_so4_a2_SRF,255,0.9999986839238566,0.43982875094768714,0.0,4.281522537036896e-06,0.9999999999993349
bg_6_so4_a2_SRF,256,0.9999914983277949,0.43982875094768714,0.0,4.090637355713318e-06,0.9999999999993615
bg_6_so4_a2_SRF,257,1.0,0.439828750947694,0.0,4.318400464467961e-06,0.9999999999993966
bg_6_so4_a2_SRF,258,1.0,0.43982875094768714,0.0,4.199486443448158e-06,0.9999999999993012
bg_6_so4_a2_SRF,259,1.0,0.43982875094768714,0.0,4.198638801300618e-06,0.9999999999994796
bg_6_so4_a2_SRF,260,1.0,0.4398287509476906,0.0,4.197099244808605e-06,0.9999999999993636
bg_6_so4_a2_SRF,261,1.0,0.439828750947694,0.0,4.221372591553741e-06,0.9999999999993912
bg_6_so4_a2_SRF,262,1.0,1.0,0.0,4.2556344769349e-06,0.9999999999995413
bg_6_so4_a2_SRF,263,1.0,1.0,0.0,4.1521836936781395e-06,0.9999999999995515
bg_6_so4_a2_SRF,264,1.0,0.43982875094768714,0.0,4.109662226861575e-06,0.9999999999994718
bg_6_so4_a2_SRF,265,1.0,0.4398287509476906,0.0,4.124253925790836e-06,0.9999999999993799
bg_6_so4_a2_SRF,266,1.0,0.43982875094768714,0.0,4.295190425881986e-06,0.9999999999993521
bg_6_so4_a2_SRF,267,1.0,0.439828750947694,0.0,4.0608862207362384e-06,0.9999999999993009
bg_6_so4_a2_SRF,268,1.0,0.439828750947694,0.0,4.234654435729944e-06,0.9999999999990314
bg_6_so4_a2_SRF,269,1.0,0.43982875094768714,0.0,4.2158613487519625e-06,0.9999999999993064
bg_6_so4_a2_SRF,270,1.0,0.4398287509476906,0.0,4.1123488396742435e-06,0.9999999999994909
bg_6_so4_a2_SRF,271,1.0,0.4398287509476897,0.0,4.2116091784278114e-06,0.9999999999994661
bg_6_so4_a2_SRF,272,1.0,0.5041690531455878,0.0,4.089882962062114e-06,0.9999999999993996
bg_6_so4_a2_SRF,273,1.0,0.43982875094768037,0.0,4.167143187207056e-06,0.9999999999993866
bg_6_so4_a2_SRF,274,1.0,0.43982875094768714,0.0,4.061506159918775e-06,0.9999999999993877
bg_6_so4_a2_SRF,275,0.9999999354734972,0.439828750947694,0.0,4.159528937373193e-06,0.9999999999994034
bg_6_so4_a2_SRF,276,1.0,0.43982875094768714,0.0,4.084968734410911e-06,0.9999999999993624
bg_6_so4_a2_SRF,277,1.0,0.439828750947694,0.0,4.321168147558427e-06,0.9999999999992948
bg_6_so4_a2_SRF,278,1.0,0.439828750947694,0.0,4.254751561341868e-06,0.9999999999993261
bg_6_so4_a2_SRF,279,1.0,0.43982875094768714,0.0,4.095675792212804e-06,0.9999999999993483
bg_6_so4_a2_SRF,280,1.0,0.43982875094768714,0.0,4.17463630137826e-06,0.99999999999933
bg_6_so4_a2_SRF,281,0.9999899972117159,0.439828750947694,0.0,4.300440221730698e-06,0.99999999999938
bg_6_so4_a2_SRF,282,0.9999999096813978,0.43982875094768037,0.0,4.206050335568193e-06,0.9999999999993905
bg_6_so4_a2_SRF,283,1.0,0.4398287509476906,0.0,4.173326600366418e-06,0.9999999999994025
bg_6_so4_a2_SRF,284,0.9999999678596773,0.4398287509476906,0.0,4.237066320885607e-06,0.9999999999993628
bg_6_so4_a2_SRF,285,1.0,0.9999860552878879,0.0,4.218358577754292e-06,0.9999999999993908
bg_6_so4_a2_SRF,286,0.9999994437429841,1.0,0.0,4.306234518488818e-06,0.9999999999994187
bg_6_so4_a2_SRF,287,1.0,1.0,0.0,4.2064155979318e-06,0.9999999999994488
bg_6_so4_a2_SRF,288,1.0,0.439828750947694,0.0,4.1449989042070356e-06,0.9999999999994447
bg_6_so4_a2_SRF,289,1.0,0.439828750947694,0.0,4.163406708199843e-06,0.9999999999994261
bg_6_so4_a2_SRF,290,1.0,0.439828750947694,0.0,4.156280991946066e-06,0.9999999999993896
bg_6_so4_a2_SRF,291,1.0,0.439828750947694,0.0,4.259427820919321e-06,0.9999999999993732
bg_6_so4_a2_SRF,292,1.0,0.43982875094768714,0.0,4.185804909355045e-06,0.9999999999992987
bg_6_so4_a2_SRF,293,1.0,0.439828750947694,0.0,4.268580753354932e-06,0.9999999999993935
bg_6_so4_a2_SRF,294,0.9999846923658614,0.439828750947694,0.0,4.184069358372964e-06,0.9999999999993466
bg_6_so4_a2_SRF,295,0.9999902644370401,0.43982875094768037,0.0,4.319044676678029e-06,0.9999999999993411
bg_6_so4_a2_SRF,296,1.0,0.43982875094768037,0.0,4.249109092038033e-06,0.9999999999993717
bg_6_so4_a2_SRF,297,0.9999844854898755,0.43982875094768714,0.0,4.002426003815112e-06,0.9999999999993541
bg_6_so4_a2_SRF,298,1.0,0.439828750947694,0.0,4.134674621780639e-06,0.9999999999993013
bg_6_so4_a2_SRF,299,1.0,0.43982875094768925,0.0,4.351040572072052e-06,0.9999999999994005
bg_6_so4_a2_SRF,300,1.0,0.43982875094768714,0.0,4.2913850445231196e-06,0.9999999999993882
bg_6_so4_a2_SRF,301,1.0,0.43982875094768714,0.0,4.081678190151237e-06,0.9999999999993305
bg_6_so4_a2_SRF,302,1.0,0.43982875094768714,0.0,4.208535371314324e-06,0.9999999999993067
bg_6_so4_a2_SRF,303,0.9999971307711595,0.439828750947694,0.0,4.160779499222002e-06,0.9999999999994056
bg_6_so4_a2_SRF,304,1.0,0.43982875094768037,0.0,4.101171942956667e-06,0.9999999999993041
bg_6_so4_a2_SRF,305,0.9999965901010359,1.0,0.0,4.243124000719041e-06,0.9999999999992462
bg_6_so4_a2_SRF,306,1.0,0.43982875094768037,0.0,4.2477380626255485e-06,0.9999999999993134
bg_6_so4_a2_SRF,307,1.0,0.439828750947694,0.0,4.1527176657011375e-06,0.9999999999993637
bg_6_so4_a2_SRF,308,1.0,0.43982875094768037,0.0,4.228179122580349e-06,0.9999999999993903
bg_6_so4_a2_SRF,309,1.0,0.43982875094768714,0.0,4.1950128874855594e-06,0.9999999999993092
bg_6_so4_a2_SRF,310,1.0,0.43982875094768037,0.0,4.334639986475923e-06,0.9999999999992544
bg_6_so4_a2_SRF,311,1.0,0.43982875094768714,0.0,4.2155404493485085e-06,0.9999999999992666
bg_6_so4_a2_SRF,312,1.0,0.4398287509476889,0.0,4.249021527903628e-06,0.9999999999993526
bg_6_so4_a2_SRF,313,1.0,0.4398287509476889,0.0,4.15486624199537e-06,0.9999999999993524
bg_6_so4_a2_SRF,314,1.0,0.4398287509476898,0.0,4.184944066850434e-06,0.9999999999993185
bg_6_so4_a2_SRF,315,1.0,1.0,0.0,4.309439361776135e-06,0.9999999999994118
bg_6_so4_a2_SRF,316,1.0,0.9997863305617307,0.0,4.230715479875839e-06,0.9999999999994048
bg_6_so4_a2_SRF,317,0.9999999555357534,0.43982875094768037,0.0,4.298582895883192e-06,0.9999999999994301
bg_6_so4_a2_SRF,318,1.0,0.439828750947694,0.0,4.299726421375237e-06,0.9999999999993694
bg_6_so4_a2_SRF,319,1.0,0.43982875094768037,0.0,4.265460816307379e-06,0.9999999999994064
bg_6_so4_a2_SRF,320,1.0,0.43982875094768037,0.0,4.118653463911122e-06,0.9999999999994004
bg_6_so4_a2_SRF,321,0.999961308957609,0.9886072522526778,0.0,4.160555987644337e-06,0.9999999999993379
bg_6_so4_a2_SRF,322,1.0,0.43982875094768714,0.0,4.296798564514623e-06,0.999999999999275
bg_6_so4_a2_SRF,323,1.0,0.9999638936820525,0.0,4.253280849197902e-06,0.999999999999236
bg_6_so4_a2_SRF,324,1.0,1.0,0.0,4.1888818158343245e-06,0.9999999999993393
bg_6_so4_a2_SRF,325,1.0,1.0,0.0,4.167043604885227e-06,0.9999999999993952
bg_6_so4_a2_SRF,326,1.0,0.4398287509476889,0.0,4.195448912356937e-06,0.9999999999992985
bg_6_so4_a2_SRF,327,1.0,0.43982875094768925,0.0,4.170112991604196e-06,0.9999999999992973
bg_6_so4_a2_SRF,328,1.0,0.8488010422740868,0.0,4.193160792431642e-06,0.9999999999991621
bg_6_so4_a2_SRF,329,1.0,0.9999999998912957,0.0,3.9666445509976205e-06,0.9999999999992696
bg_6_so4_a2_SRF,330,1.0,0.4398287509476906,0.0,4.221252882596438e-06,0.9999999999991817
bg_6_so4_a2_SRF,331,0.9999996260711387,0.4398287509476906,0.0,4.22299195710748e-06,0.9999999999992266
bg_6_so4_a2_SRF,332,1.0,0.4398287509476906,0.0,4.2662211377442945e-06,0.9999999999992806
bg_6_so4_a2_SRF,333,0.9999796917766617,0.4398287509476898,0.0,4.116122999846376e-06,0.9999999999992571
bg_6_so4_a2_SRF,334,1.0,0.9973963482253652,0.0,4.197217767552163e-06,0.9999999999992689
bg_6_so4_a2_SRF,335,1.0,1.0,0.0,4.100281428998844e-06,0.9999999999993098
bg_6_so4_a2_SRF,336,1.0,0.597312896646979,0.0,4.242794808408519e-06,0.9999999999993461
bg_6_so4_a2_SRF,337,1.0,0.4398287509476906,0.0,4.1232614317259576e-06,0.9999999999992997
bg_6_so4_a2_SRF,338,0.9999950363645778,0.9693283558452817,0.0,4.29545705533671e-06,0.9999999999992856
bg_6_so4_a2_SRF,339,1.0,0.43982875094768714,0.0,4.25681226788971e-06,0.9999999999993587
bg_6_so4_a2_SRF,340,1.0,0.439828750947694,0.0,4.3502714258636065e-06,0.9999999999994315
bg_6_so4_a2_SRF,341,1.0,0.43540691075941906,0.0,4.15781629270805e-06,0.9999999999993371
bg_6_so4_a2_SRF,342,1.0,0.43982875094768037,0.0,4.1602791842578255e-06,0.9999999999993985
bg_6_so4_a2_SRF,343,1.0,0.43982875094768037,0.0,4.19745718044009e-06,0.9999999999993713
bg_6_so4_a2_SRF,344,1.0,0.4398287509476906,0.0,4.252503798789079e-06,0.9999999999993961
bg_6_so4_a2_SRF,345,1.0,0.4398287509476898,0.0,4.1493381604859595e-06,0.9999999999991704
bg_6_so4_a2_SRF,346,1.0,0.43982875094768714,0.0,4.151081715888503e-06,0.9999999999992254
bg_6_so4_a2_SRF,347,1.0,0.9412627697054928,0.0,4.128014799066216e-06,0.9999999999992553
bg_6_so4_a2_SRF,348,0.999999820881275,0.43982875094768714,0.0,4.1466740129678535e-06,0.9999999999992707
bg_6_so4_a2_SRF,349,0.9999993606985844,0.4398287509476906,0.0,4.239542210194484e-06,0.9999999999993494
bg_6_so4_a2_SRF,350,1.0,1.0,0.0,4.242967657499986e-06,0.9999999999993249
bg_6_so4_a2_SRF,351,0.9999990177856453,0.4398287509476889,0.0,4.16672216603978e-06,0.9999999999992901
bg_6_so4_a2_SRF,352,1.0,0.43982875094768714,0.0,4.188809366069644e-06,0.9999999999992936
bg_6_so4_a2_SRF,353,1.0,0.9999999986703545,0.0,4.11178972118628e-06,0.9999999999993285
bg_6_so4_a2_SRF,354,1.0,0.9999999992620247,0.0,4.22442834286169e-06,0.9999999999993547
bg_6_so4_a2_SRF,355,1.0,0.4398287509476889,0.0,4.225014287128231e-06,0.9999999999992532
bg_6_so4_a2_SRF,356,1.0,0.43982875094768037,0.0,4.203714157743153e-06,0.999999999999244
bg_6_so4_a2_SRF,357,1.0,0.4398287509476889,0.0,4.196920299883945e-06,0.9999999999992828
bg_6_so4_a2_SRF,358,1.0,0.43982875094768925,0.0,4.267256803446697e-06,0.9999999999993334
bg_6_so4_a2_SRF,359,1.0,0.5233055195931221,0.0,4.183400545528711e-06,0.9999999999994362
bg_6_so4_a2_SRF,360,0.9999995201197773,0.9999772408304247,0.0,4.1780382810436365e-06,0.9999999999994047
bg_6_so4_a2_SRF,361,0.9999989820692677,0.43982875094768037,0.0,4.166755127539414e-06,0.9999999999991822
bg_6_so4_a2_SRF,362,0.9999998287322069,1.0,0.0,4.213514262541899e-06,0.999999999999164
bg_6_so4_a2_SRF,363,1.0,1.0,0.0,4.310458369353599e-06,0.9999999999992301
bg_6_so4_a2_SRF,364,1.0,0.43982875094768925,0.0,4.200433295019058e-06,0.9999999999992208
bg_6_so4_a2_SRF,365,1.0,0.9847014623545814,0.0,4.153358613442761e-06,0.9999999999992671
bg_6_so4_a2_SRF,366,1.0,0.4398287509476906,0.0,4.238227968631462e-06,0.9999999999991985
bg_6_so4_a2_SRF,367,1.0,0.9981518377972473,0.0,4.3117044776914124e-06,0.9999999999992125
bg_6_so4_a2_SRF,368,1.0,0.4398287509476906,0.0,4.200688289551547e-06,0.9999999999991841
bg_6_so4_a2_SRF,369,0.9999987853726041,1.0,0.0,4.216191617476631e-06,0.9999999999991834
bg_6_so4_a2_SRF,370,1.0,0.9992520326665912,0.0,4.260054557098695e-06,0.9999999999992384
bg_6_so4_a2_SRF,371,1.0,0.4398287509476906,0.0,4.112752882892887e-06,0.9999999999992129
bg_6_so4_a2_SRF,372,1.0,0.4398287509476898,0.0,4.279128793829741e-06,0.9999999999993232
bg_6_so4_a2_SRF,373,1.0,0.4398287509476898,0.0,4.253400010180718e-06,0.9999999999994335
bg_6_so4_a2_SRF,374,1.0,0.43540691075941906,0.0,4.258298496559638e-06,0.999999999999298
bg_6_so4_a2_SRF,375,1.0,0.439828750947694,0.0,4.236440448591972e-06,0.9999999999992778
bg_6_so4_a2_SRF,376,1.0,0.985755370570791,0.0,4.228800865281982e-06,0.9999999999993877
bg_6_so4_a2_SRF,377,1.0,0.4398287509476906,0.0,4.326828278968338e-06,0.9999999999993295
bg_6_so4_a2_SRF,378,1.0,0.4398287509476898,0.0,4.250122258477189e-06,0.999999999999234
bg_6_so4_a2_SRF,379,1.0,0.9786032411436467,0.0,4.2733634775474035e-06,0.9999999999992527
bg_6_so4_a2_SRF,380,0.9999984376040283,0.999998062580866,0.0,3.99578509121024e-06,0.999999999999197
bg_6_so4_a2_SRF,381,1.0,0.999439824477708,0.0,4.328845191219865e-06,0.9999999999992518
bg_6_so4_a2_SRF,382,1.0,0.43982875094768925,0.0,4.334830868316852e-06,0.9999999999992705
bg_6_so4_a2_SRF,383,1.0,0.43982875094768037,0.0,4.064759752374836e-06,0.9999999999992452
bg_6_so4_a2_SRF,384,1.0,0.43982875094768037,0.0,4.08808801046867e-06,0.9999999999993284
bg_6_so4_a2_SRF,385,1.0,0.8050544965135671,0.0,4.280652266460385e-06,0.9999999999992923
bg_6_so4_a2_SRF,386,1.0,0.4398287509476889,0.0,4.159850438615972e-06,0.9999999999993184
bg_6_so4_a2_SRF,387,1.0,0.43982875094768714,0.0,4.142418485555855e-06,0.9999999999994074
bg_6_so4_a2_SRF,388,1.0,0.4398287509476889,0.0,4.0526106049100275e-06,0.999999999999424
bg_6_so4_a2_SRF,389,1.0,0.43982875094768037,0.0,4.360484733631485e-06,0.9999999999993521
bg_6_so4_a2_SRF,390,0.9999999440201172,0.4398287509476906,0.0,4.367526979358028e-06,0.9999999999993103
bg_6_so4_a2_SRF,391,1.0,0.43982875094768714,0.0,4.0748892196089105e-06,0.9999999999992835
bg_6_so4_a2_SRF,392,1.0,0.4398287509476889,0.0,4.254273468345065e-06,0.9999999999993273
bg_6_so4_a2_SRF,393,0.9999996813013688,0.43982875094768037,0.0,4.252876581589108e-06,0.999999999999299
bg_6_so4_a2_SRF,394,0.9999999185411254,0.49471687224970484,0.0,4.362301159561967e-06,0.9999999999992777
bg_6_so4_a2_SRF,395,1.0,0.43982875094768037,0.0,4.115331982851216e-06,0.9999999999992885
bg_6_so4_a2_SRF,396,0.9999985480796555,0.43982875094768037,0.0,4.2440457749086815e-06,0.9999999999992893
bg_6_so4_a2_SRF,397,1.0,0.439828750947694,0.0,4.1259937811127835e-06,0.9999999999993284
bg_6_so4_a2_SRF,398,0.9999645921578844,0.7818262583135023,0.0,4.064961176717219e-06,0.9999999999992839
bg_6_so4_a2_SRF,399,1.0,0.9999999999999378,0.0,4.2319600443858716e-06,0.9999999999992806
bg_6_so4_a2_SRF,400,1.0,0.43982875094768925,0.0,4.332160051446807e-06,0.9999999999992318
bg_6_so4_a2_SRF,401,1.0,0.43982875094768037,0.0,4.180674736627606e-06,0.9999999999992671
bg_6_so4_a2_SRF,402,1.0,0.43982875094768037,0.0,4.212875639157118e-06,0.9999999999993453
bg_6_so4_a2_SRF,403,1.0,0.9956209086649725,0.0,4.289234667773244e-06,0.9999999999991934
bg_6_so4_a2_SRF,404,1.0,0.9999999706977231,0.0,4.258395951468616e-06,0.9999999999993542
bg_6_so4_a2_SRF,405,0.9999992428178607,0.43982875094768037,0.0,4.30091116884198e-06,0.9999999999992277
bg_6_so4_a2_SRF,406,1.0,0.4398287509476906,0.0,4.158650186685898e-06,0.999999999999254
bg_6_so4_a2_SRF,407,1.0,0.4398287509476906,0.0,4.265535941887439e-06,0.9999999999993155
bg_6_so4_a2_SRF,408,1.0,0.45324020168438217,0.0,4.02119507063748e-06,0.9999999999992459
bg_6_so4_a2_SRF,409,1.0,0.4398287509476898,0.0,4.232651520358349e-06,0.9999999999992302
bg_6_so4_a2_SRF,410,1.0,0.8274291868557575,0.0,4.258935005217195e-06,0.9999999999992439
bg_6_so4_a2_SRF,411,1.0,0.4398287509476906,0.0,4.2160081284636716e-06,0.9999999999992909
bg_6_so4_a2_SRF,412,1.0,0.43982875094768714,0.0,4.015939582930013e-06,0.9999999999993076
bg_6_so4_a2_SRF,413,0.9999951941712525,0.4398287509476906,0.0,4.1099812106481935e-06,0.9999999999991979
bg_6_so4_a2_SRF,414,1.0,0.43982875094768037,0.0,4.354235437380531e-06,0.9999999999992258
bg_6_so4_a2_SRF,415,0.9999999062985153,0.43982875094770757,0.0,4.259354099374787e-06,0.9999999999991953
bg_6_so4_a2_SRF,416,1.0,0.439828750947694,0.0,4.343706310846793e-06,0.9999999999992409
bg_6_so4_a2_SRF,417,1.0,0.43982875094768714,0.0,4.334830868316852e-06,0.9999999999993369
bg_6_so4_a2_SRF,418,1.0,0.43982875094768037,0.0,4.24572275443892e-06,0.9999999999993839
bg_6_so4_a2_SRF,419,1.0,0.43982875094768037,0.0,4.351925426511142e-06,0.9999999999993114
bg_6_so4_a2_SRF,420,0.999999063948093,1.0,0.0,4.104444429242799e-06,0.9999999999990834
bg_6_so4_a2_SRF,421,1.0,0.439828750947694,0.0,4.347351148594325e-06,0.9999999999992073
bg_6_so4_a2_SRF,422,1.0,0.43982875094768037,0.0,4.2833777722262745e-06,0.9999999999991259
bg_6_so4_a2_SRF,423,0.9999998383362392,0.43982875094768925,0.0,4.2152155229660666e-06,0.9999999999990267
bg_6_so4_a2_SRF,424,1.0,0.43982875094768037,0.0,4.266664932910757e-06,0.9999999999991772
bg_6_so4_a2_SRF,425,0.99994090789366,0.43982875094768037,0.0,4.249938763779162e-06,0.9999999999992784
bg_6_so4_a2_SRF,426,0.9999919940568128,0.9917366172822193,0.0,4.264188257278377e-06,0.9999999999991556
bg_6_so4_a2_SRF,427,1.0,0.43982875094770757,0.0,4.228613251240006e-06,0.9999999999991741
bg_6_so4_a2_SRF,428,1.0,0.9951750396552375,0.0,4.151187313221679e-06,0.9999999999991688
bg_6_so4_a2_SRF,429,1.0,1.0,0.0,4.258727569264993e-06,0.9999999999992109
bg_6_so4_a2_SRF,430,1.0,0.43982875094768037,0.0,4.2579907109567094e-06,0.9999999999992755
bg_6_so4_a2_SRF,431,1.0,0.43982875094768037,0.0,4.317718566854629e-06,0.9999999999993191
bg_6_so4_a2_SRF,432,1.0,0.4398287509476889,0.0,4.1618576841534495e-06,0.9999999999991872
bg_6_so4_a2_SRF,433,1.0,0.43982875094768037,0.0,4.240887324959086e-06,0.9999999999990562
bg_6_so4_a2_SRF,434,1.0,0.439828750947694,0.0,4.071322902960018e-06,0.9999999999993445
bg_6_so4_a2_SRF,435,0.9999977991432017,0.43982875094770757,0.0,4.193051896591766e-06,0.999999999999275
bg_6_so4_a2_SRF,436,1.0,0.439828750947694,0.0,4.211104120084113e-06,0.999999999999226
bg_6_so4_a2_SRF,437,0.9999854493221421,0.439828750947694,0.0,4.3205991560018166e-06,0.9999999999992194
bg_6_so4_a2_SRF,438,1.0,0.439828750947694,0.0,4.317226219158987e-06,0.9999999999993044
bg_6_so4_a2_SRF,439,0.9999889985140358,0.4398287509476889,0.0,4.208907451135754e-06,0.9999999999991965
bg_6_so4_a2_SRF,440,0.9999960323148047,0.43982875094768714,0.0,4.289795427827086e-06,0.9999999999991176
bg_6_so4_a2_SRF,441,1.0,0.4398287509476906,0.0,4.352117833797594e-06,0.9999999999993304
bg_6_so4_a2_SRF,442,1.0,0.43982875094768714,0.0,3.9505798266011505e-06,0.9999999999993632
bg_6_so4_a2_SRF,443,1.0,0.43982875094768037,0.0,4.349233509725818e-06,0.9999999999990493
bg_6_so4_a2_SRF,444,1.0,0.43982875094768037,0.0,4.344511485543638e-06,0.9999999999991026
bg_6_so4_a2_SRF,445,1.0,0.43982875094768714,0.0,4.134309949216893e-06,0.9999999999992828
bg_6_so4_a2_SRF,446,0.9999999487864137,0.439828750947694,0.0,4.20452098126045e-06,0.9999999999992715
bg_6_so4_a2_SRF,447,0.9999999939255548,0.43982875094768714,0.0,4.241741500336808e-06,0.9999999999992123
bg_6_so4_a2_SRF,448,0.9999999800761054,0.43982875094768714,0.0,4.280009250342573e-06,0.999999999999218
bg_6_so4_a2_SRF,449,1.0,0.43982875094768714,0.0,4.1904038400320095e-06,0.9999999999991855
bg_6_so4_a2_SRF,450,1.0,0.43982875094768714,0.0,4.224538874547412e-06,0.9999999999992335
bg_6_so4_a2_SRF,451,1.0,0.43982875094768714,0.0,4.357589312424283e-06,0.9999999999993198
bg_6_so4_a2_SRF,452,1.0,0.43982875094768714,0.0,4.3628038424529205e-06,0.9999999999994403
bg_6_so4_a2_SRF,453,1.0,0.43982875094768714,0.0,4.157993561548163e-06,0.9999999999993889
bg_6_so4_a2_SRF,454,1.0,0.43982875094768714,0.0,4.254089615031225e-06,0.9999999999993896
bg_6_so4_a2_SRF,455,1.0,0.439828750947694,0.0,4.213591642106889e-06,0.9999999999992927
bg_6_so4_a2_SRF,456,1.0,0.439828750947694,0.0,4.1874332965514595e-06,0.9999999999991324
bg_6_so4_a2_SRF,457,0.9999989231913506,0.439828750947694,0.0,4.185479383881233e-06,0.9999999999992718
bg_6_so4_a2_SRF,458,0.9999999831349771,0.43982875094768714,0.0,4.300834792033134e-06,0.9999999999993621
bg_6_so4_a2_SRF,459,0.9999985946787535,0.43982875094768714,0.0,4.185551718499774e-06,0.999999999999353
bg_6_so4_a2_SRF,460,1.0,0.43982875094768714,0.0,4.125708023913686e-06,0.9999999999992663
bg_6_so4_a2_SRF,461,0.9999999327345953,0.439828750947694,0.0,4.232105599498919e-06,0.9999999999991767
bg_6_so4_a2_SRF,462,1.0,0.43982875094768714,0.0,4.210493474666945e-06,0.9999999999992598
bg_6_so4_a2_SRF,463,1.0,1.0,0.0,4.123867682379711e-06,0.9999999999992135
bg_6_so4_a2_SRF,464,1.0,0.5872832951446753,0.0,4.365164133289386e-06,0.9999999999992129
bg_6_so4_a2_SRF,465,1.0,0.43982875094768714,0.0,4.134200559991246e-06,0.9999999999992812
bg_6_so4_a2_SRF,466,1.0,1.0,0.0,4.239724808211338e-06,0.9999999999993112
bg_6_so4_a2_SRF,467,1.0,0.9998208542554494,0.0,4.057090292708245e-06,0.9999999999993014
bg_6_so4_a2_SRF,468,1.0,0.43982875094768714,0.0,4.157779413171013e-06,0.99999999999926
bg_6_so4_a2_SRF,469,1.0,0.439828750947694,0.0,4.198638801300618e-06,0.9999999999993681
bg_6_so4_a2_SRF,470,1.0,0.43982875094768037,0.0,4.037418279930359e-06,0.9999999999994064
bg_6_so4_a2_SRF,471,1.0,0.43982875094768714,0.0,4.312989100665781e-06,0.999999999999393
bg_6_so4_a2_SRF,472,0.9999999933690932,0.43982875094768714,0.0,4.197772331684297e-06,0.9999999999993879
bg_6_so4_a2_SRF,473,1.0,0.43982875094768714,0.0,4.227230262823269e-06,0.9999999999994287
bg_6_so4_a2_SRF,474,1.0,0.9924081416659397,0.0,4.159771844833854e-06,0.9999999999993779
bg_6_so4_a2_SRF,475,1.0,0.43982875094768714,0.0,4.3595963954857e-06,0.9999999999992338
bg_6_so4_a2_SRF,476,1.0,0.439828750947694,0.0,4.210195893512965e-06,0.9999999999994107
bg_6_so4_a2_SRF,477,0.9999983141611472,0.4398287509476906,0.0,4.172679475356896e-06,0.9999999999993616
bg_6_so4_a2_SRF,478,1.0,0.43982875094768714,0.0,4.2817346027294495e-06,0.9999999999993799
bg_6_so4_a2_SRF,479,1.0,0.43982875094768714,0.0,4.109803991320364e-06,0.999999999999239
bg_6_so4_a2_SRF,480,1.0,0.439828750947694,0.0,4.3696596083716855e-06,0.9999999999992257
bg_6_so4_a2_SRF,481,1.0,0.43982875094768714,0.0,4.365473869070292e-06,0.9999999999993057
bg_6_so4_a2_SRF,482,1.0,0.4398287509476906,0.0,4.369582021736243e-06,0.999999999999421
bg_6_so4_a2_SRF,483,1.0,0.4398287509476906,0.0,4.113130948574829e-06,0.9999999999993497
bg_6_so4_a2_SRF,484,1.0,0.43982875094768714,0.0,4.263818850776289e-06,0.9999999999993646
bg_6_so4_a2_SRF,485,1.0,0.43982875094768037,0.0,4.168025409870718e-06,0.9999999999992725
bg_6_so4_a2_SRF,486,0.9999998936717696,0.43982875094768714,0.0,4.336396733770915e-06,0.9999999999993266
bg_6_so4_a2_SRF,487,0.9999974154446939,0.4398287509476906,0.0,4.136522886330047e-06,0.9999999999993506
bg_6_so4_a2_SRF,488,0.9999803023345432,0.4398287509476906,0.0,4.156038959663053e-06,0.9999999999993808
bg_6_so4_a2_SRF,489,1.0,0.43982875094768714,0.0,4.287329179705308e-06,0.999999999999311
bg_6_so4_a2_SRF,490,0.9999987552156329,0.9964173420087601,0.0,4.170179601692246e-06,0.9999999999992706
bg_6_so4_a2_SRF,491,1.0,0.9999999992620247,0.0,4.1418436133552325e-06,0.9999999999993208
bg_6_so4_a2_SRF,492,1.0,1.0,0.0,4.091057436730807e-06,0.9999999999994028
bg_6_so4_a2_SRF,493,1.0,0.43982875094768714,0.0,4.179015545263793e-06,0.9999999999994558
bg_6_so4_a2_SRF,494,1.0,0.439828750947694,0.0,4.280245180596792e-06,0.9999999999994345
bg_6_so4_a2_SRF,495,1.0,0.43982875094768714,0.0,4.135075835912472e-06,0.99999999999931
bg_6_so4_a2_SRF,496,1.0,0.4398287509476906,0.0,4.276972096558823e-06,0.9999999999992127
bg_6_so4_a2_SRF,497,1.0,0.4398287509476906,0.0,4.105899900014715e-06,0.9999999999994104
bg_6_so4_a2_SRF,498,1.0,0.439828750947694,0.0,4.130857717075388e-06,0.9999999999994251
bg_6_so4_a2_SRF,499,1.0,0.43982875094768714,0.0,4.334983585894294e-06,0.9999999999992992
bg_6_so4_a2_SRF,500,1.0,0.439828750947694,0.0,4.227525417996576e-06,0.9999999999993103
bg_6_so4_a2_SRF,501,0.9999814256161871,0.4398287509476906,0.0,4.1708111299305885e-06,0.9999999999992804
bg_6_so4_a2_SRF,502,0.9999999729309292,0.43982875094768714,0.0,4.061814964085898e-06,0.9999999999993815
bg_6_so4_a2_SRF,503,1.0,0.4398287509476906,0.0,4.2892189927170445e-06,0.9999999999992705
bg_6_so4_a2_SRF,504,1.0,0.8185913474922369,0.0,4.1179776691369665e-06,0.9999999999992558
bg_6_so4_a2_SRF,505,1.0,0.9675633003057538,0.0,4.282696070460573e-06,0.9999999999993787
bg_6_so4_a2_SRF,506,1.0,0.43982875094768714,0.0,4.076239129786354e-06,0.9999999999993927
bg_6_so4_a2_SRF,507,1.0,0.4398287509476906,0.0,4.266627946453684e-06,0.9999999999993773
bg_6_so4_a2_SRF,508,1.0,0.43982875094768714,0.0,4.12910735580813e-06,0.9999999999992571
bg_6_so4_a2_SRF,509,0.9999999947553175,1.0,0.0,4.131498921580412e-06,0.9999999999992911
bg_6_so4_a2_SRF,510,1.0,0.4398287509476889,0.0,4.183852515689784e-06,0.9999999999993313
bg_6_so4_a2_SRF,511,1.0,0.4398287509476889,0.0,4.28751049575654e-06,0.9999999999993852
bg_6_so4_a2_SRF,512,1.0,0.4398287509476889,0.0,4.09579672164503e-06,0.9999999999994071
bg_6_so4_a2_SRF,513,1.0,0.4398287509476898,0.0,4.3206370841103904e-06,0.9999999999994527
bg_6_so4_a2_SRF,514,0.9999948187459733,0.4398287509476889,0.0,4.162066576148432e-06,0.9999999999993943
bg_6_so4_a2_SRF,515,1.0,0.439828750947694,0.0,4.278384859461509e-06,0.9999999999994303
bg_6_so4_a2_SRF,516,1.0,0.439828750947694,0.0,4.3095148272961935e-06,0.9999999999993013
bg_6_so4_a2_SRF,517,1.0,0.4398287509476906,0.0,4.235601928449388e-06,0.999999999999466
bg_6_so4_a2_SRF,518,0.9999982937500042,0.4398287509476906,0.0,4.130770760516205e-06,0.9999999999993943
bg_6_so4_a2_SRF,519,1.0,0.4398287509476906,0.0,4.1263619823096206e-06,0.9999999999993455
bg_6_so4_a2_SRF,520,1.0,0.43982875094768714,0.0,4.127720477373625e-06,0.9999999999994855
bg_6_so4_a2_SRF,521,1.0,0.439828750947694,0.0,4.081886864053548e-06,0.9999999999993878
bg_6_so4_a2_SRF,522,1.0,0.5233055195931221,0.0,4.213844163615141e-06,0.9999999999991077
bg_6_so4_a2_SRF,523,1.0,0.4398287509476906,0.0,4.133933580489221e-06,0.9999999999993143
bg_6_so4_a2_SRF,524,1.0,0.43982875094768714,0.0,4.182082474713578e-06,0.9999999999994773
bg_6_so4_a2_SRF,525,1.0,0.439828750947694,0.0,4.060815861221889e-06,0.9999999999994043
bg_6_so4_a2_SRF,526,1.0,0.43982875094768714,0.0,4.309401630007225e-06,0.9999999999994353
bg_6_so4_a2_SRF,527,0.9999960087817502,0.43982875094768037,0.0,4.12422884285333e-06,0.9999999999994482
bg_6_so4_a2_SRF,528,1.0,1.0,0.0,4.043543341952934e-06,0.9999999999993614
bg_6_so4_a2_SRF,529,1.0,0.439828750947694,0.0,4.118110709641074e-06,0.9999999999994266
bg_6_so4_a2_SRF,530,1.0,1.0,0.0,4.271479236683905e-06,0.9999999999993776
bg_6_so4_a2_SRF,531,1.0,0.4398287509476906,0.0,4.101579856946009e-06,0.9999999999993021
bg_6_so4_a2_SRF,532,1.0,0.4398287509476906,0.0,4.204845419709358e-06,0.9999999999993513
bg_6_so4_a2_SRF,533,1.0,0.4398287509476889,0.0,4.2068905338584795e-06,0.9999999999994282
bg_6_so4_a2_SRF,534,1.0,0.4398287509476906,0.0,4.101597787504018e-06,0.999999999999353
bg_6_so4_a2_SRF,535,1.0,0.4398287509476906,0.0,4.131641563834329e-06,0.9999999999992844
bg_6_so4_a2_SRF,536,1.0,0.4398287509476906,0.0,4.035763010002735e-06,0.9999999999992761
bg_6_so4_a2_SRF,537,1.0,0.43982875094768714,0.0,4.368612421213289e-06,0.9999999999992795
bg_6_so4_a2_SRF,538,1.0,1.0,0.0,4.193930365217769e-06,0.9999999999993306
bg_6_so4_a2_SRF,539,0.9999993820228741,0.4398287509476906,0.0,4.0256388160009455e-06,0.9999999999994548
bg_6_so4_a2_SRF,540,1.0,0.43982875094768714,0.0,4.041291570713151e-06,0.999999999999455
bg_6_so4_a2_SRF,541,1.0,1.0,0.0,4.2881557679499085e-06,0.9999999999993426
bg_6_so4_a2_SRF,542,0.9999998536453428,1.0,0.0,4.214998933203842e-06,0.9999999999992638
bg_6_so4_a2_SRF,543,1.0,0.4398287509476906,0.0,4.1684351195715615e-06,0.9999999999993944
bg_6_so4_a2_SRF,544,1.0,0.4398287509476889,0.0,4.174621452733253e-06,0.9999999999993796
bg_6_so4_a2_SRF,545,0.9999990277905851,0.4398287509476906,0.0,4.191559038408453e-06,0.9999999999993684
bg_6_so4_a2_SRF,546,1.0,0.43982875094768714,0.0,4.3009875483635645e-06,0.9999999999994282
bg_6_so4_a2_SRF,547,1.0,1.0,0.0,4.126565414281123e-06,0.999999999999294
bg_6_so4_a2_SRF,548,1.0,0.43982875094768714,0.0,4.210584077282418e-06,0.9999999999991392
bg_6_so4_a2_SRF,549,1.0,0.439828750947694,0.0,4.267602932861933e-06,0.99999999999918
bg_6_so4_a2_SRF,550,1.0,0.439828750947694,0.0,4.190060338864146e-06,0.9999999999993505
bg_6_so4_a2_SRF,551,1.0,0.439828750947694,0.0,3.993703043299925e-06,0.9999999999993295
bg_6_so4_a2_SRF,552,1.0,1.0,0.0,4.306535947578384e-06,0.9999999999993181
bg_6_so4_a2_SRF,553,0.9999997639020248,0.4398287509476906,0.0,4.3262958234558166e-06,0.9999999999994518
bg_6_so4_a2_SRF,554,1.0,0.4398287509476906,0.0,4.181035604755106e-06,0.9999999999994075
bg_6_so4_a2_SRF,555,1.0,0.4398287509476906,0.0,4.117259821118785e-06,0.9999999999994171
bg_6_so4_a2_SRF,556,1.0,0.43982875094768714,0.0,4.202044154412983e-06,0.9999999999994627
bg_6_so4_a2_SRF,557,1.0,0.9999860552878879,0.0,4.172477503888848e-06,0.9999999999992509
bg_6_so4_a2_SRF,558,1.0,0.4398287509476906,0.0,4.10408506947532e-06,0.9999999999992696
bg_6_so4_a2_SRF,559,1.0,0.4398287509476906,0.0,4.285537926941532e-06,0.9999999999993487
bg_6_so4_a2_SRF,560,1.0,0.43982875094768714,0.0,4.224870504311889e-06,0.9999999999993932
bg_6_so4_a2_SRF,561,1.0,0.4398287509476889,0.0,4.270010681913819e-06,0.9999999999992644
bg_6_so4_a2_SRF,562,1.0,0.4398287509476906,0.0,4.251160189612715e-06,0.9999999999994246
bg_6_so4_a2_SRF,563,1.0,0.4398287509476906,0.0,4.2726095817542484e-06,0.9999999999992689
bg_6_so4_a2_SRF,564,1.0,0.43982875094768714,0.0,4.134066869909643e-06,0.9999999999993221
bg_6_so4_a2_SRF,565,1.0,0.439828750947694,0.0,4.159255105139037e-06,0.9999999999994172
bg_6_so4_a2_SRF,566,0.9999999900511211,0.439828750947694,0.0,4.181252155536646e-06,0.9999999999994899
bg_6_so4_a2_SRF,567,1.0,0.439828750947694,0.0,4.1892803343424096e-06,0.9999999999994245
bg_6_so4_a2_SRF,568,1.0,0.43982875094768714,0.0,4.197957218962076e-06,0.9999999999993913
bg_6_so4_a2_SRF,569,1.0,0.43982875094768714,0.0,4.229223360429012e-06,0.9999999999992516
bg_6_so4_a2_SRF,570,1.0,0.44427509393646925,0.0,4.284249151476815e-06,0.999999999999272
bg_6_so4_a2_SRF,571,1.0,0.439828750947694,0.0,4.247664745171467e-06,0.9999999999993919
bg_6_so4_a2_SRF,572,1.0,0.439828750947694,0.0,4.080683269606663e-06,0.999999999999424
bg_6_so4_a2_SRF,573,1.0,0.43982875094768714,0.0,3.962910429354926e-06,0.9999999999994225
bg_6_so4_a2_SRF,574,1.0,0.439828750947694,0.0,4.370590862953741e-06,0.9999999999991945
bg_6_so4_a2_SRF,575,1.0,0.43982875094768714,0.0,4.295685621217805e-06,0.9999999999994406
bg_6_so4_a2_SRF,576,1.0,0.439828750947694,0.0,4.047809593125932e-06,0.9999999999992165
bg_6_so4_a2_SRF,577,1.0,0.43982875094768714,0.0,4.16951863983308e-06,0.9999999999994656
bg_6_so4_a2_SRF,578,1.0,0.439828750947694,0.0,4.1666134639409844e-06,0.9999999999991033
bg_6_so4_a2_SRF,579,1.0,0.43982875094768714,0.0,4.246052401274059e-06,0.9999999999993392
bg_6_so4_a2_SRF,580,1.0,0.4398287509476906,0.0,4.062981370585498e-06,0.9999999999991729
bg_6_so4_a2_SRF,581,1.0,1.0,0.0,4.2373887408007465e-06,0.9999999999993563
bg_6_so4_a2_SRF,582,1.0,0.9999999999999998,0.0,4.127101464248239e-06,0.9999999999993986
bg_6_so4_a2_SRF,583,1.0,0.43982875094768714,0.0,4.158973940199368e-06,0.9999999999993431
bg_6_so4_a2_SRF,584,0.9999730375446851,0.43982875094768714,0.0,4.129640658302632e-06,0.9999999999994416
bg_6_so4_a2_SRF,585,1.0,0.43982875094768037,0.0,4.243525236039247e-06,0.9999999999994865
bg_6_so4_a2_SRF,586,1.0,0.43982875094768037,0.0,4.206713072721449e-06,0.9999999999993731
bg_6_so4_a2_SRF,587,1.0,0.43982875094768714,0.0,4.254604444359803e-06,0.9999999999994172
bg_6_so4_a2_SRF,588,1.0,0.439828750947694,0.0,4.29812517166504e-06,0.9999999999994228
bg_6_so4_a2_SRF,589,0.9999240819109242,1.0,0.0,4.257033176275838e-06,0.9999999999991988
bg_6_so4_a2_SRF,590,1.0,0.439828750947694,0.0,4.0688256716807735e-06,0.9999999999991205
bg_6_so4_a2_SRF,591,1.0,0.4398287509476906,0.0,4.217990655381863e-06,0.9999999999994141
bg_6_so4_a2_SRF,592,1.0,0.43982875094768714,0.0,4.1937376313863055e-06,0.9999999999994056
bg_6_so4_a2_SRF,593,1.0,1.0,0.0,4.365899827546957e-06,0.999999999999397
bg_6_so4_a2_SRF,594,1.0,0.43982875094768714,0.0,4.008449812204126e-06,0.9999999999992132
bg_6_so4_a2_SRF,595,1.0,0.439828750947694,0.0,4.1859622361091335e-06,0.9999999999992927
bg_6_so4_a2_SRF,596,1.0,0.43982875094768037,0.0,4.260829015298743e-06,0.9999999999994185
bg_6_so4_a2_SRF,597,1.0,0.439828750947694,0.0,3.997988212331555e-06,0.9999999999994243
bg_6_so4_a2_SRF,598,1.0,0.43982875094768714,0.0,4.149195986201648e-06,0.9999999999994046
bg_6_so4_a2_SRF,599,1.0,0.43982875094768037,0.0,4.287206905445651e-06,0.9999999999994349
bg_6_so4_a2_SRF,600,1.0,0.4398287509476889,0.0,4.276600471905891e-06,0.9999999999993969
bg_6_so4_a2_SRF,601,1.0,0.439828750947694,0.0,4.179812342348923e-06,0.9999999999995081
bg_6_so4_a2_SRF,602,1.0,1.0,0.0,4.25015895931822e-06,0.999999999999545
bg_6_so4_a2_SRF,603,1.0,0.4398287509476906,0.0,4.207899911293462e-06,0.999999999999107
bg_6_so4_a2_SRF,604,1.0,0.9998975395809628,0.0,4.2588975582641225e-06,0.9999999999993516
bg_6_so4_a2_SRF,605,1.0,0.8096025278380349,0.0,4.137159579898369e-06,0.9999999999993985
bg_6_so4_a2_SRF,606,1.0,0.43982875094768714,0.0,4.174981276555743e-06,0.9999999999994699
bg_6_so4_a2_SRF,607,1.0,0.439828750947694,0.0,4.117438248719865e-06,0.9999999999993531
bg_6_so4_a2_SRF,608,0.9999999970340087,0.4398287509476906,0.0,4.3069504814863e-06,0.999999999999356
bg_6_so4_a2_SRF,609,1.0,0.439828750947694,0.0,4.2455762611635915e-06,0.9999999999992587
bg_6_so4_a2_SRF,610,1.0,0.43982875094768714,0.0,4.206173821935837e-06,0.99999999999928
bg_6_so4_a2_SRF,611,1.0,0.4398287509476906,0.0,4.175089235798401e-06,0.9999999999994921
bg_6_so4_a2_SRF,612,1.0,0.7578945157120902,0.0,4.131360204443311e-06,0.999999999999403
bg_6_so4_a2_SRF,613,1.0,0.43982875094768714,0.0,4.321699341571955e-06,0.9999999999992563
bg_6_so4_a2_SRF,614,1.0,0.9999860552878879,0.0,4.212257388182452e-06,0.9999999999991201
bg_6_so4_a2_SRF,615,1.0,1.0,0.0,4.0082441565812566e-06,0.9999999999992224
bg_6_so4_a2_SRF,616,1.0,1.0,0.0,4.201685436084595e-06,0.9999999999993298
bg_6_so4_a2_SRF,617,1.0,0.9998505317804564,0.0,4.148527559162448e-06,0.9999999999994765
bg_6_so4_a2_SRF,618,0.9999991968993662,1.0,0.0,4.339225795333597e-06,0.9999999999993213
bg_6_so4_a2_SRF,619,1.0,1.0,0.0,4.051937872500128e-06,0.9999999999993512
bg_6_so4_a2_SRF,620,1.0,1.0,0.0,4.205347239192875e-06,0.9999999999993651
bg_6_so4_a2_SRF,621,1.0,0.439828750947694,0.0,4.330749663077987e-06,0.9999999999993847
bg_6_so4_a2_SRF,622,1.0,1.0,0.0,4.287282798992682e-06,0.9999999999991437
bg_6_so4_a2_SRF,623,1.0,0.43982875094768037,0.0,4.221335802224698e-06,0.999999999999491
bg_6_so4_a2_SRF,624,1.0,0.439828750947694,0.0,4.052347439903361e-06,0.9999999999993826
bg_6_so4_a2_SRF,625,1.0,0.43982875094768714,0.0,4.128760981766932e-06,0.9999999999993089
bg_6_so4_a2_SRF,626,0.9999625935642359,0.43982875094768714,0.0,4.329568693177418e-06,0.9999999999992466
bg_6_so4_a2_SRF,627,0.9999999882295296,0.43982875094768714,0.0,4.287131014585512e-06,0.999999999999336
bg_6_so4_a2_SRF,628,1.0,0.4900213118345267,0.0,3.999329890058421e-06,0.9999999999995082
bg_6_so4_a2_SRF,629,1.0,0.439828750947694,0.0,4.167496031452291e-06,0.9999999999995152
bg_6_so4_a2_SRF,630,0.9999965878129111,0.439828750947694,0.0,4.161708974913352e-06,0.9999999999993646
bg_6_so4_a2_SRF,631,1.0,0.439828750947694,0.0,4.112783305875448e-06,0.9999999999993588
bg_6_so4_a2_SRF,632,1.0,0.43982875094768925,0.0,4.145077165959931e-06,0.9999999999993467
bg_6_so4_a2_SRF,633,1.0,0.43982875094768714,0.0,4.2235349445560475e-06,0.9999999999994329
bg_6_so4_a2_SRF,634,1.0,0.439828750947694,0.0,4.279555472909517e-06,0.9999999999994565
bg_6_so4_a2_SRF,635,1.0,0.43982875094768714,0.0,4.267226967332726e-06,0.9999999999993863
bg_6_so4_a2_SRF,636,1.0,0.4398287509476898,0.0,4.137889995311048e-06,0.99999999999942
bg_6_so4_a2_SRF,637,1.0,0.8403820580927372,0.0,4.178582929302555e-06,0.999999999999491
bg_6_so4_a2_SRF,638,0.999968716775323,0.4398287509476898,0.0,4.067627055283382e-06,0.9999999999993783
bg_6_so4_a2_SRF,639,1.0,1.0,0.0,4.132612975984708e-06,0.9999999999994261
bg_6_so4_a2_SRF,640,1.0,0.439828750947694,0.0,4.14733902449188e-06,0.9999999999993628
bg_6_so4_a2_SRF,641,1.0,0.43982875094768714,0.0,4.176889378857475e-06,0.9999999999994547
bg_6_so4_a2_SRF,642,0.9999960863453877,0.4398287509476889,0.0,4.149089361882102e-06,0.9999999999993464
bg_6_so4_a2_SRF,643,1.0,0.4398287509476898,0.0,4.185321519388635e-06,0.9999999999994121
bg_6_so4_a2_SRF,644,1.0,0.4398287509476898,0.0,4.124367081501618e-06,0.9999999999993917
bg_6_so4_a2_SRF,645,1.0,0.43982875094768037,0.0,4.20297710878539e-06,0.999999999999314
bg_6_so4_a2_SRF,646,1.0,0.9533820675750037,0.0,4.191527948499913e-06,0.9999999999993837
bg_6_so4_a2_SRF,647,0.9999992240796951,1.0,0.0,4.217498761887556e-06,0.9999999999993674
bg_6_so4_a2_SRF,648,1.0,0.43982875094768714,0.0,4.117580550169513e-06,0.9999999999993558
bg_6_so4_a2_SRF,649,1.0,0.43982875094768714,0.0,4.247320659967865e-06,0.9999999999993961
bg_6_so4_a2_SRF,650,1.0,0.43982875094768714,0.0,4.2397613297022135e-06,0.9999999999994239
bg_6_so4_a2_SRF,651,1.0,0.43982875094768714,0.0,4.236622779513709e-06,0.9999999999994209
bg_6_so4_a2_SRF,652,1.0,0.43982875094768714,0.0,4.125493731988585e-06,0.9999999999994624
bg_6_so4_a2_SRF,653,1.0,0.43982875094768714,0.0,4.16689623178314e-06,0.9999999999994432
bg_6_so4_a2_SRF,654,1.0,0.43540691075941906,0.0,4.087743008080413e-06,0.9999999999994055
bg_6_so4_a2_SRF,655,1.0,0.43982875094768925,0.0,4.334754513563137e-06,0.9999999999993874
bg_6_so4_a2_SRF,656,1.0,0.43982875094768037,0.0,4.261788258529817e-06,0.9999999999994167
bg_6_so4_a2_SRF,657,1.0,0.4398287509476889,0.0,4.330863984679465e-06,0.9999999999994336
bg_6_so4_a2_SRF,658,1.0,0.439828750947694,0.0,4.2284631719920464e-06,0.9999999999993432
bg_6_so4_a2_SRF,659,1.0,0.439828750947694,0.0,4.035776029779528e-06,0.9999999999994116
bg_6_so4_a2_SRF,660,1.0,0.8842861523337465,0.0,4.163864595088953e-06,0.9999999999994326
bg_6_so4_a2_SRF,661,0.9999959842733771,0.8951537774329189,0.0,4.207756016406508e-06,0.9999999999994184
bg_6_so4_a2_SRF,662,1.0,0.43982875094768925,0.0,4.255192973339055e-06,0.9999999999994698
bg_6_so4_a2_SRF,663,1.0,0.43982875094768925,0.0,4.157041959795862e-06,0.9999999999994423
bg_6_so4_a2_SRF,664,1.0,0.43982875094768037,0.0,4.110708541614758e-06,0.9999999999995446
bg_6_so4_a2_SRF,665,0.9999602001383557,0.4398287509476889,0.0,4.342939755222265e-06,0.9999999999993059
bg_6_so4_a2_SRF,666,0.9999999942391617,0.43982875094768037,0.0,4.248691419902557e-06,0.9999999999994313
bg_6_so4_a2_SRF,667,1.0,0.439828750947694,0.0,4.321395786145234e-06,0.9999999999994129
bg_6_so4_a2_SRF,668,1.0,0.439828750947694,0.0,4.267527734456253e-06,0.9999999999993793
bg_6_so4_a2_SRF,669,0.9999997817186398,0.43982875094768714,0.0,4.146070615072251e-06,0.9999999999993824
bg_6_so4_a2_SRF,670,1.0,0.439828750947694,0.0,4.230395959018341e-06,0.9999999999993983
bg_6_so4_a2_SRF,671,1.0,0.4398287509476897,0.0,4.214168878603641e-06,0.9999999999993704
bg_6_so4_a2_SRF,672,0.9999962944080096,0.43982875094768037,0.0,4.366093472517001e-06,0.999999999999386
bg_6_so4_a2_SRF,673,1.0,0.4398287509476906,0.0,4.34133086874372e-06,0.9999999999993598
bg_6_so4_a2_SRF,674,1.0,0.4398287509476906,0.0,4.29264007473071e-06,0.9999999999994097
bg_6_so4_a2_SRF,675,1.0,0.43982875094768714,0.0,4.160380145160286e-06,0.9999999999993201
bg_6_so4_a2_SRF,676,1.0,0.4398287509476889,0.0,4.279517662466711e-06,0.9999999999994515
bg_6_so4_a2_SRF,677,1.0,0.4398287509476889,0.0,4.1292112793535305e-06,0.9999999999995203
bg_6_so4_a2_SRF,678,1.0,0.4398287509476906,0.0,4.073164809706227e-06,0.9999999999994049
bg_6_so4_a2_SRF,679,1.0,0.4398287509476906,0.0,4.218937121162048e-06,0.9999999999993378
bg_6_so4_a2_SRF,680,1.0,1.0,0.0,4.283756589212202e-06,0.9999999999994051
bg_6_so4_a2_SRF,681,1.0,0.43982875094768714,0.0,4.23308835846276e-06,0.9999999999993752
bg_6_so4_a2_SRF,682,1.0,1.0,0.0,4.263245801562411e-06,0.9999999999994738
bg_6_so4_a2_SRF,683,1.0,0.43982875094768037,0.0,4.125307684742922e-06,0.9999999999994227
bg_6_so4_a2_SRF,684,1.0,0.4398287509476906,0.0,4.109730857640162e-06,0.9999999999994055
bg_6_so4_a2_SRF,685,1.0,0.43982875094768714,0.0,4.310458369353599e-06,0.9999999999994255
bg_6_so4_a2_SRF,686,1.0,0.4398287509476906,0.0,4.028753866141663e-06,0.9999999999993745
bg_6_so4_a2_SRF,687,1.0,0.44427509393647446,0.0,4.0817492744690666e-06,0.9999999999993506
bg_6_so4_a2_SRF,688,1.0,0.43982875094768925,0.0,4.104179181427326e-06,0.9999999999993532
bg_6_so4_a2_SRF,689,1.0,0.4398287509476898,0.0,4.253832247086885e-06,0.9999999999993898
bg_6_so4_a2_SRF,690,1.0,0.4398287509476906,0.0,4.095443491480249e-06,0.9999999999992438
bg_6_so4_a2_SRF,691,1.0,0.4398287509476906,0.0,4.19470264984693e-06,0.9999999999992503
bg_6_so4_a2_SRF,692,1.0,0.9742433711279852,0.0,4.247628087393532e-06,0.9999999999993247
bg_6_so4_a2_SRF,693,1.0,0.987706976557158,0.0,4.216262687353481e-06,0.9999999999992852
bg_6_so4_a2_SRF,694,1.0,0.9917366172822207,0.0,4.183578339396977e-06,0.9999999999994054
bg_6_so4_a2_SRF,695,1.0,0.9997002623550941,0.0,4.257143639067199e-06,0.9999999999993604
bg_6_so4_a2_SRF,696,0.999999320935431,0.4398287509476906,0.0,4.27485470074219e-06,0.9999999999992857
bg_6_so4_a2_SRF,697,1.0,0.4398287509476906,0.0,4.192786523861733e-06,0.9999999999992938
bg_6_so4_a2_SRF,698,0.9999986050376963,0.9967709355812912,0.0,4.094134993139682e-06,0.999999999999397
bg_6_so4_a2_SRF,699,1.0,0.4398287509476889,0.0,4.280394076179192e-06,0.9999999999994262
bg_6_so4_a2_SRF,700,1.0,0.562397982384971,0.0,4.3525026994152655e-06,0.9999999999993208
bg_6_so4_a2_SRF,701,1.0,1.0,0.0,4.197084813200617e-06,0.9999999999993238
bg_6_so4_a2_SRF,702,1.0,0.8230297369435432,0.0,4.1105546058144515e-06,0.9999999999992284
bg_6_so4_a2_SRF,703,1.0,0.43982875094768714,0.0,4.188954268105234e-06,0.9999999999992996
bg_6_so4_a2_SRF,704,1.0,0.439828750947694,0.0,4.211088763192875e-06,0.9999999999992312
bg_6_so4_a2_SRF,705,1.0,0.4398287509476906,0.0,4.171061951689119e-06,0.9999999999992998
bg_6_so4_a2_SRF,706,1.0,1.0,0.0,4.203696813673619e-06,0.9999999999990468
bg_6_so4_a2_SRF,707,1.0,1.0,0.0,4.197922588041931e-06,0.9999999999992246
bg_6_so4_a2_SRF,708,1.0,0.6782729592319363,0.0,4.121656953959895e-06,0.9999999999992834
bg_6_so4_a2_SRF,709,0.9999904746565501,0.439828750947694,0.0,4.282926886970908e-06,0.9999999999992293
bg_6_so4_a2_SRF,710,1.0,0.43982875094768925,0.0,4.279782349597749e-06,0.9999999999993323
bg_6_so4_a2_SRF,711,0.9999990405103433,0.6529329560746322,0.0,4.0617803449117374e-06,0.9999999999993451
bg_6_so4_a2_SRF,712,1.0,0.5476220884904982,0.0,4.167637185881712e-06,0.9999999999994431
bg_6_so4_a2_SRF,713,1.0,0.43982875094768037,0.0,4.338116669309704e-06,0.9999999999994479
bg_6_so4_a2_SRF,714,1.0,0.9999999999735992,0.0,4.2806546683766635e-06,0.9999999999992037
bg_6_so4_a2_SRF,715,0.9999990755697508,0.4398287509476906,0.0,4.235893549977997e-06,0.9999999999991158
bg_6_so4_a2_SRF,716,0.9999948478332945,1.0,0.0,4.20737096907134e-06,0.9999999999992789
bg_6_so4_a2_SRF,717,0.999957891426616,1.0,0.0,4.117061790235702e-06,0.9999999999992485
bg_6_so4_a2_SRF,718,0.9999939053268575,0.9999999288886017,0.0,4.148485260900246e-06,0.9999999999992151
bg_6_so4_a2_SRF,719,1.0,0.439828750947694,0.0,4.265777434890525e-06,0.9999999999992154
bg_6_so4_a2_SRF,720,1.0,0.999999999987578,0.0,4.252031543054822e-06,0.999999999999341
bg_6_so4_a2_SRF,721,1.0,0.43982875094768714,0.0,4.3441663741249865e-06,0.9999999999993239
bg_6_so4_a2_SRF,722,1.0,0.4398287509476906,0.0,4.2082794232376576e-06,0.9999999999992014
bg_6_so4_a2_SRF,723,0.9999965134643056,1.0,0.0,4.295373616710721e-06,0.9999999999991481
bg_6_so4_a2_SRF,724,0.9999946355959893,0.9757572870242877,0.0,4.291347024760657e-06,0.999999999999189
bg_6_so4_a2_SRF,725,0.9999961013122785,0.439828750947694,0.0,4.154205204997564e-06,0.9999999999992635
bg_6_so4_a2_SRF,726,0.9999994208599562,0.9970967786521828,0.0,4.110499236043827e-06,0.99999999999931
bg_6_so4_a2_SRF,727,1.0,0.43982875094768037,0.0,4.119658812514992e-06,0.9999999999992708
bg_6_so4_a2_SRF,728,1.0,0.43982875094768714,0.0,4.198602984833513e-06,0.9999999999993064
bg_6_so4_a2_SRF,729,0.9999944729316546,0.43982875094768714,0.0,4.168945633326743e-06,0.9999999999993164
bg_7_so4_a2_SRF,0,1.0,1.0,0.0,0.0,1.0
bg_7_so4_a2_SRF,1,1.0,1.0,0.0,0.0,1.0000000000000002
bg_7_so4_a2_SRF,2,1.0,1.0,0.0,0.0,1.0
bg_7_so4_a2_SRF,3,1.0,1.0,0.0,0.0,1.0
bg_7_so4_a2_SRF,4,1.0,1.0,0.0,0.0,1.0000000000000002
bg_7_so4_a2_SRF,5,1.0,1.0,0.0,0.0,0.9999999999999999
bg_7_so4_a2_SRF,6,1.0,1.0,0.0,0.0,1.0
bg_7_so4_a2_SRF,7,1.0,1.0,0.0,0.0,0.9999999999999999
bg_7_so4_a2_SRF,8,1.0,1.0,0.0,0.0,1.0
bg_7_so4_a2_SRF,9,1.0,1.0,0.0,0.0,1.0000000000000002
bg_7_so4_a2_SRF,10,1.0,1.0,0.0,0.0,1.0000000000000002
bg_7_so4_a2_SRF,11,1.0,1.0,0.0,0.0,0.9999999999999998
bg_7_so4_a2_SRF,12,1.0,1.0,0.0,0.0,1.0
bg_7_so4_a2_SRF,13,1.0,1.0,0.0,0.0,1.0
bg_7_so4_a2_SRF,14,1.0,1.0,0.0,0.0,1.0
bg_7_so4_a2_SRF,15,1.0,1.0,0.0,0.0,1.0
bg_7_so4_a2_SRF,16,1.0,1.0,0.0,0.0,1.0000000000000002
bg_7_so4_a2_SRF,17,1.0,1.0,0.0,0.0,1.0000000000000002
bg_7_so4_a2_SRF,18,1.0,1.0,0.0,0.0,0.9999999999999998
bg_7_so4_a2_SRF,19,1.0,1.0,0.0,0.0,1.0000000000000002
bg_7_so4_a2_SRF,20,1.0,1.0,0.0,0.0,1.0
bg_7_so4_a2_SRF,21,1.0,1.0,0.0,0.0,1.0
bg_7_so4_a2_SRF,22,1.0,1.0,0.0,0.0,0.9999999999999998
bg_7_so4_a2_SRF,23,1.0,1.0,0.0,0.0,1.0
bg_7_so4_a2_SRF,24,1.0,1.0,0.0,0.0,0.9999999999999998
bg_7_so4_a2_SRF,25,1.0,1.0,0.0,0.0,1.0
bg_7_so4_a2_SRF,26,1.0,1.0,0.0,0.0,0.9999999999999998
bg_7_so4_a2_SRF,27,1.0,1.0,0.0,0.0,1.0
bg_7_so4_a2_SRF,28,1.0,1.0,0.0,0.0,1.0
bg_7_so4_a2_SRF,29,1.0,1.0,0.0,0.0,0.9999999999999998
bg_7_so4_a2_SRF,30,1.0,1.0,0.0,0.0,1.0
bg_7_so4_a2_SRF,31,1.0,1.0,0.0,0.0,1.0000000000000002
bg_7_so4_a2_SRF,32,1.0,1.0,0.0,0.0,1.0000000000000002
bg_7_so4_a2_SRF,33,1.0,1.0,0.0,0.0,1.0000000000000002
bg_7_so4_a2_SRF,34,1.0,1.0,0.0,0.0,1.0
bg_7_so4_a2_SRF,35,1.0,1.0,0.0,0.0,1.0000000000000002
bg_7_so4_a2_SRF,36,1.0,1.0,0.0,0.0,1.0000000000000002
bg_7_so4_a2_SRF,37,1.0,1.0,0.0,0.0,1.0
bg_7_so4_a2_SRF,38,1.0,1.0,0.0,0.0,0.9999999999999998
bg_7_so4_a2_SRF,39,1.0,1.0,0.0,0.0,1.0000000000000002
bg_7_so4_a2_SRF,40,1.0,1.0,0.0,0.0,0.9999999999999998
bg_7_so4_a2_SRF,41,1.0,1.0,0.0,0.0,1.0
bg_7_so4_a2_SRF,42,1.0,1.0,0.0,0.0,0.9999999999999999
bg_7_so4_a2_SRF,43,1.0,1.0,0.0,0.0,1.0
bg_7_so4_a2_SRF,44,1.0,1.0,0.0,0.0,0.9999999999999999
bg_7_so4_a2_SRF,45,1.0,1.0,0.0,0.0,1.0
bg_7_so4_a2_SRF,46,1.0,1.0,0.0,0.0,0.9999999999999999
bg_7_so4_a2_SRF,47,1.0,1.0,0.0,0.0,1.0
bg_7_so4_a2_SRF,48,1.0,1.0,0.0,0.0,1.0000000000000002
bg_7_so4_a2_SRF,49,1.0,1.0,0.0,0.0,1.0000000000000002
bg_7_so4_a2_SRF,50,1.0,1.0,0.0,0.0,1.0
bg_7_so4_a2_SRF,51,1.0,1.0,0.0,0.0,1.0
bg_7_so4_a2_SRF,52,1.0,1.0,0.0,0.0,1.0000000000000002
bg_7_so4_a2_SRF,53,1.0,1.0,0.0,0.0,1.0000000000000002
bg_7_so4_a2_SRF,54,1.0,1.0,0.0,0.0,1.0
bg_7_so4_a2_SRF,55,1.0,1.0,0.0,0.0,1.0000000000000002
bg_7_so4_a2_SRF,56,1.0,1.0,0.0,0.0,1.0
bg_7_so4_a2_SRF,57,1.0,1.0,0.0,0.0,1.0000000000000002
bg_7_so4_a2_SRF,58,1.0,1.0,0.0,0.0,1.0
bg_7_so4_a2_SRF,59,1.0,1.0,0.0,0.0,1.0000000000000002
bg_7_so4_a2_SRF,60,1.0,1.0,0.0,0.0,0.9999999999999999
bg_7_so4_a2_SRF,61,1.0,1.0,0.0,0.0,0.9999999999999999
bg_7_so4_a2_SRF,62,1.0,1.0,0.0,0.0,1.0
bg_7_so4_a2_SRF,63,1.0,1.0,0.0,0.0,1.0000000000000002
bg_7_so4_a2_SRF,64,1.0,1.0,0.0,0.0,1.0000000000000002
bg_7_so4_a2_SRF,65,1.0,1.0,0.0,0.0,1.0000000000000002
bg_7_so4_a2_SRF,66,1.0,1.0,0.0,0.0,0.9999999999999998
bg_7_so4_a2_SRF,67,1.0,1.0,0.0,0.0,1.0
bg_7_so4_a2_SRF,68,1.0,1.0,0.0,0.0,0.9999999999999999
bg_7_so4_a2_SRF,69,1.0,1.0,0.0,0.0,1.0000000000000002
bg_7_so4_a2_SRF,70,1.0,1.0,0.0,0.0,1.0
bg_7_so4_a2_SRF,71,1.0,1.0,0.0,0.0,1.0
bg_7_so4_a2_SRF,72,1.0,1.0,0.0,0.0,1.0
bg_7_so4_a2_SRF,73,1.0,1.0,0.0,0.0,1.0
bg_7_so4_a2_SRF,74,1.0,1.0,0.0,0.0,1.0
bg_7_so4_a2_SRF,75,1.0,1.0,0.0,0.0,1.0
bg_7_so4_a2_SRF,76,1.0,1.0,0.0,0.0,1.0000000000000002
bg_7_so4_a2_SRF,77,1.0,1.0,0.0,0.0,1.0
bg_7_so4_a2_SRF,78,1.0,1.0,0.0,0.0,1.0
bg_7_so4_a2_SRF,79,1.0,1.0,0.0,0.0,0.9999999999999998
bg_7_so4_a2_SRF,80,1.0,1.0,0.0,0.0,1.0000000000000002
bg_7_so4_a2_SRF,81,1.0,1.0,0.0,0.0,1.0
bg_7_so4_a2_SRF,82,1.0,1.0,0.0,0.0,0.9999999999999999
bg_7_so4_a2_SRF,83,1.0,1.0,0.0,0.0,1.0000000000000002
bg_7_so4_a2_SRF,84,1.0,1.0,0.0,0.0,1.0
bg_7_so4_a2_SRF,85,1.0,1.0,0.0,0.0,1.0
bg_7_so4_a2_SRF,86,1.0,1.0,0.0,0.0,0.9999999999999998
bg_7_so4_a2_SRF,87,1.0,1.0,0.0,0.0,1.0
bg_7_so4_a2_SRF,88,1.0,1.0,0.0,0.0,1.0
bg_7_so4_a2_SRF,89,1.0,1.0,0.0,0.0,1.0
bg_7_so4_a2_SRF,90,1.0,1.0,0.0,0.0,1.0000000000000002
bg_7_so4_a2_SRF,91,1.0,1.0,0.0,0.0,1.0000000000000002
bg_7_so4_a2_SRF,92,1.0,1.0,0.0,0.0,1.0
bg_7_so4_a2_SRF,93,1.0,1.0,0.0,0.0,1.0
bg_7_so4_a2_SRF,94,1.0,1.0,0.0,0.0,1.0
bg_7_so4_a2_SRF,95,1.0,1.0,0.0,0.0,0.9999999999999998
bg_7_so4_a2_SRF,96,1.0,1.0,0.0,0.0,1.0
bg_7_so4_a2_SRF,97,1.0,1.0,0.0,0.0,1.0
bg_7_so4_a2_SRF,98,1.0,1.0,0.0,0.0,1.0000000000000002
bg_7_so4_a2_SRF,99,1.0,1.0,0.0,0.0,1.0000000000000002
bg_7_so4_a2_SRF,100,1.0,1.0,0.0,0.0,1.0000000000000002
bg_7_so4_a2_SRF,101,1.0,1.0,0.0,0.0,1.0000000000000002
bg_7_so4_a2_SRF,102,1.0,1.0,0.0,0.0,1.0000000000000002
bg_7_so4_a2_SRF,103,1.0,1.0,0.0,0.0,1.0
bg_7_so4_a2_SRF,104,1.0,1.0,0.0,0.0,0.9999999999999998
bg_7_so4_a2_SRF,105,1.0,1.0,0.0,0.0,1.0
bg_7_so4_a2_SRF,106,1.0,1.0,0.0,0.0,1.0
bg_7_so4_a2_SRF,107,1.0,1.0,0.0,0.0,1.0
bg_7_so4_a2_SRF,108,1.0,1.0,0.0,0.0,1.0000000000000002
bg_7_so4_a2_SRF,109,1.0,1.0,0.0,0.0,1.0
bg_7_so4_a2_SRF,110,1.0,1.0,0.0,0.0,0.9999999999999998
bg_7_so4_a2_SRF,111,1.0,1.0,0.0,0.0,1.0000000000000002
bg_7_so4_a2_SRF,112,1.0,1.0,0.0,0.0,1.0
bg_7_so4_a2_SRF,113,1.0,1.0,0.0,0.0,1.0000000000000002
bg_7_so4_a2_SRF,114,1.0,1.0,0.0,0.0,1.0000000000000002
bg_7_so4_a2_SRF,115,1.0,1.0,0.0,0.0,1.0000000000000002
bg_7_so4_a2_SRF,116,1.0,1.0,0.0,0.0,1.0000000000000002
bg_7_so4_a2_SRF,117,1.0,1.0,0.0,0.0,0.9999999999999998
bg_7_so4_a2_SRF,118,1.0,1.0,0.0,0.0,1.0
bg_7_so4_a2_SRF,119,1.0,1.0,0.0,0.0,1.0
bg_7_so4_a2_SRF,120,1.0,1.0,0.0,0.0,1.0
bg_7_so4_a2_SRF,121,1.0,1.0,0.0,0.0,1.0
bg_7_so4_a2_SRF,122,1.0,1.0,0.0,0.0,1.0000000000000002
bg_7_so4_a2_SRF,123,1.0,1.0,0.0,0.0,1.0
bg_7_so4_a2_SRF,124,1.0,1.0,0.0,0.0,1.0000000000000002
bg_7_so4_a2_SRF,125,1.0,1.0,0.0,0.0,1.0
bg_7_so4_a2_SRF,126,1.0,1.0,0.0,0.0,1.0
bg_7_so4_a2_SRF,127,1.0,1.0,0.0,0.0,0.9999999999999998
bg_7_so4_a2_SRF,128,1.0,1.0,0.0,0.0,1.0000000000000002
bg_7_so4_a2_SRF,129,1.0,1.0,0.0,0.0,1.0
bg_7_so4_a2_SRF,130,1.0,1.0,0.0,0.0,1.0
bg_7_so4_a2_SRF,131,1.0,1.0,0.0,0.0,1.0
bg_7_so4_a2_SRF,132,1.0,1.0,0.0,0.0,1.0
bg_7_so4_a2_SRF,133,1.0,1.0,0.0,0.0,0.9999999999999999
bg_7_so4_a2_SRF,134,1.0,1.0,0.0,0.0,1.0000000000000002
bg_7_so4_a2_SRF,135,1.0,1.0,0.0,0.0,1.0
bg_7_so4_a2_SRF,136,1.0,1.0,0.0,0.0,1.0
bg_7_so4_a2_SRF,137,1.0,1.0,0.0,0.0,1.0
bg_7_so4_a2_SRF,138,1.0,1.0,0.0,0.0,0.9999999999999998
bg_7_so4_a2_SRF,139,1.0,1.0,0.0,0.0,1.0
bg_7_so4_a2_SRF,140,1.0,1.0,0.0,0.0,1.0000000000000002
bg_7_so4_a2_SRF,141,1.0,1.0,0.0,0.0,0.9999999999999998
bg_7_so4_a2_SRF,142,1.0,1.0,0.0,0.0,1.0
bg_7_so4_a2_SRF,143,1.0,1.0,0.0,0.0,1.0
bg_7_so4_a2_SRF,144,1.0,1.0,0.0,0.0,1.0
bg_7_so4_a2_SRF,145,1.0,1.0,0.0,0.0,1.0
bg_7_so4_a2_SRF,146,1.0,1.0,0.0,0.0,1.0
bg_7_so4_a2_SRF,147,1.0,1.0,0.0,0.0,0.9999999999999999
bg_7_so4_a2_SRF,148,1.0,1.0,0.0,0.0,1.0000000000000002
bg_7_so4_a2_SRF,149,1.0,1.0,0.0,0.0,1.0000000000000002
bg_7_so4_a2_SRF,150,1.0,1.0,0.0,0.0,0.9999999999999998
bg_7_so4_a2_SRF,151,1.0,1.0,0.0,0.0,1.0
bg_7_so4_a2_SRF,152,1.0,1.0,0.0,0.0,1.0
bg_7_so4_a2_SRF,153,1.0,1.0,0.0,0.0,1.0000000000000002
bg_7_so4_a2_SRF,154,1.0,1.0,0.0,0.0,1.0
bg_7_so4_a2_SRF,155,1.0,1.0,0.0,0.0,1.0
bg_7_so4_a2_SRF,156,1.0,1.0,0.0,0.0,1.0000000000000002
bg_7_so4_a2_SRF,157,1.0,1.0,0.0,0.0,0.9999999999999998
bg_7_so4_a2_SRF,158,1.0,1.0,0.0,0.0,1.0
bg_7_so4_a2_SRF,159,1.0,1.0,0.0,0.0,1.0000000000000002
bg_7_so4_a2_SRF,160,1.0,1.0,0.0,0.0,1.0
bg_7_so4_a2_SRF,161,1.0,1.0,0.0,0.0,1.0000000000000002
bg_7_so4_a2_SRF,162,1.0,1.0,0.0,0.0,1.0
bg_7_so4_a2_SRF,163,1.0,1.0,0.0,0.0,1.0
bg_7_so4_a2_SRF,164,1.0,1.0,0.0,0.0,1.0
bg_7_so4_a2_SRF,165,1.0,1.0,0.0,0.0,0.9999999999999999
bg_7_so4_a2_SRF,166,1.0,1.0,0.0,0.0,1.0000000000000002
bg_7_so4_a2_SRF,167,1.0,1.0,0.0,0.0,0.9999999999999999
bg_7_so4_a2_SRF,168,1.0,1.0,0.0,0.0,0.9999999999999999
bg_7_so4_a2_SRF,169,1.0,1.0,0.0,0.0,1.0
bg_7_so4_a2_SRF,170,1.0,1.0,0.0,0.0,0.9999999999999999
bg_7_so4_a2_SRF,171,1.0,1.0,0.0,0.0,1.0
bg_7_so4_a2_SRF,172,1.0,1.0,0.0,0.0,1.0000000000000002
bg_7_so4_a2_SRF,173,1.0,1.0,0.0,0.0,1.0
bg_7_so4_a2_SRF,174,1.0,1.0,0.0,0.0,1.0
bg_7_so4_a2_SRF,175,1.0,1.0,0.0,0.0,1.0
bg_7_so4_a2_SRF,176,1.0,1.0,0.0,0.0,1.0
bg_7_so4_a2_SRF,177,1.0,1.0,0.0,0.0,1.0
bg_7_so4_a2_SRF,178,1.0,1.0,0.0,0.0,1.0
bg_7_so4_a2_SRF,179,1.0,1.0,0.0,0.0,1.0
bg_7_so4_a2_SRF,180,1.0,1.0,0.0,0.0,1.0
bg_7_so4_a2_SRF,181,1.0,1.0,0.0,0.0,1.0000000000000002
bg_7_so4_a2_SRF,182,1.0,1.0,0.0,0.0,1.0
bg_7_so4_a2_SRF,183,1.0,1.0,0.0,0.0,0.9999999999999999
bg_7_so4_a2_SRF,184,1.0,1.0,0.0,0.0,1.0
bg_7_so4_a2_SRF,185,1.0,1.0,0.0,0.0,1.0000000000000002
bg_7_so4_a2_SRF,186,1.0,1.0,0.0,0.0,1.0
bg_7_so4_a2_SRF,187,1.0,1.0,0.0,0.0,1.0
bg_7_so4_a2_SRF,188,1.0,1.0,0.0,0.0,1.0000000000000002
bg_7_so4_a2_SRF,189,1.0,1.0,0.0,0.0,0.9999999999999998
bg_7_so4_a2_SRF,190,1.0,1.0,0.0,0.0,1.0
bg_7_so4_a2_SRF,191,1.0,1.0,0.0,0.0,1.0
bg_7_so4_a2_SRF,192,1.0,1.0,0.0,0.0,1.0
bg_7_so4_a2_SRF,193,1.0,1.0,0.0,0.0,1.0
bg_7_so4_a2_SRF,194,1.0,1.0,0.0,0.0,0.9999999999999999
bg_7_so4_a2_SRF,195,1.0,1.0,0.0,0.0,1.0000000000000002
bg_7_so4_a2_SRF,196,1.0,1.0,0.0,0.0,1.0000000000000002
bg_7_so4_a2_SRF,197,1.0,1.0,0.0,0.0,1.0
bg_7_so4_a2_SRF,198,1.0,1.0,0.0,0.0,1.0
bg_7_so4_a2_SRF,199,1.0,1.0,0.0,0.0,1.0
bg_7_so4_a2_SRF,200,1.0,1.0,0.0,0.0,0.9999999999999999
bg_7_so4_a2_SRF,201,1.0,1.0,0.0,0.0,1.0000000000000002
bg_7_so4_a2_SRF,202,1.0,1.0,0.0,0.0,1.0000000000000002
bg_7_so4_a2_SRF,203,1.0,1.0,0.0,0.0,1.0
bg_7_so4_a2_SRF,204,1.0,1.0,0.0,0.0,1.0
bg_7_so4_a2_SRF,205,1.0,1.0,0.0,0.0,1.0000000000000002
bg_7_so4_a2_SRF,206,1.0,1.0,0.0,0.0,1.0
bg_7_so4_a2_SRF,207,1.0,1.0,0.0,0.0,0.9999999999999999
bg_7_so4_a2_SRF,208,1.0,1.0,0.0,0.0,1.0
bg_7_so4_a2_SRF,209,1.0,1.0,0.0,0.0,0.9999999999999999
bg_7_so4_a2_SRF,210,1.0,1.0,0.0,0.0,0.9999999999999999
bg_7_so4_a2_SRF,211,1.0,1.0,0.0,0.0,1.0
bg_7_so4_a2_SRF,212,1.0,1.0,0.0,0.0,1.0
bg_7_so4_a2_SRF,213,1.0,1.0,0.0,0.0,1.0
bg_7_so4_a2_SRF,214,1.0,1.0,0.0,0.0,1.0
bg_7_so4_a2_SRF,215,1.0,1.0,0.0,0.0,1.0
bg_7_so4_a2_SRF,216,1.0,1.0,0.0,0.0,1.0
bg_7_so4_a2_SRF,217,1.0,1.0,0.0,0.0,1.0000000000000002
bg_7_so4_a2_SRF,218,1.0,1.0,0.0,0.0,1.0
bg_7_so4_a2_SRF,219,1.0,1.0,0.0,0.0,1.0000000000000002
bg_7_so4_a2_SRF,220,1.0,1.0,0.0,0.0,1.0
bg_7_so4_a2_SRF,221,1.0,1.0,0.0,0.0,0.9999999999999999
bg_7_so4_a2_SRF,222,1.0,1.0,0.0,0.0,0.9999999999999998
bg_7_so4_a2_SRF,223,1.0,1.0,0.0,0.0,1.0
bg_7_so4_a2_SRF,224,1.0,1.0,0.0,0.0,1.0
bg_7_so4_a2_SRF,225,1.0,1.0,0.0,0.0,1.0000000000000002
bg_7_so4_a2_SRF,226,1.0,1.0,0.0,0.0,1.0
bg_7_so4_a2_SRF,227,1.0,1.0,0.0,0.0,1.0
bg_7_so4_a2_SRF,228,1.0,1.0,0.0,0.0,1.0
bg_7_so4_a2_SRF,229,1.0,1.0,0.0,0.0,1.0000000000000002
bg_7_so4_a2_SRF,230,1.0,1.0,0.0,0.0,1.0
bg_7_so4_a2_SRF,231,1.0,1.0,0.0,0.0,1.0000000000000002
bg_7_so4_a2_SRF,232,1.0,1.0,0.0,0.0,1.0000000000000002
bg_7_so4_a2_SRF,233,1.0,1.0,0.0,0.0,1.0
bg_7_so4_a2_SRF,234,1.0,1.0,0.0,0.0,1.0
bg_7_so4_a2_SRF,235,1.0,1.0,0.0,0.0,1.0000000000000002
bg_7_so4_a2_SRF,236,1.0,1.0,0.0,0.0,1.0
bg_7_so4_a2_SRF,237,1.0,1.0,0.0,0.0,1.0
bg_7_so4_a2_SRF,238,1.0,1.0,0.0,0.0,1.0
bg_7_so4_a2_SRF,239,1.0,1.0,0.0,0.0,1.0
bg_7_so4_a2_SRF,240,1.0,1.0,0.0,0.0,1.0000000000000002
bg_7_so4_a2_SRF,241,1.0,1.0,0.0,0.0,1.0
bg_7_so4_a2_SRF,242,1.0,1.0,0.0,0.0,1.0
bg_7_so4_a2_SRF,243,1.0,1.0,0.0,0.0,1.0
bg_7_so4_a2_SRF,244,1.0,1.0,0.0,0.0,0.9999999999999999
bg_7_so4_a2_SRF,245,1.0,1.0,0.0,0.0,1.0
bg_7_so4_a2_SRF,246,1.0,1.0,0.0,0.0,0.9999999999999999
bg_7_so4_a2_SRF,247,1.0,1.0,0.0,0.0,1.0000000000000002
bg_7_so4_a2_SRF,248,1.0,1.0,0.0,0.0,1.0000000000000002
bg_7_so4_a2_SRF,249,1.0,1.0,0.0,0.0,1.0000000000000002
bg_7_so4_a2_SRF,250,1.0,1.0,0.0,0.0,1.0
bg_7_so4_a2_SRF,251,1.0,1.0,0.0,0.0,1.0
bg_7_so4_a2_SRF,252,1.0,1.0,0.0,0.0,1.0
bg_7_so4_a2_SRF,253,1.0,1.0,0.0,0.0,1.0000000000000002
bg_7_so4_a2_SRF,254,1.0,1.0,0.0,0.0,1.0000000000000002
bg_7_so4_a2_SRF,255,1.0,1.0,0.0,0.0,1.0
bg_7_so4_a2_SRF,256,1.0,1.0,0.0,0.0,0.9999999999999998
bg_7_so4_a2_SRF,257,1.0,1.0,0.0,0.0,1.0
bg_7_so4_a2_SRF,258,1.0,1.0,0.0,0.0,1.0
bg_7_so4_a2_SRF,259,1.0,1.0,0.0,0.0,1.0
bg_7_so4_a2_SRF,260,1.0,1.0,0.0,0.0,0.9999999999999999
bg_7_so4_a2_SRF,261,1.0,1.0,0.0,0.0,0.9999999999999999
bg_7_so4_a2_SRF,262,1.0,1.0,0.0,0.0,0.9999999999999998
bg_7_so4_a2_SRF,263,1.0,1.0,0.0,0.0,1.0
bg_7_so4_a2_SRF,264,1.0,1.0,0.0,0.0,0.9999999999999998
bg_7_so4_a2_SRF,265,1.0,1.0,0.0,0.0,0.9999999999999998
bg_7_so4_a2_SRF,266,1.0,1.0,0.0,0.0,0.9999999999999998
bg_7_so4_a2_SRF,267,1.0,1.0,0.0,0.0,0.9999999999999998
bg_7_so4_a2_SRF,268,1.0,1.0,0.0,0.0,1.0
bg_7_so4_a2_SRF,269,1.0,1.0,0.0,0.0,1.0000000000000002
bg_7_so4_a2_SRF,270,1.0,1.0,0.0,0.0,1.0
bg_7_so4_a2_SRF,271,1.0,1.0,0.0,0.0,1.0
bg_7_so4_a2_SRF,272,1.0,1.0,0.0,0.0,0.9999999999999998
bg_7_so4_a2_SRF,273,1.0,1.0,0.0,0.0,1.0000000000000002
bg_7_so4_a2_SRF,274,1.0,1.0,0.0,0.0,1.0000000000000002
bg_7_so4_a2_SRF,275,1.0,1.0,0.0,0.0,1.0000000000000002
bg_7_so4_a2_SRF,276,1.0,1.0,0.0,0.0,1.0
bg_7_so4_a2_SRF,277,1.0,1.0,0.0,0.0,1.0
bg_7_so4_a2_SRF,278,1.0,1.0,0.0,0.0,1.0000000000000002
bg_7_so4_a2_SRF,279,1.0,1.0,0.0,0.0,1.0000000000000002
bg_7_so4_a2_SRF,280,1.0,1.0,0.0,0.0,1.0000000000000002
bg_7_so4_a2_SRF,281,1.0,1.0,0.0,0.0,1.0000000000000002
bg_7_so4_a2_SRF,282,1.0,1.0,0.0,0.0,1.0
bg_7_so4_a2_SRF,283,1.0,1.0,0.0,0.0,1.0
bg_7_so4_a2_SRF,284,1.0,1.0,0.0,0.0,1.0
bg_7_so4_a2_SRF,285,1.0,1.0,0.0,0.0,1.0000000000000002
bg_7_so4_a2_SRF,286,1.0,1.0,0.0,0.0,1.0000000000000002
bg_7_so4_a2_SRF,287,1.0,1.0,0.0,0.0,0.9999999999999998
bg_7_so4_a2_SRF,288,1.0,1.0,0.0,0.0,1.0000000000000002
bg_7_so4_a2_SRF,289,1.0,1.0,0.0,0.0,1.0
bg_7_so4_a2_SRF,290,1.0,1.0,0.0,0.0,1.0000000000000002
bg_7_so4_a2_SRF,291,1.0,1.0,0.0,0.0,1.0000000000000002
bg_7_so4_a2_SRF,292,1.0,1.0,0.0,0.0,1.0000000000000002
bg_7_so4_a2_SRF,293,1.0,1.0,0.0,0.0,1.0000000000000002
bg_7_so4_a2_SRF,294,1.0,1.0,0.0,0.0,0.9999999999999999
bg_7_so4_a2_SRF,295,1.0,1.0,0.0,0.0,1.0
bg_7_so4_a2_SRF,296,1.0,1.0,0.0,0.0,0.9999999999999999
bg_7_so4_a2_SRF,297,1.0,1.0,0.0,0.0,1.0
bg_7_so4_a2_SRF,298,1.0,1.0,0.0,0.0,0.9999999999999999
bg_7_so4_a2_SRF,299,1.0,1.0,0.0,0.0,1.0
bg_7_so4_a2_SRF,300,1.0,1.0,0.0,0.0,1.0
bg_7_so4_a2_SRF,301,1.0,1.0,0.0,0.0,1.0
bg_7_so4_a2_SRF,302,1.0,1.0,0.0,0.0,1.0
bg_7_so4_a2_SRF,303,1.0,1.0,0.0,0.0,0.9999999999999999
bg_7_so4_a2_SRF,304,1.0,1.0,0.0,0.0,0.9999999999999999
bg_7_so4_a2_SRF,305,1.0,1.0,0.0,0.0,0.9999999999999999
bg_7_so4_a2_SRF,306,1.0,1.0,0.0,0.0,1.0000000000000002
bg_7_so4_a2_SRF,307,1.0,1.0,0.0,0.0,0.9999999999999999
bg_7_so4_a2_SRF,308,1.0,1.0,0.0,0.0,1.0
bg_7_so4_a2_SRF,309,1.0,1.0,0.0,0.0,1.0
bg_7_so4_a2_SRF,310,1.0,1.0,0.0,0.0,0.9999999999999998
bg_7_so4_a2_SRF,311,1.0,1.0,0.0,0.0,1.0
bg_7_so4_a2_SRF,312,1.0,1.0,0.0,0.0,1.0
bg_7_so4_a2_SRF,313,1.0,1.0,0.0,0.0,0.9999999999999999
bg_7_so4_a2_SRF,314,1.0,1.0,0.0,0.0,1.0000000000000002
bg_7_so4_a2_SRF,315,1.0,1.0,0.0,0.0,1.0000000000000002
bg_7_so4_a2_SRF,316,1.0,1.0,0.0,0.0,1.0000000000000002
bg_7_so4_a2_SRF,317,1.0,1.0,0.0,0.0,1.0000000000000002
bg_7_so4_a2_SRF,318,1.0,1.0,0.0,0.0,1.0
bg_7_so4_a2_SRF,319,1.0,1.0,0.0,0.0,1.0
bg_7_so4_a2_SRF,320,1.0,1.0,0.0,0.0,1.0
bg_7_so4_a2_SRF,321,1.0,1.0,0.0,0.0,1.0
bg_7_so4_a2_SRF,322,1.0,1.0,0.0,0.0,1.0000000000000002
bg_7_so4_a2_SRF,323,1.0,1.0,0.0,0.0,1.0000000000000002
bg_7_so4_a2_SRF,324,1.0,1.0,0.0,0.0,1.0000000000000002
bg_7_so4_a2_SRF,325,1.0,1.0,0.0,0.0,1.0
bg_7_so4_a2_SRF,326,1.0,1.0,0.0,0.0,1.0000000000000002
bg_7_so4_a2_SRF,327,1.0,1.0,0.0,0.0,1.0
bg_7_so4_a2_SRF,328,1.0,1.0,0.0,0.0,1.0000000000000002
bg_7_so4_a2_SRF,329,1.0,1.0,0.0,0.0,1.0
bg_7_so4_a2_SRF,330,1.0,1.0,0.0,0.0,1.0
bg_7_so4_a2_SRF,331,1.0,1.0,0.0,0.0,1.0000000000000002
bg_7_so4_a2_SRF,332,1.0,1.0,0.0,0.0,1.0
bg_7_so4_a2_SRF,333,1.0,1.0,0.0,0.0,0.9999999999999999
bg_7_so4_a2_SRF,334,1.0,1.0,0.0,0.0,1.0
bg_7_so4_a2_SRF,335,1.0,1.0,0.0,0.0,1.0
bg_7_so4_a2_SRF,336,1.0,1.0,0.0,0.0,1.0
bg_7_so4_a2_SRF,337,1.0,1.0,0.0,0.0,0.9999999999999999
bg_7_so4_a2_SRF,338,1.0,1.0,0.0,0.0,1.0000000000000002
bg_7_so4_a2_SRF,339,1.0,1.0,0.0,0.0,1.0
bg_7_so4_a2_SRF,340,1.0,1.0,0.0,0.0,1.0000000000000002
bg_7_so4_a2_SRF,341,1.0,1.0,0.0,0.0,0.9999999999999999
bg_7_so4_a2_SRF,342,1.0,1.0,0.0,0.0,0.9999999999999999
bg_7_so4_a2_SRF,343,1.0,1.0,0.0,0.0,1.0000000000000002
bg_7_so4_a2_SRF,344,1.0,1.0,0.0,0.0,1.0000000000000002
bg_7_so4_a2_SRF,345,1.0,1.0,0.0,0.0,1.0
bg_7_so4_a2_SRF,346,1.0,1.0,0.0,0.0,1.0000000000000002
bg_7_so4_a2_SRF,347,1.0,1.0,0.0,0.0,1.0000000000000002
bg_7_so4_a2_SRF,348,1.0,1.0,0.0,0.0,1.0
bg_7_so4_a2_SRF,349,1.0,1.0,0.0,0.0,1.0
bg_7_so4_a2_SRF,350,1.0,1.0,0.0,0.0,1.0
bg_7_so4_a2_SRF,351,1.0,1.0,0.0,0.0,1.0000000000000002
bg_7_so4_a2_SRF,352,1.0,1.0,0.0,0.0,1.0
bg_7_so4_a2_SRF,353,1.0,1.0,0.0,0.0,0.9999999999999999
bg_7_so4_a2_SRF,354,1.0,1.0,0.0,0.0,1.0000000000000002
bg_7_so4_a2_SRF,355,1.0,1.0,0.0,0.0,1.0000000000000002
bg_7_so4_a2_SRF,356,1.0,1.0,0.0,0.0,1.0
bg_7_so4_a2_SRF,357,1.0,1.0,0.0,0.0,1.0
bg_7_so4_a2_SRF,358,1.0,1.0,0.0,0.0,1.0
bg_7_so4_a2_SRF,359,1.0,1.0,0.0,0.0,0.9999999999999998
bg_7_so4_a2_SRF,360,1.0,1.0,0.0,0.0,1.0
bg_7_so4_a2_SRF,361,1.0,1.0,0.0,0.0,0.9999999999999999
bg_7_so4_a2_SRF,362,1.0,1.0,0.0,0.0,0.9999999999999999
bg_7_so4_a2_SRF,363,1.0,1.0,0.0,0.0,1.0
bg_7_so4_a2_SRF,364,1.0,1.0,0.0,0.0,1.0
bg_7_so4_a2_SRF,365,1.0,1.0,0.0,0.0,1.0
bg_7_so4_a2_SRF,366,1.0,1.0,0.0,0.0,0.9999999999999999
bg_7_so4_a2_SRF,367,1.0,1.0,0.0,0.0,1.0
bg_7_so4_a2_SRF,368,1.0,1.0,0.0,0.0,1.0000000000000002
bg_7_so4_a2_SRF,369,1.0,1.0,0.0,0.0,0.9999999999999999
bg_7_so4_a2_SRF,370,1.0,1.0,0.0,0.0,0.9999999999999999
bg_7_so4_a2_SRF,371,1.0,1.0,0.0,0.0,1.0000000000000002
bg_7_so4_a2_SRF,372,1.0,1.0,0.0,0.0,1.0000000000000002
bg_7_so4_a2_SRF,373,1.0,1.0,0.0,0.0,1.0000000000000002
bg_7_so4_a2_SRF,374,1.0,1.0,0.0,0.0,0.9999999999999998
bg_7_so4_a2_SRF,375,1.0,1.0,0.0,0.0,0.9999999999999998
bg_7_so4_a2_SRF,376,1.0,1.0,0.0,0.0,1.0000000000000002
bg_7_so4_a2_SRF,377,1.0,1.0,0.0,0.0,1.0000000000000002
bg_7_so4_a2_SRF,378,1.0,1.0,0.0,0.0,1.0
bg_7_so4_a2_SRF,379,1.0,1.0,0.0,0.0,0.9999999999999999
bg_7_so4_a2_SRF,380,1.0,1.0,0.0,0.0,1.0
bg_7_so4_a2_SRF,381,1.0,1.0,0.0,0.0,1.0
bg_7_so4_a2_SRF,382,1.0,1.0,0.0,0.0,1.0
bg_7_so4_a2_SRF,383,1.0,1.0,0.0,0.0,1.0000000000000002
bg_7_so4_a2_SRF,384,1.0,1.0,0.0,0.0,1.0000000000000002
bg_7_so4_a2_SRF,385,1.0,1.0,0.0,0.0,1.0000000000000002
bg_7_so4_a2_SRF,386,1.0,1.0,0.0,0.0,1.0
bg_7_so4_a2_SRF,387,1.0,1.0,0.0,0.0,0.9999999999999999
bg_7_so4_a2_SRF,388,1.0,1.0,0.0,0.0,0.9999999999999998
bg_7_so4_a2_SRF,389,1.0,1.0,0.0,0.0,1.0000000000000002
bg_7_so4_a2_SRF,390,1.0,1.0,0.0,0.0,1.0000000000000002
bg_7_so4_a2_SRF,391,1.0,1.0,0.0,0.0,0.9999999999999998
bg_7_so4_a2_SRF,392,1.0,1.0,0.0,0.0,1.0000000000000002
bg_7_so4_a2_SRF,393,1.0,1.0,0.0,0.0,0.9999999999999998
bg_7_so4_a2_SRF,394,1.0,1.0,0.0,0.0,1.0
bg_7_so4_a2_SRF,395,1.0,1.0,0.0,0.0,1.0
bg_7_so4_a2_SRF,396,1.0,1.0,0.0,0.0,1.0
bg_7_so4_a2_SRF,397,1.0,1.0,0.0,0.0,1.0
bg_7_so4_a2_SRF,398,1.0,1.0,0.0,0.0,1.0000000000000002
bg_7_so4_a2_SRF,399,1.0,1.0,0.0,0.0,1.0
bg_7_so4_a2_SRF,400,1.0,1.0,0.0,0.0,1.0
bg_7_so4_a2_SRF,401,1.0,1.0,0.0,0.0,0.9999999999999998
bg_7_so4_a2_SRF,402,1.0,1.0,0.0,0.0,1.0000000000000002
bg_7_so4_a2_SRF,403,1.0,1.0,0.0,0.0,1.0
bg_7_so4_a2_SRF,404,1.0,1.0,0.0,0.0,0.9999999999999998
bg_7_so4_a2_SRF,405,1.0,1.0,0.0,0.0,1.0000000000000002
bg_7_so4_a2_SRF,406,1.0,1.0,0.0,0.0,1.0
bg_7_so4_a2_SRF,407,1.0,1.0,0.0,0.0,0.9999999999999999
bg_7_so4_a2_SRF,408,1.0,1.0,0.0,0.0,0.9999999999999999
bg_7_so4_a2_SRF,409,1.0,1.0,0.0,0.0,1.0
bg_7_so4_a2_SRF,410,1.0,1.0,0.0,0.0,0.9999999999999999
bg_7_so4_a2_SRF,411,1.0,1.0,0.0,0.0,1.0
bg_7_so4_a2_SRF,412,1.0,1.0,0.0,0.0,1.0
bg_7_so4_a2_SRF,413,1.0,1.0,0.0,0.0,1.0
bg_7_so4_a2_SRF,414,1.0,1.0,0.0,0.0,0.9999999999999999
bg_7_so4_a2_SRF,415,1.0,1.0,0.0,0.0,1.0
bg_7_so4_a2_SRF,416,1.0,1.0,0.0,0.0,1.0000000000000002
bg_7_so4_a2_SRF,417,1.0,1.0,0.0,0.0,1.0
bg_7_so4_a2_SRF,418,1.0,1.0,0.0,0.0,0.9999999999999998
bg_7_so4_a2_SRF,419,1.0,1.0,0.0,0.0,1.0
bg_7_so4_a2_SRF,420,1.0,1.0,0.0,0.0,1.0000000000000002
bg_7_so4_a2_SRF,421,1.0,1.0,0.0,0.0,1.0000000000000002
bg_7_so4_a2_SRF,422,1.0,1.0,0.0,0.0,1.0
bg_7_so4_a2_SRF,423,1.0,1.0,0.0,0.0,1.0
bg_7_so4_a2_SRF,424,1.0,1.0,0.0,0.0,1.0
bg_7_so4_a2_SRF,425,1.0,1.0,0.0,0.0,1.0000000000000002
bg_7_so4_a2_SRF,426,1.0,1.0,0.0,0.0,1.0000000000000002
bg_7_so4_a2_SRF,427,1.0,1.0,0.0,0.0,1.0000000000000002
bg_7_so4_a2_SRF,428,1.0,1.0,0.0,0.0,1.0
bg_7_so4_a2_SRF,429,1.0,1.0,0.0,0.0,1.0000000000000002
bg_7_so4_a2_SRF,430,1.0,1.0,0.0,0.0,1.0000000000000002
bg_7_so4_a2_SRF,431,1.0,1.0,0.0,0.0,1.0000000000000002
bg_7_so4_a2_SRF,432,1.0,1.0,0.0,0.0,1.0
bg_7_so4_a2_SRF,433,1.0,1.0,0.0,0.0,1.0
bg_7_so4_a2_SRF,434,1.0,1.0,0.0,0.0,1.0
bg_7_so4_a2_SRF,435,1.0,1.0,0.0,0.0,1.0
bg_7_so4_a2_SRF,436,1.0,1.0,0.0,0.0,1.0000000000000002
bg_7_so4_a2_SRF,437,1.0,1.0,0.0,0.0,1.0
bg_7_so4_a2_SRF,438,1.0,1.0,0.0,0.0,0.9999999999999999
bg_7_so4_a2_SRF,439,1.0,1.0,0.0,0.0,1.0000000000000002
bg_7_so4_a2_SRF,440,1.0,1.0,0.0,0.0,1.0000000000000002
bg_7_so4_a2_SRF,441,1.0,1.0,0.0,0.0,1.0000000000000002
bg_7_so4_a2_SRF,442,1.0,1.0,0.0,0.0,1.0000000000000002
bg_7_so4_a2_SRF,443,1.0,1.0,0.0,0.0,1.0000000000000002
bg_7_so4_a2_SRF,444,1.0,1.0,0.0,0.0,1.0
bg_7_so4_a2_SRF,445,1.0,1.0,0.0,0.0,1.0
bg_7_so4_a2_SRF,446,1.0,1.0,0.0,0.0,1.0
bg_7_so4_a2_SRF,447,1.0,1.0,0.0,0.0,1.0
bg_7_so4_a2_SRF,448,1.0,1.0,0.0,0.0,1.0
bg_7_so4_a2_SRF,449,1.0,1.0,0.0,0.0,1.0000000000000002
bg_7_so4_a2_SRF,450,1.0,1.0,0.0,0.0,1.0
bg_7_so4_a2_SRF,451,1.0,1.0,0.0,0.0,0.9999999999999998
bg_7_so4_a2_SRF,452,1.0,1.0,0.0,0.0,1.0
bg_7_so4_a2_SRF,453,1.0,1.0,0.0,0.0,1.0000000000000002
bg_7_so4_a2_SRF,454,1.0,1.0,0.0,0.0,0.9999999999999998
bg_7_so4_a2_SRF,455,1.0,1.0,0.0,0.0,1.0000000000000002
bg_7_so4_a2_SRF,456,1.0,1.0,0.0,0.0,0.9999999999999998
bg_7_so4_a2_SRF,457,1.0,1.0,0.0,0.0,1.0
bg_7_so4_a2_SRF,458,1.0,1.0,0.0,0.0,0.9999999999999999
bg_7_so4_a2_SRF,459,1.0,1.0,0.0,0.0,0.9999999999999998
bg_7_so4_a2_SRF,460,1.0,1.0,0.0,0.0,1.0
bg_7_so4_a2_SRF,461,1.0,1.0,0.0,0.0,1.0000000000000002
bg_7_so4_a2_SRF,462,1.0,1.0,0.0,0.0,1.0000000000000002
bg_7_so4_a2_SRF,463,1.0,1.0,0.0,0.0,1.0
bg_7_so4_a2_SRF,464,1.0,1.0,0.0,0.0,1.0
bg_7_so4_a2_SRF,465,1.0,1.0,0.0,0.0,1.0000000000000002
bg_7_so4_a2_SRF,466,1.0,1.0,0.0,0.0,1.0
bg_7_so4_a2_SRF,467,1.0,1.0,0.0,0.0,1.0
bg_7_so4_a2_SRF,468,1.0,1.0,0.0,0.0,1.0000000000000002
bg_7_so4_a2_SRF,469,1.0,1.0,0.0,0.0,1.0
bg_7_so4_a2_SRF,470,1.0,1.0,0.0,0.0,1.0
bg_7_so4_a2_SRF,471,1.0,1.0,0.0,0.0,1.0000000000000002
bg_7_so4_a2_SRF,472,1.0,1.0,0.0,0.0,1.0
bg_7_so4_a2_SRF,473,1.0,1.0,0.0,0.0,0.9999999999999998
bg_7_so4_a2_SRF,474,1.0,1.0,0.0,0.0,1.0000000000000002
bg_7_so4_a2_SRF,475,1.0,1.0,0.0,0.0,0.9999999999999998
bg_7_so4_a2_SRF,476,1.0,1.0,0.0,0.0,1.0
bg_7_so4_a2_SRF,477,1.0,1.0,0.0,0.0,1.0
bg_7_so4_a2_SRF,478,1.0,1.0,0.0,0.0,0.9999999999999999
bg_7_so4_a2_SRF,479,1.0,1.0,0.0,0.0,1.0000000000000002
bg_7_so4_a2_SRF,480,1.0,1.0,0.0,0.0,1.0
bg_7_so4_a2_SRF,481,1.0,1.0,0.0,0.0,1.0
bg_7_so4_a2_SRF,482,1.0,1.0,0.0,0.0,1.0
bg_7_so4_a2_SRF,483,1.0,1.0,0.0,0.0,1.0000000000000002
bg_7_so4_a2_SRF,484,1.0,1.0,0.0,0.0,1.0
bg_7_so4_a2_SRF,485,1.0,1.0,0.0,0.0,1.0
bg_7_so4_a2_SRF,486,1.0,1.0,0.0,0.0,1.0
bg_7_so4_a2_SRF,487,1.0,1.0,0.0,0.0,1.0000000000000002
bg_7_so4_a2_SRF,488,1.0,1.0,0.0,0.0,1.0
bg_7_so4_a2_SRF,489,1.0,1.0,0.0,0.0,1.0
bg_7_so4_a2_SRF,490,1.0,1.0,0.0,0.0,1.0
bg_7_so4_a2_SRF,491,1.0,1.0,0.0,0.0,1.0
bg_7_so4_a2_SRF,492,1.0,1.0,0.0,0.0,1.0
bg_7_so4_a2_SRF,493,1.0,1.0,0.0,0.0,1.0
bg_7_so4_a2_SRF,494,1.0,1.0,0.0,0.0,1.0000000000000002
bg_7_so4_a2_SRF,495,1.0,1.0,0.0,0.0,1.0
bg_7_so4_a2_SRF,496,1.0,1.0,0.0,0.0,1.0
bg_7_so4_a2_SRF,497,1.0,1.0,0.0,0.0,0.9999999999999998
bg_7_so4_a2_SRF,498,1.0,1.0,0.0,0.0,1.0
bg_7_so4_a2_SRF,499,1.0,1.0,0.0,0.0,1.0000000000000002
bg_7_so4_a2_SRF,500,1.0,1.0,0.0,0.0,1.0000000000000002
bg_7_so4_a2_SRF,501,1.0,1.0,0.0,0.0,1.0
bg_7_so4_a2_SRF,502,1.0,1.0,0.0,0.0,1.0
bg_7_so4_a2_SRF,503,1.0,1.0,0.0,0.0,0.9999999999999999
bg_7_so4_a2_SRF,504,1.0,1.0,0.0,0.0,1.0000000000000002
bg_7_so4_a2_SRF,505,1.0,1.0,0.0,0.0,0.9999999999999999
bg_7_so4_a2_SRF,506,1.0,1.0,0.0,0.0,1.0000000000000002
bg_7_so4_a2_SRF,507,1.0,1.0,0.0,0.0,0.9999999999999999
bg_7_so4_a2_SRF,508,1.0,1.0,0.0,0.0,1.0
bg_7_so4_a2_SRF,509,1.0,1.0,0.0,0.0,1.0
bg_7_so4_a2_SRF,510,1.0,1.0,0.0,0.0,1.0
bg_7_so4_a2_SRF,511,1.0,1.0,0.0,0.0,0.9999999999999999
bg_7_so4_a2_SRF,512,1.0,1.0,0.0,0.0,1.0
bg_7_so4_a2_SRF,513,1.0,1.0,0.0,0.0,1.0000000000000002
bg_7_so4_a2_SRF,514,1.0,1.0,0.0,0.0,1.0
bg_7_so4_a2_SRF,515,1.0,1.0,0.0,0.0,1.0000000000000002
bg_7_so4_a2_SRF,516,1.0,1.0,0.0,0.0,1.0000000000000002
bg_7_so4_a2_SRF,517,1.0,1.0,0.0,0.0,0.9999999999999998
bg_7_so4_a2_SRF,518,1.0,1.0,0.0,0.0,1.0
bg_7_so4_a2_SRF,519,1.0,1.0,0.0,0.0,1.0
bg_7_so4_a2_SRF,520,1.0,1.0,0.0,0.0,1.0000000000000002
bg_7_so4_a2_SRF,521,1.0,1.0,0.0,0.0,0.9999999999999999
bg_7_so4_a2_SRF,522,1.0,1.0,0.0,0.0,0.9999999999999998
bg_7_so4_a2_SRF,523,1.0,1.0,0.0,0.0,1.0
bg_7_so4_a2_SRF,524,1.0,1.0,0.0,0.0,1.0000000000000002
bg_7_so4_a2_SRF,525,1.0,1.0,0.0,0.0,1.0000000000000002
bg_7_so4_a2_SRF,526,1.0,1.0,0.0,0.0,1.0000000000000002
bg_7_so4_a2_SRF,527,1.0,1.0,0.0,0.0,1.0000000000000002
bg_7_so4_a2_SRF,528,1.0,1.0,0.0,0.0,0.9999999999999999
bg_7_so4_a2_SRF,529,1.0,1.0,0.0,0.0,1.0
bg_7_so4_a2_SRF,530,1.0,1.0,0.0,0.0,1.0000000000000002
bg_7_so4_a2_SRF,531,1.0,1.0,0.0,0.0,0.9999999999999999
bg_7_so4_a2_SRF,532,1.0,1.0,0.0,0.0,1.0
bg_7_so4_a2_SRF,533,1.0,1.0,0.0,0.0,1.0
bg_7_so4_a2_SRF,534,1.0,1.0,0.0,0.0,1.0
bg_7_so4_a2_SRF,535,1.0,1.0,0.0,0.0,1.0
bg_7_so4_a2_SRF,536,1.0,1.0,0.0,0.0,1.0
bg_7_so4_a2_SRF,537,1.0,1.0,0.0,0.0,0.9999999999999999
bg_7_so4_a2_SRF,538,1.0,1.0,0.0,0.0,1.0
bg_7_so4_a2_SRF,539,1.0,1.0,0.0,0.0,1.0
bg_7_so4_a2_SRF,540,1.0,1.0,0.0,0.0,1.0000000000000002
bg_7_so4_a2_SRF,541,1.0,1.0,0.0,0.0,0.9999999999999999
bg_7_so4_a2_SRF,542,1.0,1.0,0.0,0.0,1.0
bg_7_so4_a2_SRF,543,1.0,1.0,0.0,0.0,1.0000000000000002
bg_7_so4_a2_SRF,544,1.0,1.0,0.0,0.0,0.9999999999999999
bg_7_so4_a2_SRF,545,1.0,1.0,0.0,0.0,1.0000000000000002
bg_7_so4_a2_SRF,546,1.0,1.0,0.0,0.0,0.9999999999999999
bg_7_so4_a2_SRF,547,1.0,1.0,0.0,0.0,1.0000000000000002
bg_7_so4_a2_SRF,548,1.0,1.0,0.0,0.0,0.9999999999999999
bg_7_so4_a2_SRF,549,1.0,1.0,0.0,0.0,1.0
bg_7_so4_a2_SRF,550,1.0,1.0,0.0,0.0,0.9999999999999999
bg_7_so4_a2_SRF,551,1.0,1.0,0.0,0.0,0.9999999999999999
bg_7_so4_a2_SRF,552,1.0,1.0,0.0,0.0,1.0
bg_7_so4_a2_SRF,553,1.0,1.0,0.0,0.0,1.0
bg_7_so4_a2_SRF,554,1.0,1.0,0.0,0.0,0.9999999999999999
bg_7_so4_a2_SRF,555,1.0,1.0,0.0,0.0,1.0000000000000002
bg_7_so4_a2_SRF,556,1.0,1.0,0.0,0.0,1.0
bg_7_so4_a2_SRF,557,1.0,1.0,0.0,0.0,1.0
bg_7_so4_a2_SRF,558,1.0,1.0,0.0,0.0,0.9999999999999999
bg_7_so4_a2_SRF,559,1.0,1.0,0.0,0.0,1.0
bg_7_so4_a2_SRF,560,1.0,1.0,0.0,0.0,0.9999999999999999
bg_7_so4_a2_SRF,561,1.0,1.0,0.0,0.0,0.9999999999999999
bg_7_so4_a2_SRF,562,1.0,1.0,0.0,0.0,1.0
bg_7_so4_a2_SRF,563,1.0,1.0,0.0,0.0,1.0
bg_7_so4_a2_SRF,564,1.0,1.0,0.0,0.0,1.0000000000000002
bg_7_so4_a2_SRF,565,1.0,1.0,0.0,0.0,1.0000000000000002
bg_7_so4_a2_SRF,566,1.0,1.0,0.0,0.0,1.0
bg_7_so4_a2_SRF,567,1.0,1.0,0.0,0.0,0.9999999999999999
bg_7_so4_a2_SRF,568,1.0,1.0,0.0,0.0,1.0
bg_7_so4_a2_SRF,569,1.0,1.0,0.0,0.0,1.0
bg_7_so4_a2_SRF,570,1.0,1.0,0.0,0.0,1.0
bg_7_so4_a2_SRF,571,1.0,1.0,0.0,0.0,1.0
bg_7_so4_a2_SRF,572,1.0,1.0,0.0,0.0,1.0
bg_7_so4_a2_SRF,573,1.0,1.0,0.0,0.0,1.0
bg_7_so4_a2_SRF,574,1.0,1.0,0.0,0.0,0.9999999999999999
bg_7_so4_a2_SRF,575,1.0,1.0,0.0,0.0,0.9999999999999999
bg_7_so4_a2_SRF,576,1.0,1.0,0.0,0.0,1.0
bg_7_so4_a2_SRF,577,1.0,1.0,0.0,0.0,0.9999999999999998
bg_7_so4_a2_SRF,578,1.0,1.0,0.0,0.0,1.0000000000000002
bg_7_so4_a2_SRF,579,1.0,1.0,0.0,0.0,1.0000000000000002
bg_7_so4_a2_SRF,580,1.0,1.0,0.0,0.0,1.0
bg_7_so4_a2_SRF,581,1.0,1.0,0.0,0.0,1.0
bg_7_so4_a2_SRF,582,1.0,1.0,0.0,0.0,0.9999999999999999
bg_7_so4_a2_SRF,583,1.0,1.0,0.0,0.0,1.0000000000000002
bg_7_so4_a2_SRF,584,1.0,1.0,0.0,0.0,0.9999999999999998
bg_7_so4_a2_SRF,585,1.0,1.0,0.0,0.0,1.0000000000000002
bg_7_so4_a2_SRF,586,1.0,1.0,0.0,0.0,1.0
bg_7_so4_a2_SRF,587,1.0,1.0,0.0,0.0,1.0000000000000002
bg_7_so4_a2_SRF,588,1.0,1.0,0.0,0.0,1.0
bg_7_so4_a2_SRF,589,1.0,1.0,0.0,0.0,1.0
bg_7_so4_a2_SRF,590,1.0,1.0,0.0,0.0,0.9999999999999999
bg_7_so4_a2_SRF,591,1.0,1.0,0.0,0.0,1.0000000000000002
bg_7_so4_a2_SRF,592,1.0,1.0,0.0,0.0,1.0000000000000002
bg_7_so4_a2_SRF,593,1.0,1.0,0.0,0.0,1.0
bg_7_so4_a2_SRF,594,1.0,1.0,0.0,0.0,1.0000000000000002
bg_7_so4_a2_SRF,595,1.0,1.0,0.0,0.0,0.9999999999999999
bg_7_so4_a2_SRF,596,1.0,1.0,0.0,0.0,0.9999999999999999
bg_7_so4_a2_SRF,597,1.0,1.0,0.0,0.0,1.0
bg_7_so4_a2_SRF,598,1.0,1.0,0.0,0.0,1.0
bg_7_so4_a2_SRF,599,1.0,1.0,0.0,0.0,0.9999999999999999
bg_7_so4_a2_SRF,600,1.0,1.0,0.0,0.0,1.0
bg_7_so4_a2_SRF,601,1.0,1.0,0.0,0.0,1.0000000000000002
bg_7_so4_a2_SRF,602,1.0,1.0,0.0,0.0,0.9999999999999998
bg_7_so4_a2_SRF,603,1.0,1.0,0.0,0.0,0.9999999999999998
bg_7_so4_a2_SRF,604,1.0,1.0,0.0,0.0,1.0000000000000002
bg_7_so4_a2_SRF,605,1.0,1.0,0.0,0.0,1.0
bg_7_so4_a2_SRF,606,1.0,1.0,0.0,0.0,1.0000000000000002
bg_7_so4_a2_SRF,607,1.0,1.0,0.0,0.0,1.0000000000000002
bg_7_so4_a2_SRF,608,1.0,1.0,0.0,0.0,1.0000000000000002
bg_7_so4_a2_SRF,609,1.0,1.0,0.0,0.0,1.0000000000000002
bg_7_so4_a2_SRF,610,1.0,1.0,0.0,0.0,1.0
bg_7_so4_a2_SRF,611,1.0,1.0,0.0,0.0,1.0
bg_7_so4_a2_SRF,612,1.0,1.0,0.0,0.0,1.0
bg_7_so4_a2_SRF,613,1.0,1.0,0.0,0.0,1.0
bg_7_so4_a2_SRF,614,1.0,1.0,0.0,0.0,1.0000000000000002
bg_7_so4_a2_SRF,615,1.0,1.0,0.0,0.0,1.0
bg_7_so4_a2_SRF,616,1.0,1.0,0.0,0.0,1.0
bg_7_so4_a2_SRF,617,1.0,1.0,0.0,0.0,1.0
bg_7_so4_a2_SRF,618,1.0,1.0,0.0,0.0,0.9999999999999999
bg_7_so4_a2_SRF,619,1.0,1.0,0.0,0.0,1.0000000000000002
bg_7_so4_a2_SRF,620,1.0,1.0,0.0,0.0,1.0000000000000002
bg_7_so4_a2_SRF,621,1.0,1.0,0.0,0.0,1.0000000000000002
bg_7_so4_a2_SRF,622,1.0,1.0,0.0,0.0,1.0
bg_7_so4_a2_SRF,623,1.0,1.0,0.0,0.0,0.9999999999999998
bg_7_so4_a2_SRF,624,1.0,1.0,0.0,0.0,0.9999999999999998
bg_7_so4_a2_SRF,625,1.0,1.0,0.0,0.0,0.9999999999999998
bg_7_so4_a2_SRF,626,1.0,1.0,0.0,0.0,1.0
bg_7_so4_a2_SRF,627,1.0,1.0,0.0,0.0,1.0
bg_7_so4_a2_SRF,628,1.0,1.0,0.0,0.0,1.0
bg_7_so4_a2_SRF,629,1.0,1.0,0.0,0.0,1.0
bg_7_so4_a2_SRF,630,1.0,1.0,0.0,0.0,0.9999999999999999
bg_7_so4_a2_SRF,631,1.0,1.0,0.0,0.0,1.0
bg_7_so4_a2_SRF,632,1.0,1.0,0.0,0.0,1.0
bg_7_so4_a2_SRF,633,1.0,1.0,0.0,0.0,0.9999999999999999
bg_7_so4_a2_SRF,634,1.0,1.0,0.0,0.0,1.0000000000000002
bg_7_so4_a2_SRF,635,1.0,1.0,0.0,0.0,1.0
bg_7_so4_a2_SRF,636,1.0,1.0,0.0,0.0,1.0000000000000002
bg_7_so4_a2_SRF,637,1.0,1.0,0.0,0.0,1.0
bg_7_so4_a2_SRF,638,1.0,1.0,0.0,0.0,1.0
bg_7_so4_a2_SRF,639,1.0,1.0,0.0,0.0,0.9999999999999999
bg_7_so4_a2_SRF,640,1.0,1.0,0.0,0.0,1.0
bg_7_so4_a2_SRF,641,1.0,1.0,0.0,0.0,1.0
bg_7_so4_a2_SRF,642,1.0,1.0,0.0,0.0,1.0
bg_7_so4_a2_SRF,643,1.0,1.0,0.0,0.0,1.0
bg_7_so4_a2_SRF,644,1.0,1.0,0.0,0.0,1.0
bg_7_so4_a2_SRF,645,1.0,1.0,0.0,0.0,0.9999999999999999
bg_7_so4_a2_SRF,646,1.0,1.0,0.0,0.0,0.9999999999999999
bg_7_so4_a2_SRF,647,1.0,1.0,0.0,0.0,1.0
bg_7_so4_a2_SRF,648,1.0,1.0,0.0,0.0,1.0
bg_7_so4_a2_SRF,649,1.0,1.0,0.0,0.0,1.0
bg_7_so4_a2_SRF,650,1.0,1.0,0.0,0.0,0.9999999999999999
bg_7_so4_a2_SRF,651,1.0,1.0,0.0,0.0,0.9999999999999999
bg_7_so4_a2_SRF,652,1.0,1.0,0.0,0.0,1.0
bg_7_so4_a2_SRF,653,1.0,1.0,0.0,0.0,1.0
bg_7_so4_a2_SRF,654,1.0,1.0,0.0,0.0,1.0
bg_7_so4_a2_SRF,655,1.0,1.0,0.0,0.0,0.9999999999999999
bg_7_so4_a2_SRF,656,1.0,1.0,0.0,0.0,1.0
bg_7_so4_a2_SRF,657,1.0,1.0,0.0,0.0,1.0
bg_7_so4_a2_SRF,658,1.0,1.0,0.0,0.0,1.0
bg_7_so4_a2_SRF,659,1.0,1.0,0.0,0.0,0.9999999999999998
bg_7_so4_a2_SRF,660,1.0,1.0,0.0,0.0,1.0
bg_7_so4_a2_SRF,661,1.0,1.0,0.0,0.0,0.9999999999999999
bg_7_so4_a2_SRF,662,1.0,1.0,0.0,0.0,1.0
bg_7_so4_a2_SRF,663,1.0,1.0,0.0,0.0,0.9999999999999998
bg_7_so4_a2_SRF,664,1.0,1.0,0.0,0.0,1.0
bg_7_so4_a2_SRF,665,1.0,1.0,0.0,0.0,0.9999999999999998
bg_7_so4_a2_SRF,666,1.0,1.0,0.0,0.0,0.9999999999999999
bg_7_so4_a2_SRF,667,1.0,1.0,0.0,0.0,1.0
bg_7_so4_a2_SRF,668,1.0,1.0,0.0,0.0,1.0
bg_7_so4_a2_SRF,669,1.0,1.0,0.0,0.0,0.9999999999999999
bg_7_so4_a2_SRF,670,1.0,1.0,0.0,0.0,1.0
bg_7_so4_a2_SRF,671,1.0,1.0,0.0,0.0,1.0
bg_7_so4_a2_SRF,672,1.0,1.0,0.0,0.0,1.0
bg_7_so4_a2_SRF,673,1.0,1.0,0.0,0.0,0.9999999999999999
bg_7_so4_a2_SRF,674,1.0,1.0,0.0,0.0,1.0
bg_7_so4_a2_SRF,675,1.0,1.0,0.0,0.0,1.0
bg_7_so4_a2_SRF,676,1.0,1.0,0.0,0.0,1.0
bg_7_so4_a2_SRF,677,1.0,1.0,0.0,0.0,1.0
bg_7_so4_a2_SRF,678,1.0,1.0,0.0,0.0,1.0000000000000002
bg_7_so4_a2_SRF,679,1.0,1.0,0.0,0.0,0.9999999999999998
bg_7_so4_a2_SRF,680,1.0,1.0,0.0,0.0,1.0
bg_7_so4_a2_SRF,681,1.0,1.0,0.0,0.0,1.0
bg_7_so4_a2_SRF,682,1.0,1.0,0.0,0.0,1.0
bg_7_so4_a2_SRF,683,1.0,1.0,0.0,0.0,1.0000000000000002
bg_7_so4_a2_SRF,684,1.0,1.0,0.0,0.0,0.9999999999999999
bg_7_so4_a2_SRF,685,1.0,1.0,0.0,0.0,1.0000000000000002
bg_7_so4_a2_SRF,686,1.0,1.0,0.0,0.0,0.9999999999999998
bg_7_so4_a2_SRF,687,1.0,1.0,0.0,0.0,0.9999999999999998
bg_7_so4_a2_SRF,688,1.0,1.0,0.0,0.0,0.9999999999999998
bg_7_so4_a2_SRF,689,1.0,1.0,0.0,0.0,1.0
bg_7_so4_a2_SRF,690,1.0,1.0,0.0,0.0,1.0
bg_7_so4_a2_SRF,691,1.0,1.0,0.0,0.0,1.0
bg_7_so4_a2_SRF,692,1.0,1.0,0.0,0.0,1.0
bg_7_so4_a2_SRF,693,1.0,1.0,0.0,0.0,1.0
bg_7_so4_a2_SRF,694,1.0,1.0,0.0,0.0,1.0000000000000002
bg_7_so4_a2_SRF,695,1.0,1.0,0.0,0.0,1.0
bg_7_so4_a2_SRF,696,1.0,1.0,0.0,0.0,1.0
bg_7_so4_a2_SRF,697,1.0,1.0,0.0,0.0,1.0000000000000002
bg_7_so4_a2_SRF,698,1.0,1.0,0.0,0.0,1.0000000000000002
bg_7_so4_a2_SRF,699,1.0,1.0,0.0,0.0,1.0000000000000002
bg_7_so4_a2_SRF,700,1.0,1.0,0.0,0.0,1.0
bg_7_so4_a2_SRF,701,1.0,1.0,0.0,0.0,1.0000000000000002
bg_7_so4_a2_SRF,702,1.0,1.0,0.0,0.0,1.0
bg_7_so4_a2_SRF,703,1.0,1.0,0.0,0.0,1.0000000000000002
bg_7_so4_a2_SRF,704,1.0,1.0,0.0,0.0,1.0
bg_7_so4_a2_SRF,705,1.0,1.0,0.0,0.0,1.0
bg_7_so4_a2_SRF,706,1.0,1.0,0.0,0.0,1.0
bg_7_so4_a2_SRF,707,1.0,1.0,0.0,0.0,1.0
bg_7_so4_a2_SRF,708,1.0,1.0,0.0,0.0,0.9999999999999999
bg_7_so4_a2_SRF,709,1.0,1.0,0.0,0.0,0.9999999999999999
bg_7_so4_a2_SRF,710,1.0,1.0,0.0,0.0,0.9999999999999999
bg_7_so4_a2_SRF,711,1.0,1.0,0.0,0.0,0.9999999999999999
bg_7_so4_a2_SRF,712,1.0,1.0,0.0,0.0,0.9999999999999998
bg_7_so4_a2_SRF,713,1.0,1.0,0.0,0.0,0.9999999999999998
bg_7_so4_a2_SRF,714,1.0,1.0,0.0,0.0,0.9999999999999999
bg_7_so4_a2_SRF,715,1.0,1.0,0.0,0.0,1.0
bg_7_so4_a2_SRF,716,1.0,1.0,0.0,0.0,1.0
bg_7_so4_a2_SRF,717,1.0,1.0,0.0,0.0,0.9999999999999999
bg_7_so4_a2_SRF,718,1.0,1.0,0.0,0.0,0.9999999999999998
bg_7_so4_a2_SRF,719,1.0,1.0,0.0,0.0,0.9999999999999998
bg_7_so4_a2_SRF,720,1.0,1.0,0.0,0.0,1.0
bg_7_so4_a2_SRF,721,1.0,1.0,0.0,0.0,1.0000000000000002
bg_7_so4_a2_SRF,722,1.0,1.0,0.0,0.0,1.0
bg_7_so4_a2_SRF,723,1.0,1.0,0.0,0.0,1.0000000000000002
bg_7_so4_a2_SRF,724,1.0,1.0,0.0,0.0,1.0000000000000002
bg_7_so4_a2_SRF,725,1.0,1.0,0.0,0.0,1.0
bg_7_so4_a2_SRF,726,1.0,1.0,0.0,0.0,1.0
bg_7_so4_a2_SRF,727,1.0,1.0,0.0,0.0,1.0
bg_7_so4_a2_SRF,728,1.0,1.0,0.0,0.0,0.9999999999999999
bg_7_so4_a2_SRF,729,1.0,1.0,0.0,0.0,1.0000000000000002
zfp_p_8_so4_a2_SRF,0,0.956257573,0.557458511,99.81734664,1917.61191,0.998636359
zfp_p_8_so4_a2_SRF,1,0.952013447,0.743259425,99.77394387,28.53223536,0.998624445
zfp_p_8_so4_a2_SRF,2,0.938542719,0.74815807,99.78298611,64.33823276,0.998429448
zfp_p_8_so4_a2_SRF,3,0.943963202,0.809602528,99.83543113,10.29647815,0.998552419
zfp_p_8_so4_a2_SRF,4,0.956364864,0.762729998,99.78479456,14.946974,0.998533818
zfp_p_8_so4_a2_SRF,5,0.94420519,0.504169053,99.79202836,21.36779853,0.998456974
zfp_p_8_so4_a2_SRF,6,0.945698206,0.786532972,99.78660301,103.8132559,0.998570311
zfp_p_8_so4_a2_SRF,7,0.947274257,0.912093768,99.78298611,87.24286532,0.998769135
zfp_p_8_so4_a2_SRF,8,0.946929362,0.577294138,99.76671007,187.9079658,0.998704646
zfp_p_8_so4_a2_SRF,9,0.941970728,0.786532972,99.77756076,34.17710259,0.998675126
zfp_p_8_so4_a2_SRF,10,0.951529065,0.632651022,99.78479456,38.54833934,0.998669526
zfp_p_8_so4_a2_SRF,11,0.956976955,0.92152034,99.80649595,116.751942,0.99878323
zfp_p_8_so4_a2_SRF,12,0.934139175,0.9088268,99.78841146,163.2512647,0.998497153
zfp_p_8_so4_a2_SRF,13,0.929362571,0.762729998,99.82638889,10.46583412,0.998657091
zfp_p_8_so4_a2_SRF,14,0.931205972,0.795857206,99.73234954,12.52853589,0.998315396
zfp_p_8_so4_a2_SRF,15,0.93300873,0.869025179,99.78117766,273.9889437,0.998529978
zfp_p_8_so4_a2_SRF,16,0.949581437,0.713513177,99.79021991,13.02065624,0.998698138
zfp_p_8_so4_a2_SRF,17,0.955089216,0.912093768,99.80649595,29.835436,0.998683382
zfp_p_8_so4_a2_SRF,18,0.935402243,0.872920085,99.8083044,14.69644558,0.998478358
zfp_p_8_so4_a2_SRF,19,0.940408517,0.902109797,99.8046875,30.6404047,0.998554735
zfp_p_8_so4_a2_SRF,20,0.938266454,0.728455518,99.81011285,27.56666516,0.998619119
zfp_p_8_so4_a2_SRF,21,0.946796227,0.74815807,99.79926215,12.54919548,0.998706434
zfp_p_8_so4_a2_SRF,22,0.9496598,0.728455518,99.77213542,17.13623691,0.998613532
zfp_p_8_so4_a2_SRF,23,0.929255746,0.772329627,99.77575231,14.11604377,0.998519061
zfp_p_8_so4_a2_SRF,24,0.931237262,0.757894516,99.81915509,17.51485731,0.998595473
zfp_p_8_so4_a2_SRF,25,0.947986603,0.902109797,99.78660301,26.07477426,0.998760225
zfp_p_8_so4_a2_SRF,26,0.946618497,0.869025179,99.82638889,7.155488798,0.998698388
zfp_p_8_so4_a2_SRF,27,0.95808111,0.772329627,99.76851852,5.685621573,0.998581841
zfp_p_8_so4_a2_SRF,28,0.943679633,0.818591347,99.79021991,8.979617638,0.998607987
zfp_p_8_so4_a2_SRF,29,0.941363653,0.693425499,99.76128472,30.30366314,0.998480682
zfp_p_8_so4_a2_SRF,30,0.945032832,0.781826258,99.77394387,12.32605411,0.998755253
zfp_p_8_so4_a2_SRF,31,0.954610221,0.814115212,99.81372975,25.66702137,0.998551589
zfp_p_8_so4_a2_SRF,32,0.945670712,0.668145018,99.76490162,13.71498145,0.998594134
zfp_p_8_so4_a2_SRF,33,0.943522942,0.762729998,99.7974537,9.729109357,0.998610075
zfp_p_8_so4_a2_SRF,34,0.932970959,0.738342029,99.77575231,8.425115157,0.998619222
zfp_p_8_so4_a2_SRF,35,0.938258908,0.743259425,99.76128472,38.48336316,0.998563156
zfp_p_8_so4_a2_SRF,36,0.954254887,0.8529422,99.78479456,24.24296519,0.998711293
zfp_p_8_so4_a2_SRF,37,0.948119888,0.8529422,99.78298611,11.79697586,0.998506744
zfp_p_8_so4_a2_SRF,38,0.930549594,0.713513177,99.80287905,51.26736746,0.998564808
zfp_p_8_so4_a2_SRF,39,0.947682105,0.86507887,99.78298611,109.3272642,0.998467528
zfp_p_8_so4_a2_SRF,40,0.942818329,0.592293388,99.78479456,12.1736336,0.998494272
zfp_p_8_so4_a2_SRF,41,0.947682206,0.777091412,99.8119213,32.52127349,0.998677335
zfp_p_8_so4_a2_SRF,42,0.95598354,0.647860602,99.77575231,95.73288971,0.998338273
zfp_p_8_so4_a2_SRF,43,0.959330984,0.753036819,99.75947627,325.9421875,0.998543439
zfp_p_8_so4_a2_SRF,44,0.951524456,0.552533016,99.77394387,276.5644512,0.998630874
zfp_p_8_so4_a2_SRF,45,0.956162676,0.795857206,99.8046875,87.48269592,0.998519157
zfp_p_8_so4_a2_SRF,46,0.958524181,0.840382058,99.79926215,50.95674646,0.998515744
zfp_p_8_so4_a2_SRF,47,0.953253693,0.83178851,99.76851852,25.40217768,0.998680783
zfp_p_8_so4_a2_SRF,48,0.96035896,0.688381218,99.78660301,44.93028868,0.998579587
zfp_p_8_so4_a2_SRF,49,0.959001691,0.547622088,99.7974537,14.65604068,0.998664339
zfp_p_8_so4_a2_SRF,50,0.958452482,0.698461869,99.78117766,7.831039124,0.998686628
zfp_p_8_so4_a2_SRF,51,0.962974959,0.757894516,99.81734664,14.38180936,0.998774009
zfp_p_8_so4_a2_SRF,52,0.962616017,0.905498566,99.8046875,9.296055256,0.998801253
zfp_p_8_so4_a2_SRF,53,0.959592689,0.827429187,99.75224248,27.51971943,0.998680859
zfp_p_8_so4_a2_SRF,54,0.956014973,0.83178851,99.83723958,127.1512393,0.998597804
zfp_p_8_so4_a2_SRF,55,0.940131775,0.74815807,99.81011285,27.80379498,0.998478753
zfp_p_8_so4_a2_SRF,56,0.947935337,0.884286152,99.75043403,14.08360217,0.99838375
zfp_p_8_so4_a2_SRF,57,0.952249035,0.513699804,99.78298611,46.73866294,0.998525002
zfp_p_8_so4_a2_SRF,58,0.952917433,0.8529422,99.8119213,70.3017477,0.998604193
zfp_p_8_so4_a2_SRF,59,0.95361869,0.7185075,99.82096354,19.39712625,0.99855147
zfp_p_8_so4_a2_SRF,60,0.955489872,0.8529422,99.79202836,14.97593691,0.998466996
zfp_p_8_so4_a2_SRF,61,0.958928507,0.800472321,99.8083044,21.91586885,0.99856822
zfp_p_8_so4_a2_SRF,62,0.959256857,0.814115212,99.82277199,53.23005764,0.998607571
zfp_p_8_so4_a2_SRF,63,0.927968386,0.673210963,99.77213542,25.21695337,0.998597982
zfp_p_8_so4_a2_SRF,64,0.953574581,0.642788914,99.80649595,8.806373937,0.998580147
zfp_p_8_so4_a2_SRF,65,0.945937317,0.743259425,99.78298611,21.5720484,0.998481204
zfp_p_8_so4_a2_SRF,66,0.952895601,0.887965331,99.7974537,34.24908952,0.998678044
zfp_p_8_so4_a2_SRF,67,0.954415012,0.612420689,99.73777488,147.4770516,0.998663298
zfp_p_8_so4_a2_SRF,68,0.947813582,0.823029737,99.76490162,14.03885467,0.998676328
zfp_p_8_so4_a2_SRF,69,0.945068095,0.743259425,99.79021991,82.13439025,0.998641762
zfp_p_8_so4_a2_SRF,70,0.956619707,0.791210355,99.83543113,45.24484779,0.998594254
zfp_p_8_so4_a2_SRF,71,0.953399567,0.757894516,99.79926215,14.16040505,0.998485247
zfp_p_8_so4_a2_SRF,72,0.933579071,0.861082217,99.81734664,21.29116853,0.998629984
zfp_p_8_so4_a2_SRF,73,0.945873482,0.844613948,99.81553819,116.4282963,0.998731891
zfp_p_8_so4_a2_SRF,74,0.94652157,0.957763548,99.81915509,40.61878246,0.998612491
zfp_p_8_so4_a2_SRF,75,0.943768443,0.777091412,99.78841146,52.95773011,0.998781106
zfp_p_8_so4_a2_SRF,76,0.933317459,0.857036296,99.77575231,17.99658466,0.998700613
zfp_p_8_so4_a2_SRF,77,0.929781457,0.827429187,99.80649595,14.31633583,0.998578091
zfp_p_8_so4_a2_SRF,78,0.933410633,0.915298775,99.7974537,8.703450881,0.998790507
zfp_p_8_so4_a2_SRF,79,0.941110929,0.743259425,99.76309317,10.1457131,0.998669712
zfp_p_8_so4_a2_SRF,80,0.947816724,0.823029737,99.79021991,14.14731453,0.998488098
zfp_p_8_so4_a2_SRF,81,0.952051295,0.861082217,99.76671007,42.34065498,0.998564097
zfp_p_8_so4_a2_SRF,82,0.953507803,0.814115212,99.80287905,10.31725452,0.998748906
zfp_p_8_so4_a2_SRF,83,0.943291912,0.668145018,99.79202836,36.08238689,0.998822956
zfp_p_8_so4_a2_SRF,84,0.951715951,0.876762554,99.81734664,78.05380777,0.998720588
zfp_p_8_so4_a2_SRF,85,0.951506701,0.786532972,99.78479456,28.58311707,0.998688252
zfp_p_8_so4_a2_SRF,86,0.953159882,0.869025179,99.8083044,8.741065137,0.998639445
zfp_p_8_so4_a2_SRF,87,0.951929449,0.95109151,99.82096354,37.19301542,0.99873659
zfp_p_8_so4_a2_SRF,88,0.947953972,0.895153777,99.81553819,19.43060061,0.998735365
zfp_p_8_so4_a2_SRF,89,0.920915188,0.848801042,99.76671007,153.4090663,0.99859063
zfp_p_8_so4_a2_SRF,90,0.932770256,0.733407018,99.81734664,38.34086269,0.998421686
zfp_p_8_so4_a2_SRF,91,0.947179797,0.8529422,99.8046875,25.55609287,0.998551035
zfp_p_8_so4_a2_SRF,92,0.941986002,0.743259425,99.7974537,29.7484618,0.998548607
zfp_p_8_so4_a2_SRF,93,0.94396603,0.673210963,99.8083044,23.98698273,0.998472251
zfp_p_8_so4_a2_SRF,94,0.9442163,0.872920085,99.78117766,18.9291955,0.998667571
zfp_p_8_so4_a2_SRF,95,0.930995025,0.887965331,99.79564525,23.62260705,0.998587834
zfp_p_8_so4_a2_SRF,96,0.921024607,0.800472321,99.76851852,14.94037713,0.998601604
zfp_p_8_so4_a2_SRF,97,0.921193458,0.823029737,99.77756076,16.45519889,0.998611634
zfp_p_8_so4_a2_SRF,98,0.918303996,0.504169053,99.82277199,71.88228806,0.998768923
zfp_p_8_so4_a2_SRF,99,0.923037797,0.698461869,99.80649595,85.73576791,0.998690335
zfp_p_8_so4_a2_SRF,100,0.929563113,0.895153777,99.82277199,334.1560854,0.998580165
zfp_p_8_so4_a2_SRF,101,0.941765223,0.971029624,99.82458044,19.18998652,0.998766377
zfp_p_8_so4_a2_SRF,102,0.925716051,0.915298775,99.77936921,20.02441272,0.998712666
zfp_p_8_so4_a2_SRF,103,0.916784275,0.786532972,99.77575231,28.08539696,0.998902067
zfp_p_8_so4_a2_SRF,104,0.946027972,0.818591347,99.81372975,25.3362996,0.998625077
zfp_p_8_so4_a2_SRF,105,0.932557529,0.861082217,99.83000579,17.08601799,0.998747153
zfp_p_8_so4_a2_SRF,106,0.931743839,0.494716872,99.78298611,18.67386305,0.998721865
zfp_p_8_so4_a2_SRF,107,0.925371674,0.857036296,99.77394387,98.56429328,0.998735934
zfp_p_8_so4_a2_SRF,108,0.942406665,0.592293388,99.78298611,33.58649461,0.998723027
zfp_p_8_so4_a2_SRF,109,0.928367283,0.898661265,99.80649595,189.8298248,0.998774046
zfp_p_8_so4_a2_SRF,110,0.924396858,0.728455518,99.81915509,21.40957898,0.99856566
zfp_p_8_so4_a2_SRF,111,0.933597877,0.898661265,99.79021991,46.69330534,0.998736976
zfp_p_8_so4_a2_SRF,112,0.93623505,0.612420689,99.79564525,19.26764853,0.998866095
zfp_p_8_so4_a2_SRF,113,0.930049419,0.757894516,99.78660301,12.52245263,0.99864302
zfp_p_8_so4_a2_SRF,114,0.936697689,0.895153777,99.83181424,8.727010765,0.998394044
zfp_p_8_so4_a2_SRF,115,0.91744553,0.791210355,99.81011285,9.458750562,0.998900191
zfp_p_8_so4_a2_SRF,116,0.948749599,0.905498566,99.79383681,16.30772938,0.998656873
zfp_p_8_so4_a2_SRF,117,0.93839325,0.632651022,99.71788194,67.79950335,0.998642148
zfp_p_8_so4_a2_SRF,118,0.942565237,0.617470552,99.8010706,37.15503634,0.998549859
zfp_p_8_so4_a2_SRF,119,0.931123872,0.823029737,99.81011285,12.98972779,0.998495277
zfp_p_8_so4_a2_SRF,120,0.939400946,0.678272959,99.8010706,16.32957792,0.998615075
zfp_p_8_so4_a2_SRF,121,0.929932714,0.809602528,99.78479456,139.2030411,0.99850864
zfp_p_8_so4_a2_SRF,122,0.923632514,0.668145018,99.8010706,30.63488833,0.998521935
zfp_p_8_so4_a2_SRF,123,0.930758473,0.895153777,99.81915509,11.61910027,0.99863612
zfp_p_8_so4_a2_SRF,124,0.921670351,0.800472321,99.82096354,17.29999943,0.998400715
zfp_p_8_so4_a2_SRF,125,0.919139057,0.8529422,99.78479456,20.82234749,0.99853165
zfp_p_8_so4_a2_SRF,126,0.937287465,0.786532972,99.79383681,16.79299522,0.998845678
zfp_p_8_so4_a2_SRF,127,0.935946865,0.915298775,99.80287905,10.12057752,0.998663496
zfp_p_8_so4_a2_SRF,128,0.932063886,0.786532972,99.83543113,48.84656898,0.99858528
zfp_p_8_so4_a2_SRF,129,0.933363201,0.617470552,99.76490162,9.861114416,0.998463161
zfp_p_8_so4_a2_SRF,130,0.938571388,0.786532972,99.77394387,42.30671013,0.998686721
zfp_p_8_so4_a2_SRF,131,0.931448138,0.809602528,99.82458044,30.65288351,0.998599803
zfp_p_8_so4_a2_SRF,132,0.930186597,0.713513177,99.83000579,128.8671284,0.998588316
zfp_p_8_so4_a2_SRF,133,0.926044664,0.405160417,99.82638889,59.40513952,0.998396996
zfp_p_8_so4_a2_SRF,134,0.931233054,0.869025179,99.79383681,66.76171338,0.998641639
zfp_p_8_so4_a2_SRF,135,0.931264827,0.918441169,99.81011285,20.99251056,0.998906937
zfp_p_8_so4_a2_SRF,136,0.930370032,0.781826258,99.77575231,41.82045859,0.998609741
zfp_p_8_so4_a2_SRF,137,0.930416839,0.567350827,99.81011285,17.38544013,0.998492711
zfp_p_8_so4_a2_SRF,138,0.933269291,0.668145018,99.79564525,126.693578,0.998401654
zfp_p_8_so4_a2_SRF,139,0.927104958,0.703489301,99.78841146,63.75540114,0.998764288
zfp_p_8_so4_a2_SRF,140,0.932382469,0.587283295,99.8010706,19.04913528,0.998736654
zfp_p_8_so4_a2_SRF,141,0.937755207,0.895153777,99.8119213,124.5279926,0.998778627
zfp_p_8_so4_a2_SRF,142,0.936176108,0.844613948,99.75766782,122.8709686,0.998676858
zfp_p_8_so4_a2_SRF,143,0.935480573,0.814115212,99.77936921,234.8844812,0.998698875
zfp_p_8_so4_a2_SRF,144,0.922041559,0.861082217,99.82819734,50.77205204,0.998641201
zfp_p_8_so4_a2_SRF,145,0.92902283,0.723488644,99.77936921,67.74722149,0.99855273
zfp_p_8_so4_a2_SRF,146,0.941939726,0.861082217,99.77213542,54.48489453,0.998595954
zfp_p_8_so4_a2_SRF,147,0.926235947,0.902109797,99.83362269,310.1715964,0.998625698
zfp_p_8_so4_a2_SRF,148,0.930013909,0.848801042,99.8010706,30.50682977,0.998162969
zfp_p_8_so4_a2_SRF,149,0.933938416,0.708506755,99.80287905,12.13339319,0.998047385
zfp_p_8_so4_a2_SRF,150,0.920927228,0.918441169,99.78479456,70.34291273,0.998454634
zfp_p_8_so4_a2_SRF,151,0.937662383,0.933194182,99.83000579,20.00890591,0.998792531
zfp_p_8_so4_a2_SRF,152,0.930555788,0.935949698,99.80287905,236.7680482,0.998639471
zfp_p_8_so4_a2_SRF,153,0.92355681,0.818591347,99.82096354,25.5909571,0.998694369
zfp_p_8_so4_a2_SRF,154,0.931242098,0.895153777,99.8010706,724.8030462,0.998541511
zfp_p_8_so4_a2_SRF,155,0.93546358,0.786532972,99.79383681,1769.786466,0.998812554
zfp_p_8_so4_a2_SRF,156,0.922904157,0.74815807,99.79564525,409.1929894,0.998265412
zfp_p_8_so4_a2_SRF,157,0.933776848,0.753036819,99.8046875,819.2687521,0.998636529
zfp_p_8_so4_a2_SRF,158,0.942391854,0.504169053,99.8010706,288.2159533,0.998618189
zfp_p_8_so4_a2_SRF,159,0.941344336,0.757894516,99.84447338,474.7114693,0.998638439
zfp_p_8_so4_a2_SRF,160,0.9409519,0.961880053,99.75585938,61.28028117,0.998740551
zfp_p_8_so4_a2_SRF,161,0.932370821,0.880551572,99.77394387,230.3492911,0.998784391
zfp_p_8_so4_a2_SRF,162,0.931481815,0.818591347,99.81011285,883.5489426,0.998591737
zfp_p_8_so4_a2_SRF,163,0.930855579,0.814115212,99.77936921,52.83117908,0.998704822
zfp_p_8_so4_a2_SRF,164,0.933532923,0.38025578,99.80649595,121.2520239,0.998500199
zfp_p_8_so4_a2_SRF,165,0.938456332,0.617470552,99.78298611,46.04511569,0.998584106
zfp_p_8_so4_a2_SRF,166,0.928649196,0.542726302,99.8083044,278.1385487,0.998487727
zfp_p_8_so4_a2_SRF,167,0.939281383,0.777091412,99.82096354,114.0642271,0.998648127
zfp_p_8_so4_a2_SRF,168,0.939373352,0.781826258,99.82819734,46.71791593,0.998681952
zfp_p_8_so4_a2_SRF,169,0.937245246,0.795857206,99.83904803,400.3545058,0.998596104
zfp_p_8_so4_a2_SRF,170,0.931452433,0.757894516,99.8046875,185.7887579,0.998587436
zfp_p_8_so4_a2_SRF,171,0.937696601,0.723488644,99.77575231,1167.097631,0.998580166
zfp_p_8_so4_a2_SRF,172,0.93193801,0.809602528,99.83543113,38.27708699,0.998661226
zfp_p_8_so4_a2_SRF,173,0.937977649,0.602341107,99.75224248,68.86497483,0.998601921
zfp_p_8_so4_a2_SRF,174,0.930192556,0.7185075,99.82458044,14.06554824,0.998357813
zfp_p_8_so4_a2_SRF,175,0.924478221,0.642788914,99.80649595,611.9963386,0.998820427
zfp_p_8_so4_a2_SRF,176,0.931411559,0.612420689,99.8119213,50.01909793,0.998424803
zfp_p_8_so4_a2_SRF,177,0.928262847,0.52330552,99.81372975,68.10840383,0.998712274
zfp_p_8_so4_a2_SRF,178,0.934927148,0.480693267,99.75766782,565.2916786,0.998570981
zfp_p_8_so4_a2_SRF,179,0.930904042,0.809602528,99.8046875,93.44491045,0.998652683
zfp_p_8_so4_a2_SRF,180,0.925455007,0.809602528,99.82277199,236.4809012,0.998700796
zfp_p_8_so4_a2_SRF,181,0.940915586,0.777091412,99.85713252,96.20787673,0.998729245
zfp_p_8_so4_a2_SRF,182,0.935918804,0.795857206,99.83181424,287.6577934,0.9987082
zfp_p_8_so4_a2_SRF,183,0.939531747,0.83178851,99.80287905,94.75755112,0.998733736
zfp_p_8_so4_a2_SRF,184,0.914220688,0.562397982,99.82277199,511.880939,0.998678951
zfp_p_8_so4_a2_SRF,185,0.935583083,0.844613948,99.79383681,60.63361539,0.998681543
zfp_p_8_so4_a2_SRF,186,0.905498748,0.693425499,99.79926215,374.0815171,0.998857077
zfp_p_8_so4_a2_SRF,187,0.905967357,0.95109151,99.75766782,97.52258798,0.998763388
zfp_p_8_so4_a2_SRF,188,0.924121455,0.809602528,99.77756076,173.694884,0.998884846
zfp_p_8_so4_a2_SRF,189,0.928687099,0.663076079,99.83723958,133.4389842,0.99870244
zfp_p_8_so4_a2_SRF,190,0.930976263,0.791210355,99.81915509,63.99023194,0.99877114
zfp_p_8_so4_a2_SRF,191,0.92258429,0.627586521,99.78298611,404.9101767,0.998772836
zfp_p_8_so4_a2_SRF,192,0.940079531,0.74815807,99.84809028,700.8683188,0.998638921
zfp_p_8_so4_a2_SRF,193,0.934698967,0.668145018,99.77756076,645.8786805,0.998488335
zfp_p_8_so4_a2_SRF,194,0.935510178,0.927486797,99.81734664,83.28801812,0.998144127
zfp_p_8_so4_a2_SRF,195,0.938856181,0.83178851,99.8083044,53.54146861,0.99851788
zfp_p_8_so4_a2_SRF,196,0.929499212,0.957763548,99.79021991,46.68839272,0.998260487
zfp_p_8_so4_a2_SRF,197,0.925728258,0.987706977,99.77756076,58.60478824,0.998570891
zfp_p_8_so4_a2_SRF,198,0.933863093,0.83178851,99.81011285,998.2604569,0.998667731
zfp_p_8_so4_a2_SRF,199,0.918845469,0.86507887,99.8046875,194.9803617,0.999002912
zfp_p_8_so4_a2_SRF,200,0.929695889,0.738342029,99.78660301,239.6309867,0.998865962
zfp_p_8_so4_a2_SRF,201,0.933356408,0.617470552,99.77756076,36.13193799,0.998519659
zfp_p_8_so4_a2_SRF,202,0.9424534,0.537846215,99.8046875,34.83846323,0.998714249
zfp_p_8_so4_a2_SRF,203,0.926697781,0.652932956,99.80287905,14.73808498,0.998467527
zfp_p_8_so4_a2_SRF,204,0.937353309,0.791210355,99.78117766,33.77461855,0.99858395
zfp_p_8_so4_a2_SRF,205,0.941987686,0.818591347,99.8083044,10.69704215,0.998658047
zfp_p_8_so4_a2_SRF,206,0.933236316,0.957763548,99.79383681,18.92928528,0.998722963
zfp_p_8_so4_a2_SRF,207,0.930642537,0.978603241,99.8083044,10.64447709,0.99853351
zfp_p_8_so4_a2_SRF,208,0.913160028,0.805054497,99.83362269,12.87645467,0.998836525
zfp_p_8_so4_a2_SRF,209,0.937339855,0.557458511,99.77756076,27.89243622,0.99892528
zfp_p_8_so4_a2_SRF,210,0.939790989,0.7185075,99.82277199,31.87641517,0.998641938
zfp_p_8_so4_a2_SRF,211,0.93526485,0.74815807,99.81915509,77.65575445,0.998704814
zfp_p_8_so4_a2_SRF,212,0.937519158,0.895153777,99.77394387,74.75846859,0.998602527
zfp_p_8_so4_a2_SRF,213,0.915333803,0.547622088,99.79021991,2968.392083,0.998476169
zfp_p_8_so4_a2_SRF,214,0.923150094,0.431009831,99.81734664,251.0568249,0.998513252
zfp_p_8_so4_a2_SRF,215,0.930701898,0.767542095,99.81372975,67.36720843,0.998492836
zfp_p_8_so4_a2_SRF,216,0.9036721,0.315071155,99.76490162,60.47855366,0.998062861
zfp_p_8_so4_a2_SRF,217,0.903358325,0.83178851,99.77756076,64.69529625,0.998502204
zfp_p_8_so4_a2_SRF,218,0.919132986,0.7185075,99.82458044,12.69646219,0.998762293
zfp_p_8_so4_a2_SRF,219,0.911159466,0.86507887,99.8046875,45.44147433,0.998609689
zfp_p_8_so4_a2_SRF,220,0.908425076,0.92152034,99.80649595,45.80437269,0.998568835
zfp_p_8_so4_a2_SRF,221,0.923704852,0.767542095,99.8010706,13.61627996,0.998765837
zfp_p_8_so4_a2_SRF,222,0.927258154,0.528135302,99.78117766,19.00766502,0.998720176
zfp_p_8_so4_a2_SRF,223,0.923044148,0.698461869,99.8083044,77.37075094,0.998645997
zfp_p_8_so4_a2_SRF,224,0.934152226,0.617470552,99.85170718,227.6712738,0.998395631
zfp_p_8_so4_a2_SRF,225,0.911406652,0.683330039,99.8119213,31.19284516,0.998305518
zfp_p_8_so4_a2_SRF,226,0.922206569,0.607377286,99.79383681,49.56103497,0.99859254
zfp_p_8_so4_a2_SRF,227,0.929825136,0.891588175,99.81553819,71.29989946,0.998743993
zfp_p_8_so4_a2_SRF,228,0.932386024,0.703489301,99.79202836,18.62402259,0.998414816
zfp_p_8_so4_a2_SRF,229,0.92086979,0.552533016,99.79564525,25.50389701,0.998521538
zfp_p_8_so4_a2_SRF,230,0.935108639,0.743259425,99.7974537,13.72238578,0.998442428
zfp_p_8_so4_a2_SRF,231,0.915639132,0.938639316,99.80287905,8.078883682,0.998558996
zfp_p_8_so4_a2_SRF,232,0.924859593,0.632651022,99.79383681,43.57001811,0.998609972
zfp_p_8_so4_a2_SRF,233,0.916557326,0.753036819,99.77756076,101.4908286,0.998705556
zfp_p_8_so4_a2_SRF,234,0.917254515,0.809602528,99.80287905,51.77394767,0.998862747
zfp_p_8_so4_a2_SRF,235,0.932393082,0.844613948,99.79564525,42.39864413,0.998239534
zfp_p_8_so4_a2_SRF,236,0.931207794,0.823029737,99.80649595,51.37882629,0.998838977
zfp_p_8_so4_a2_SRF,237,0.924222978,0.9088268,99.79383681,14.7826315,0.998788916
zfp_p_8_so4_a2_SRF,238,0.939941739,0.887965331,99.77032697,9.089561191,0.998800765
zfp_p_8_so4_a2_SRF,239,0.937762184,0.673210963,99.79383681,22.9186112,0.998718587
zfp_p_8_so4_a2_SRF,240,0.937448097,0.905498566,99.81011285,59.77382943,0.998588835
zfp_p_8_so4_a2_SRF,241,0.923084298,0.762729998,99.83181424,78.83659225,0.998337777
zfp_p_8_so4_a2_SRF,242,0.921758784,0.733407018,99.82096354,28.30660622,0.998621378
zfp_p_8_so4_a2_SRF,243,0.933030383,0.767542095,99.78841146,14.44582065,0.998593848
zfp_p_8_so4_a2_SRF,244,0.931730445,0.905498566,99.77936921,15.51613822,0.99850619
zfp_p_8_so4_a2_SRF,245,0.921205392,0.572316424,99.82277199,41.93600989,0.998450085
zfp_p_8_so4_a2_SRF,246,0.92909008,0.652932956,99.82096354,17.94963172,0.998745063
zfp_p_8_so4_a2_SRF,247,0.915733771,0.426637759,99.8046875,24.7011366,0.998613616
zfp_p_8_so4_a2_SRF,248,0.91149954,0.708506755,99.80649595,13.57524225,0.998490531
zfp_p_8_so4_a2_SRF,249,0.921145394,0.622526094,99.79926215,46.97900209,0.998478391
zfp_p_8_so4_a2_SRF,250,0.905869483,0.95109151,99.82638889,12.89322001,0.998641621
zfp_p_8_so4_a2_SRF,251,0.938510783,0.698461869,99.76309317,63.36325979,0.998738189
zfp_p_8_so4_a2_SRF,252,0.927364841,0.688381218,99.8083044,67.35446956,0.998508962
zfp_p_8_so4_a2_SRF,253,0.926497995,0.518493525,99.79383681,12.87103357,0.998679878
zfp_p_8_so4_a2_SRF,254,0.905877982,0.607377286,99.76671007,36.74697075,0.998059886
zfp_p_8_so4_a2_SRF,255,0.919369218,0.693425499,99.79021991,9.59002505,0.998390009
zfp_p_8_so4_a2_SRF,256,0.924995952,0.617470552,99.78841146,16.44268299,0.998601969
zfp_p_8_so4_a2_SRF,257,0.930834279,0.777091412,99.80287905,56.98048166,0.998725857
zfp_p_8_so4_a2_SRF,258,0.933785276,0.814115212,99.79202836,12.51621625,0.998213543
zfp_p_8_so4_a2_SRF,259,0.929229192,0.663076079,99.78298611,22.59594238,0.998350664
zfp_p_8_so4_a2_SRF,260,0.92717744,0.499432925,99.80649595,18.66896531,0.998623601
zfp_p_8_so4_a2_SRF,261,0.933365991,0.592293388,99.79202836,14.23165417,0.99866876
zfp_p_8_so4_a2_SRF,262,0.909924801,0.738342029,99.82277199,20.26659651,0.998692993
zfp_p_8_so4_a2_SRF,263,0.92412248,0.753036819,99.80287905,59.91960363,0.998574605
zfp_p_8_so4_a2_SRF,264,0.915908376,0.840382058,99.82638889,22.32994109,0.99842333
zfp_p_8_so4_a2_SRF,265,0.929213208,0.757894516,99.8119213,35.50423554,0.99872537
zfp_p_8_so4_a2_SRF,266,0.917207118,0.422290931,99.8046875,26.58843622,0.998484323
zfp_p_8_so4_a2_SRF,267,0.925467322,0.322319148,99.80287905,15.6308626,0.998518746
zfp_p_8_so4_a2_SRF,268,0.920488311,0.444275094,99.78298611,18.94312707,0.998059362
zfp_p_8_so4_a2_SRF,269,0.925419264,0.738342029,99.86074942,30.44257088,0.998660577
zfp_p_8_so4_a2_SRF,270,0.92629338,0.577294138,99.80287905,15.0654718,0.998695347
zfp_p_8_so4_a2_SRF,271,0.919919912,0.632651022,99.79564525,71.40835976,0.998658961
zfp_p_8_so4_a2_SRF,272,0.92431982,0.673210963,99.82819734,15.82938939,0.9983745
zfp_p_8_so4_a2_SRF,273,0.926174494,0.74815807,99.83181424,9.167103892,0.998493878
zfp_p_8_so4_a2_SRF,274,0.936863322,0.814115212,99.8010706,146.7871667,0.998756411
zfp_p_8_so4_a2_SRF,275,0.926564299,0.74815807,99.79202836,56.30581422,0.998792115
zfp_p_8_so4_a2_SRF,276,0.925384886,0.723488644,99.8046875,28.52490548,0.998772468
zfp_p_8_so4_a2_SRF,277,0.934368459,0.757894516,99.77936921,23.26725727,0.998699805
zfp_p_8_so4_a2_SRF,278,0.933176693,0.572316424,99.8010706,78.05888312,0.998792131
zfp_p_8_so4_a2_SRF,279,0.933586676,0.74815807,99.81372975,10.56873394,0.998746889
zfp_p_8_so4_a2_SRF,280,0.919472436,0.795857206,99.77575231,78.42208514,0.998559339
zfp_p_8_so4_a2_SRF,281,0.935100756,0.800472321,99.8046875,65.49091961,0.998487154
zfp_p_8_so4_a2_SRF,282,0.937606314,0.612420689,99.80287905,32.70017599,0.998672136
zfp_p_8_so4_a2_SRF,283,0.929229426,0.490021312,99.77032697,33.24311056,0.998643838
zfp_p_8_so4_a2_SRF,284,0.935575726,0.542726302,99.82819734,30.45290947,0.998758932
zfp_p_8_so4_a2_SRF,285,0.932489018,0.562397982,99.82096354,30.78572694,0.998667239
zfp_p_8_so4_a2_SRF,286,0.934596921,0.422290931,99.78841146,19.99996231,0.998754964
zfp_p_8_so4_a2_SRF,287,0.931817467,0.781826258,99.8010706,33.00712943,0.998629331
zfp_p_8_so4_a2_SRF,288,0.91258976,0.723488644,99.78479456,85.06427374,0.998669757
zfp_p_8_so4_a2_SRF,289,0.929298892,0.457758395,99.78479456,149.4963993,0.998725433
zfp_p_8_so4_a2_SRF,290,0.933862467,0.592293388,99.7974537,224.9554418,0.998605812
zfp_p_8_so4_a2_SRF,291,0.909753032,0.431009831,99.81734664,41.91397178,0.998652045
zfp_p_8_so4_a2_SRF,292,0.936832347,0.946310385,99.81915509,200.9217221,0.998640334
zfp_p_8_so4_a2_SRF,293,0.934283561,0.708506755,99.83000579,42.17578332,0.998718925
zfp_p_8_so4_a2_SRF,294,0.942121982,0.632651022,99.76490162,84.68779625,0.99870899
zfp_p_8_so4_a2_SRF,295,0.941858528,0.23106177,99.83000579,57.59160249,0.998711149
zfp_p_8_so4_a2_SRF,296,0.94259423,0.273955062,99.8046875,653.6093932,0.998704364
zfp_p_8_so4_a2_SRF,297,0.944593323,0.582283318,99.81011285,266.0821142,0.998657647
zfp_p_8_so4_a2_SRF,298,0.944043579,0.518493525,99.75224248,79.4518388,0.998581527
zfp_p_8_so4_a2_SRF,299,0.935697931,0.388450059,99.81372975,45.80016425,0.998742282
zfp_p_8_so4_a2_SRF,300,0.935237753,0.597312897,99.8010706,479.8460633,0.998647667
zfp_p_8_so4_a2_SRF,301,0.932397535,0.23106177,99.79564525,17.68031765,0.998410024
zfp_p_8_so4_a2_SRF,302,0.934544561,0.673210963,99.81553819,14.57370941,0.998644293
zfp_p_8_so4_a2_SRF,303,0.938567279,0.836106524,99.81011285,30.06599799,0.998640627
zfp_p_8_so4_a2_SRF,304,0.944170885,0.577294138,99.79021991,170.4905497,0.998660199
zfp_p_8_so4_a2_SRF,305,0.94121255,0.688381218,99.81553819,51.40079316,0.99844871
zfp_p_8_so4_a2_SRF,306,0.931832812,0.805054497,99.79564525,123.7122294,0.998294155
zfp_p_8_so4_a2_SRF,307,0.931080098,0.772329627,99.79383681,138.0566334,0.99858571
zfp_p_8_so4_a2_SRF,308,0.941872153,0.840382058,99.73054109,29.58438549,0.9986338
zfp_p_8_so4_a2_SRF,309,0.931422506,0.772329627,99.8010706,25.6775353,0.998614078
zfp_p_8_so4_a2_SRF,310,0.92810657,0.668145018,99.8119213,136.7385282,0.998567298
zfp_p_8_so4_a2_SRF,311,0.944883144,0.848801042,99.79383681,18.15886734,0.998630834
zfp_p_8_so4_a2_SRF,312,0.93695232,0.462299947,99.83000579,99.27756348,0.998343589
zfp_p_8_so4_a2_SRF,313,0.922312521,0.658005084,99.80287905,64.12551759,0.998414262
zfp_p_8_so4_a2_SRF,314,0.937441231,0.713513177,99.80287905,15.12981413,0.998181907
zfp_p_8_so4_a2_SRF,315,0.927770088,0.805054497,99.79202836,26.90214159,0.998454695
zfp_p_8_so4_a2_SRF,316,0.939183423,0.809602528,99.78841146,14.48444765,0.998515809
zfp_p_8_so4_a2_SRF,317,0.942054829,0.895153777,99.8119213,23.77885098,0.998753103
zfp_p_8_so4_a2_SRF,318,0.94032836,0.708506755,99.82819734,54.38959683,0.998451995
zfp_p_8_so4_a2_SRF,319,0.943912375,0.627586521,99.8083044,15.38532899,0.998561094
zfp_p_8_so4_a2_SRF,320,0.933229827,0.938639316,99.75224248,34.89945044,0.998538864
zfp_p_8_so4_a2_SRF,321,0.924388634,0.814115212,99.81553819,17.43975237,0.998149311
zfp_p_8_so4_a2_SRF,322,0.943042761,0.762729998,99.8046875,19.87063835,0.998617513
zfp_p_8_so4_a2_SRF,323,0.947244713,0.9088268,99.79383681,17.51656961,0.998573927
zfp_p_8_so4_a2_SRF,324,0.947378742,0.991736617,99.80287905,10.55580922,0.998549544
zfp_p_8_so4_a2_SRF,325,0.94537595,0.938639316,99.8010706,17.1305227,0.998579516
zfp_p_8_so4_a2_SRF,326,0.941581171,0.647860602,99.76671007,23.96582172,0.998844112
zfp_p_8_so4_a2_SRF,327,0.933655007,0.513699804,99.82096354,31.57991004,0.99856212
zfp_p_8_so4_a2_SRF,328,0.920362545,0.508924827,99.78479456,47.61661459,0.997764887
zfp_p_8_so4_a2_SRF,329,0.933942924,0.703489301,99.8010706,31.1264184,0.998392767
zfp_p_8_so4_a2_SRF,330,0.94836651,0.836106524,99.79564525,298.8670331,0.998575927
zfp_p_8_so4_a2_SRF,331,0.956065225,0.795857206,99.82819734,433.054979,0.998661154
zfp_p_8_so4_a2_SRF,332,0.929730686,0.728455518,99.76490162,33.68615339,0.99848566
zfp_p_8_so4_a2_SRF,333,0.948590077,0.738342029,99.78479456,5.798340512,0.998623714
zfp_p_8_so4_a2_SRF,334,0.952685644,0.688381218,99.82277199,10.27111263,0.998367222
zfp_p_8_so4_a2_SRF,335,0.950840069,0.728455518,99.78117766,7.112089645,0.998461954
zfp_p_8_so4_a2_SRF,336,0.939644124,0.592293388,99.79383681,5.414747035,0.998339368
zfp_p_8_so4_a2_SRF,337,0.952571812,0.836106524,99.75585938,5.037433125,0.99858762
zfp_p_8_so4_a2_SRF,338,0.956846835,0.92152034,99.81734664,17.90198221,0.998669491
zfp_p_8_so4_a2_SRF,339,0.938897028,0.848801042,99.78841146,41.21173135,0.998640926
zfp_p_8_so4_a2_SRF,340,0.941060233,0.762729998,99.79021991,21.47908722,0.998625739
zfp_p_8_so4_a2_SRF,341,0.947229154,0.733407018,99.74500868,29.62733502,0.998536912
zfp_p_8_so4_a2_SRF,342,0.954611162,0.673210963,99.8119213,31.93746554,0.998397023
zfp_p_8_so4_a2_SRF,343,0.958539398,0.683330039,99.79021991,103.9145744,0.998552627
zfp_p_8_so4_a2_SRF,344,0.95573397,0.622526094,99.8046875,18.00906043,0.998659025
zfp_p_8_so4_a2_SRF,345,0.933162552,0.713513177,99.79202836,73.85619804,0.998513238
zfp_p_8_so4_a2_SRF,346,0.931935493,0.869025179,99.8046875,18.64924175,0.998622487
zfp_p_8_so4_a2_SRF,347,0.956414094,0.762729998,99.77936921,34.70974967,0.998752315
zfp_p_8_so4_a2_SRF,348,0.962033211,0.943819845,99.81372975,34.84374336,0.998743192
zfp_p_8_so4_a2_SRF,349,0.96130651,0.982431307,99.79202836,66.96738966,0.998716707
zfp_p_8_so4_a2_SRF,350,0.934839347,0.984701462,99.77575231,30.36139332,0.998408164
zfp_p_8_so4_a2_SRF,351,0.92985033,0.642788914,99.8119213,30.0125157,0.998535176
zfp_p_8_so4_a2_SRF,352,0.955063501,0.542726302,99.7974537,305.3942219,0.998679434
zfp_p_8_so4_a2_SRF,353,0.941893678,0.823029737,99.7974537,41.13346049,0.998644962
zfp_p_8_so4_a2_SRF,354,0.952438861,0.582283318,99.81734664,63.53588706,0.998475585
zfp_p_8_so4_a2_SRF,355,0.954842008,0.597312897,99.77936921,88.20191733,0.998596315
zfp_p_8_so4_a2_SRF,356,0.960046527,0.617470552,99.8010706,39.35433951,0.998475406
zfp_p_8_so4_a2_SRF,357,0.942964957,0.844613948,99.82819734,42.12312205,0.99858284
zfp_p_8_so4_a2_SRF,358,0.922885282,0.499432925,99.8119213,34.91540417,0.998604154
zfp_p_8_so4_a2_SRF,359,0.924708783,0.658005084,99.79202836,15.86333576,0.998747353
zfp_p_8_so4_a2_SRF,360,0.951479073,0.547622088,99.8083044,82.71626036,0.998673804
zfp_p_8_so4_a2_SRF,361,0.956059767,0.352438202,99.78841146,65.43362293,0.99850156
zfp_p_8_so4_a2_SRF,362,0.950840048,0.7185075,99.77936921,49.5063154,0.998537314
zfp_p_8_so4_a2_SRF,363,0.951503053,0.708506755,99.81915509,35.544022,0.998616093
zfp_p_8_so4_a2_SRF,364,0.949035869,0.396752013,99.80649595,28.92170717,0.998744989
zfp_p_8_so4_a2_SRF,365,0.92787575,0.86507887,99.77213542,52.92328464,0.998679614
zfp_p_8_so4_a2_SRF,366,0.960677346,0.577294138,99.72692419,24.9664881,0.998720088
zfp_p_8_so4_a2_SRF,367,0.956792905,0.762729998,99.79021991,10.81966241,0.998740931
zfp_p_8_so4_a2_SRF,368,0.961640692,0.713513177,99.77936921,41.76226884,0.998765877
zfp_p_8_so4_a2_SRF,369,0.930110648,0.552533016,99.79202836,196.8039418,0.998708962
zfp_p_8_so4_a2_SRF,370,0.947151963,0.733407018,99.78841146,30.78630487,0.998663749
zfp_p_8_so4_a2_SRF,371,0.956608091,0.693425499,99.82277199,524.9353885,0.998623951
zfp_p_8_so4_a2_SRF,372,0.935887061,0.663076079,99.79564525,126.9745053,0.998499615
zfp_p_8_so4_a2_SRF,373,0.94052726,0.683330039,99.74681713,134.0979956,0.998584765
zfp_p_8_so4_a2_SRF,374,0.927513513,0.688381218,99.78660301,131.9488234,0.998396332
zfp_p_8_so4_a2_SRF,375,0.921352913,0.485346647,99.81553819,25.89584033,0.998168465
zfp_p_8_so4_a2_SRF,376,0.933247894,0.698461869,99.78841146,29.61917428,0.998599493
zfp_p_8_so4_a2_SRF,377,0.948171838,0.83178851,99.74862558,13.87048157,0.998630514
zfp_p_8_so4_a2_SRF,378,0.956479267,0.582283318,99.75043403,20.02293224,0.99846618
zfp_p_8_so4_a2_SRF,379,0.956057588,0.723488644,99.77936921,15.27098185,0.998406903
zfp_p_8_so4_a2_SRF,380,0.957398904,0.876762554,99.8083044,33.19172192,0.998722637
zfp_p_8_so4_a2_SRF,381,0.946789711,0.795857206,99.78479456,18.8275921,0.998692125
zfp_p_8_so4_a2_SRF,382,0.946988962,0.499432925,99.82096354,10.26259186,0.998744671
zfp_p_8_so4_a2_SRF,383,0.955561977,0.795857206,99.78841146,26.48167666,0.998648604
zfp_p_8_so4_a2_SRF,384,0.955442598,0.733407018,99.80649595,66.68820138,0.998500656
zfp_p_8_so4_a2_SRF,385,0.95572249,0.795857206,99.81372975,54.65405257,0.998568883
zfp_p_8_so4_a2_SRF,386,0.945400557,0.884286152,99.84447338,120.1448232,0.998586137
zfp_p_8_so4_a2_SRF,387,0.949640554,0.861082217,99.7974537,55.40286976,0.998457196
zfp_p_8_so4_a2_SRF,388,0.94079226,0.836106524,99.77032697,25.22376588,0.99860133
zfp_p_8_so4_a2_SRF,389,0.933020912,0.814115212,99.7974537,20.13569572,0.998495089
zfp_p_8_so4_a2_SRF,390,0.950235766,0.693425499,99.78660301,13.70676724,0.99870979
zfp_p_8_so4_a2_SRF,391,0.943006277,0.895153777,99.77936921,42.17936861,0.998663735
zfp_p_8_so4_a2_SRF,392,0.948629413,0.668145018,99.79202836,117.5935565,0.998523198
zfp_p_8_so4_a2_SRF,393,0.952645328,0.348575117,99.77394387,53.10975261,0.998540572
zfp_p_8_so4_a2_SRF,394,0.947885399,0.647860602,99.8083044,191.9746711,0.998406481
zfp_p_8_so4_a2_SRF,395,0.943865542,0.762729998,99.83904803,11.19621056,0.998368049
zfp_p_8_so4_a2_SRF,396,0.95366647,0.733407018,99.76851852,9.418088145,0.998581031
zfp_p_8_so4_a2_SRF,397,0.939784728,0.876762554,99.79021991,77.90058162,0.998486554
zfp_p_8_so4_a2_SRF,398,0.931918565,0.513699804,99.76851852,27.09931445,0.998613569
zfp_p_8_so4_a2_SRF,399,0.946499253,0.998360595,99.78479456,9.05619153,0.998719233
zfp_p_8_so4_a2_SRF,400,0.94771358,0.693425499,99.80649595,139.5136395,0.99866576
zfp_p_8_so4_a2_SRF,401,0.94825236,0.74815807,99.79564525,64.24648546,0.998464487
zfp_p_8_so4_a2_SRF,402,0.945600274,0.688381218,99.8083044,17.19889226,0.998524781
zfp_p_8_so4_a2_SRF,403,0.931637245,0.844613948,99.77032697,44.63645763,0.998491711
zfp_p_8_so4_a2_SRF,404,0.93152694,0.572316424,99.81734664,17.36402917,0.998473138
zfp_p_8_so4_a2_SRF,405,0.948410822,0.562397982,99.81734664,25.56487804,0.998591632
zfp_p_8_so4_a2_SRF,406,0.948554773,0.848801042,99.81734664,60.26357557,0.998479798
zfp_p_8_so4_a2_SRF,407,0.946060471,0.844613948,99.78117766,23.63302956,0.998496731
zfp_p_8_so4_a2_SRF,408,0.950575945,0.607377286,99.8010706,22.933111,0.998541858
zfp_p_8_so4_a2_SRF,409,0.949440737,0.728455518,99.79383681,13.91399553,0.998579232
zfp_p_8_so4_a2_SRF,410,0.935510652,0.757894516,99.8046875,14.7209401,0.998627667
zfp_p_8_so4_a2_SRF,411,0.949460589,0.757894516,99.7974537,11.9142536,0.998622591
zfp_p_8_so4_a2_SRF,412,0.94819436,0.848801042,99.73777488,29.26671101,0.998599929
zfp_p_8_so4_a2_SRF,413,0.942764039,0.8529422,99.82819734,23.84158266,0.998571751
zfp_p_8_so4_a2_SRF,414,0.954355834,0.74815807,99.81553819,27.40960708,0.998565076
zfp_p_8_so4_a2_SRF,415,0.951850338,0.7185075,99.75405093,9.883243075,0.998631601
zfp_p_8_so4_a2_SRF,416,0.951321503,0.607377286,99.76309317,20.55405979,0.998520691
zfp_p_8_so4_a2_SRF,417,0.946662584,0.713513177,99.82096354,14.7177332,0.998618977
zfp_p_8_so4_a2_SRF,418,0.949532901,0.602341107,99.76309317,16.45914185,0.998475083
zfp_p_8_so4_a2_SRF,419,0.951072196,0.827429187,99.80649595,21.0709703,0.998594788
zfp_p_8_so4_a2_SRF,420,0.949478698,0.698461869,99.77575231,21.92073926,0.998581523
zfp_p_8_so4_a2_SRF,421,0.938939755,0.857036296,99.79383681,44.9484921,0.998735486
zfp_p_8_so4_a2_SRF,422,0.946107489,0.547622088,99.81553819,20.52082341,0.998604548
zfp_p_8_so4_a2_SRF,423,0.950770113,0.480693267,99.8083044,14.30354338,0.99843556
zfp_p_8_so4_a2_SRF,424,0.959389506,0.547622088,99.74862558,23.83353572,0.998509888
zfp_p_8_so4_a2_SRF,425,0.955397769,0.557458511,99.78117766,11.59830931,0.998611518
zfp_p_8_so4_a2_SRF,426,0.948788657,0.396752013,99.78117766,123.4358421,0.998607256
zfp_p_8_so4_a2_SRF,427,0.952422713,0.786532972,99.82096354,28.54299368,0.998743914
zfp_p_8_so4_a2_SRF,428,0.958021499,0.762729998,99.78479456,28.57618981,0.998757835
zfp_p_8_so4_a2_SRF,429,0.952419571,0.743259425,99.81372975,37.40511695,0.998655391
zfp_p_8_so4_a2_SRF,430,0.949428523,0.658005084,99.8010706,44.37364747,0.998570294
zfp_p_8_so4_a2_SRF,431,0.941425614,0.767542095,99.81915509,34.09628445,0.998706948
zfp_p_8_so4_a2_SRF,432,0.942621488,0.693425499,99.78117766,19.69660442,0.998620027
zfp_p_8_so4_a2_SRF,433,0.953872617,0.698461869,99.77936921,44.60309231,0.998638159
zfp_p_8_so4_a2_SRF,434,0.938210871,0.818591347,99.79564525,31.36684392,0.998606111
zfp_p_8_so4_a2_SRF,435,0.950866438,0.898661265,99.79202836,31.16627011,0.998639573
zfp_p_8_so4_a2_SRF,436,0.941901286,0.688381218,99.79202836,67.32269686,0.998659872
zfp_p_8_so4_a2_SRF,437,0.951078292,0.876762554,99.78660301,5.923622787,0.998562972
zfp_p_8_so4_a2_SRF,438,0.955402992,0.698461869,99.77213542,11.90371726,0.998785955
zfp_p_8_so4_a2_SRF,439,0.954404953,0.622526094,99.77936921,21.34161085,0.998724997
zfp_p_8_so4_a2_SRF,440,0.961114311,0.948734288,99.82096354,7.704448237,0.998701265
zfp_p_8_so4_a2_SRF,441,0.945662942,0.703489301,99.7974537,7.966332438,0.998778444
zfp_p_8_so4_a2_SRF,442,0.939168335,0.844613948,99.77936921,8.913280953,0.998368371
zfp_p_8_so4_a2_SRF,443,0.926283751,0.728455518,99.8119213,26.07376317,0.998331053
zfp_p_8_so4_a2_SRF,444,0.926459562,0.836106524,99.74681713,54.45094999,0.998341241
zfp_p_8_so4_a2_SRF,445,0.946649279,0.869025179,99.79383681,35.39691136,0.99865208
zfp_p_8_so4_a2_SRF,446,0.944527079,0.777091412,99.80649595,11.12588992,0.998710755
zfp_p_8_so4_a2_SRF,447,0.952586637,0.930373091,99.79202836,8.815083823,0.998741534
zfp_p_8_so4_a2_SRF,448,0.936358052,0.814115212,99.77575231,17.96920031,0.998310366
zfp_p_8_so4_a2_SRF,449,0.929494001,0.8529422,99.79021991,9.995268326,0.998531956
zfp_p_8_so4_a2_SRF,450,0.94599216,0.857036296,99.81011285,106.4295421,0.998627323
zfp_p_8_so4_a2_SRF,451,0.944246674,0.8529422,99.75766782,19.06418898,0.998529287
zfp_p_8_so4_a2_SRF,452,0.933350049,0.955606035,99.81553819,30.92137825,0.998650677
zfp_p_8_so4_a2_SRF,453,0.911394535,0.902109797,99.81011285,52.03836047,0.99857334
zfp_p_8_so4_a2_SRF,454,0.927030857,0.971029624,99.80287905,9.952608934,0.998697073
zfp_p_8_so4_a2_SRF,455,0.935814359,0.688381218,99.8119213,20.20087106,0.998775629
zfp_p_8_so4_a2_SRF,456,0.931929653,0.781826258,99.82096354,40.26732661,0.998533872
zfp_p_8_so4_a2_SRF,457,0.950836735,0.902109797,99.78841146,20.86989525,0.998722614
zfp_p_8_so4_a2_SRF,458,0.946617569,0.857036296,99.79021991,25.57881632,0.998563802
zfp_p_8_so4_a2_SRF,459,0.949352662,0.963839623,99.80287905,13.82931667,0.998684372
zfp_p_8_so4_a2_SRF,460,0.947910922,0.738342029,99.8010706,9.53306328,0.998722459
zfp_p_8_so4_a2_SRF,461,0.942402056,0.978603241,99.77756076,11.87223092,0.998718977
zfp_p_8_so4_a2_SRF,462,0.938033701,0.823029737,99.78479456,51.04120233,0.998579134
zfp_p_8_so4_a2_SRF,463,0.950439671,0.508924827,99.73596644,10.2233538,0.998606906
zfp_p_8_so4_a2_SRF,464,0.923861968,0.848801042,99.8010706,9.125830613,0.998641089
zfp_p_8_so4_a2_SRF,465,0.943042086,0.905498566,99.8010706,9.440108549,0.9985948
zfp_p_8_so4_a2_SRF,466,0.948249895,0.791210355,99.82096354,15.09583005,0.998754132
zfp_p_8_so4_a2_SRF,467,0.951180695,0.602341107,99.75947627,69.94561541,0.998765362
zfp_p_8_so4_a2_SRF,468,0.946704206,0.809602528,99.8083044,56.1364888,0.998709928
zfp_p_8_so4_a2_SRF,469,0.940408081,0.9088268,99.8046875,19.99334104,0.998632408
zfp_p_8_so4_a2_SRF,470,0.942049392,0.733407018,99.76128472,9.57998317,0.998782827
zfp_p_8_so4_a2_SRF,471,0.937231703,0.915298775,99.81372975,12.36442716,0.998775409
zfp_p_8_so4_a2_SRF,472,0.939118165,0.891588175,99.76309317,14.73977653,0.99867727
zfp_p_8_so4_a2_SRF,473,0.930231714,0.948734288,99.82819734,149.7728109,0.998519604
zfp_p_8_so4_a2_SRF,474,0.935359906,0.844613948,99.8010706,19.50993308,0.998388427
zfp_p_8_so4_a2_SRF,475,0.92112911,0.708506755,99.79021991,36.84282514,0.998672409
zfp_p_8_so4_a2_SRF,476,0.931691144,0.743259425,99.79202836,28.77277723,0.998763216
zfp_p_8_so4_a2_SRF,477,0.945005448,0.703489301,99.79564525,114.4171383,0.998717988
zfp_p_8_so4_a2_SRF,478,0.926802277,0.884286152,99.79383681,12.49790904,0.998541654
zfp_p_8_so4_a2_SRF,479,0.943799981,0.857036296,99.79564525,7.167147884,0.998459391
zfp_p_8_so4_a2_SRF,480,0.915398576,0.809602528,99.81553819,15.25553575,0.998531692
zfp_p_8_so4_a2_SRF,481,0.941330279,0.602341107,99.82458044,36.21705006,0.998615435
zfp_p_8_so4_a2_SRF,482,0.928378837,0.74815807,99.7974537,14.78975583,0.998653113
zfp_p_8_so4_a2_SRF,483,0.920961812,0.848801042,99.8046875,95.35281813,0.998771535
zfp_p_8_so4_a2_SRF,484,0.926930415,0.887965331,99.77756076,48.38219917,0.998781738
zfp_p_8_so4_a2_SRF,485,0.926752485,0.74815807,99.82096354,26.56928583,0.99868142
zfp_p_8_so4_a2_SRF,486,0.924403015,0.836106524,99.75947627,23.58043692,0.998679925
zfp_p_8_so4_a2_SRF,487,0.93663761,0.562397982,99.79564525,56.5625449,0.998623451
zfp_p_8_so4_a2_SRF,488,0.932823928,0.772329627,99.79202836,22.75416751,0.998619812
zfp_p_8_so4_a2_SRF,489,0.91985458,0.777091412,99.77936921,21.58087659,0.998618001
zfp_p_8_so4_a2_SRF,490,0.927610043,0.891588175,99.80287905,25.68760334,0.998336844
zfp_p_8_so4_a2_SRF,491,0.9298032,0.814115212,99.77936921,9.63274012,0.998556066
zfp_p_8_so4_a2_SRF,492,0.937974626,0.996417342,99.81734664,44.46375975,0.99865796
zfp_p_8_so4_a2_SRF,493,0.933006183,0.961880053,99.81734664,234.1723158,0.998628432
zfp_p_8_so4_a2_SRF,494,0.930060283,0.83178851,99.77756076,34.61102712,0.998557964
zfp_p_8_so4_a2_SRF,495,0.920983429,0.781826258,99.8119213,16.67657278,0.998562497
zfp_p_8_so4_a2_SRF,496,0.916157611,0.663076079,99.80287905,18.52353787,0.998556627
zfp_p_8_so4_a2_SRF,497,0.934157858,0.8529422,99.81915509,39.5926502,0.998522236
zfp_p_8_so4_a2_SRF,498,0.924392975,0.753036819,99.75585938,6865.435693,0.998700804
zfp_p_8_so4_a2_SRF,499,0.94332843,0.869025179,99.75405093,554.9677634,0.998743938
zfp_p_8_so4_a2_SRF,500,0.919025635,0.795857206,99.76309317,23.88792845,0.99865948
zfp_p_8_so4_a2_SRF,501,0.935407032,0.688381218,99.82096354,1263.803101,0.998742678
zfp_p_8_so4_a2_SRF,502,0.93933253,0.678272959,99.79564525,106.1848097,0.998642933
zfp_p_8_so4_a2_SRF,503,0.926360266,0.743259425,99.79383681,129.1603988,0.998543703
zfp_p_8_so4_a2_SRF,504,0.907523342,0.617470552,99.81734664,100.0951601,0.998650886
zfp_p_8_so4_a2_SRF,505,0.931902447,0.791210355,99.81372975,643.8800672,0.998365045
zfp_p_8_so4_a2_SRF,506,0.939509665,0.490021312,99.79926215,23.04273417,0.998672655
zfp_p_8_so4_a2_SRF,507,0.939342899,0.805054497,99.83181424,259.5705998,0.998451865
zfp_p_8_so4_a2_SRF,508,0.933099843,0.557458511,99.7974537,546.8011942,0.998581565
zfp_p_8_so4_a2_SRF,509,0.941934459,0.8529422,99.8119213,85.711743,0.998620295
zfp_p_8_so4_a2_SRF,510,0.936583219,0.678272959,99.79564525,28.04371052,0.998542983
zfp_p_8_so4_a2_SRF,511,0.938157914,0.943819845,99.82277199,139.8975571,0.99864627
zfp_p_8_so4_a2_SRF,512,0.927888483,0.827429187,99.84447338,193.528566,0.998685971
zfp_p_8_so4_a2_SRF,513,0.942302793,0.7185075,99.78660301,50.01760461,0.998694559
zfp_p_8_so4_a2_SRF,514,0.932157306,0.658005084,99.81915509,109.6016135,0.99840359
zfp_p_8_so4_a2_SRF,515,0.938231994,0.924535722,99.78298611,10.82072864,0.998476117
zfp_p_8_so4_a2_SRF,516,0.924761998,0.678272959,99.81372975,18.77177613,0.998539952
zfp_p_8_so4_a2_SRF,517,0.91220445,0.795857206,99.81915509,430.9208564,0.998632523
zfp_p_8_so4_a2_SRF,518,0.934391094,0.965733891,99.8119213,17.14779399,0.998780814
zfp_p_8_so4_a2_SRF,519,0.935002883,0.668145018,99.78841146,17.20223611,0.998755869
zfp_p_8_so4_a2_SRF,520,0.927275183,0.912093768,99.8083044,14.10234667,0.998589873
zfp_p_8_so4_a2_SRF,521,0.922457625,0.753036819,99.81372975,33.34331546,0.998488927
zfp_p_8_so4_a2_SRF,522,0.935536084,0.887965331,99.81011285,45.04003373,0.998673845
zfp_p_8_so4_a2_SRF,523,0.93016483,0.728455518,99.81915509,83.11205722,0.998499017
zfp_p_8_so4_a2_SRF,524,0.92385895,0.738342029,99.83362269,133.2889463,0.998501514
zfp_p_8_so4_a2_SRF,525,0.932873091,0.693425499,99.80287905,257.959039,0.998747118
zfp_p_8_so4_a2_SRF,526,0.938676886,0.844613948,99.77936921,110.4358517,0.998526871
zfp_p_8_so4_a2_SRF,527,0.939933386,0.713513177,99.79383681,28.99806951,0.998571685
zfp_p_8_so4_a2_SRF,528,0.937338466,0.905498566,99.8119213,15.22440958,0.998621778
zfp_p_8_so4_a2_SRF,529,0.936848736,0.965733891,99.79926215,9.838738432,0.998475109
zfp_p_8_so4_a2_SRF,530,0.939478864,0.887965331,99.84266493,12.5102862,0.998571557
zfp_p_8_so4_a2_SRF,531,0.93955767,0.8529422,99.81011285,10.48457226,0.998415225
zfp_p_8_so4_a2_SRF,532,0.944117028,0.668145018,99.82638889,92.41271749,0.998503017
zfp_p_8_so4_a2_SRF,533,0.926240926,0.673210963,99.80649595,64.8319928,0.998631495
zfp_p_8_so4_a2_SRF,534,0.946465459,0.582283318,99.78841146,20.31309637,0.998592666
zfp_p_8_so4_a2_SRF,535,0.928935144,0.728455518,99.77936921,9.594788929,0.998539104
zfp_p_8_so4_a2_SRF,536,0.946756238,0.572316424,99.7974537,107.9819641,0.998512796
zfp_p_8_so4_a2_SRF,537,0.920471183,0.823029737,99.83000579,152.0190844,0.998434439
zfp_p_8_so4_a2_SRF,538,0.913716181,0.902109797,99.79383681,59.53518069,0.998640016
zfp_p_8_so4_a2_SRF,539,0.931746032,0.733407018,99.77394387,99.20157437,0.998703631
zfp_p_8_so4_a2_SRF,540,0.936931442,0.818591347,99.79202836,5.80561372,0.998653766
zfp_p_8_so4_a2_SRF,541,0.935256503,0.891588175,99.7974537,8.985226999,0.998692102
zfp_p_8_so4_a2_SRF,542,0.933562109,0.978603241,99.77756076,12.24873261,0.998765173
zfp_p_8_so4_a2_SRF,543,0.922196437,0.364194451,99.79383681,16.37693856,0.998512281
zfp_p_8_so4_a2_SRF,544,0.938845957,0.912093768,99.84989873,29.96489075,0.998329452
zfp_p_8_so4_a2_SRF,545,0.941178113,0.9088268,99.83543113,47.02623284,0.998553879
zfp_p_8_so4_a2_SRF,546,0.941569381,0.658005084,99.78298611,442.8325982,0.998488441
zfp_p_8_so4_a2_SRF,547,0.927644548,0.713513177,99.81372975,29.38132927,0.998218205
zfp_p_8_so4_a2_SRF,548,0.93679582,0.698461869,99.8083044,296.9191949,0.99855872
zfp_p_8_so4_a2_SRF,549,0.946220265,0.708506755,99.77394387,364.3758704,0.998746941
zfp_p_8_so4_a2_SRF,550,0.926518531,0.887965331,99.79202836,57.55350053,0.998513821
zfp_p_8_so4_a2_SRF,551,0.936319236,0.814115212,99.78660301,835.1722955,0.998664749
zfp_p_8_so4_a2_SRF,552,0.928213606,0.532982372,99.76671007,26.05876432,0.998675538
zfp_p_8_so4_a2_SRF,553,0.942647063,0.861082217,99.8119213,36.49986956,0.998468163
zfp_p_8_so4_a2_SRF,554,0.931113195,0.767542095,99.8119213,87.30743509,0.998578687
zfp_p_8_so4_a2_SRF,555,0.929241392,0.836106524,99.79021991,75.87512508,0.998414568
zfp_p_8_so4_a2_SRF,556,0.943453186,0.396752013,99.78841146,848.5091899,0.998512653
zfp_p_8_so4_a2_SRF,557,0.940191578,0.869025179,99.77575231,17.3258282,0.998676377
zfp_p_8_so4_a2_SRF,558,0.940605717,0.884286152,99.81011285,379.399332,0.998080787
zfp_p_8_so4_a2_SRF,559,0.929603046,0.728455518,99.83543113,54.38321968,0.998610572
zfp_p_8_so4_a2_SRF,560,0.943026691,0.781826258,99.83000579,1313.703214,0.998826516
zfp_p_8_so4_a2_SRF,561,0.90886287,0.743259425,99.79202836,43.23996052,0.998935927
zfp_p_8_so4_a2_SRF,562,0.93426897,0.733407018,99.79202836,15.90953971,0.998739683
zfp_p_8_so4_a2_SRF,563,0.9313967,0.772329627,99.81915509,145.7093439,0.998628544
zfp_p_8_so4_a2_SRF,564,0.937911471,0.844613948,99.75043403,1055.867519,0.998558286
zfp_p_8_so4_a2_SRF,565,0.938119604,0.767542095,99.81553819,22.55886616,0.998546892
zfp_p_8_so4_a2_SRF,566,0.926671221,0.895153777,99.80649595,98.64058751,0.998403138
zfp_p_8_so4_a2_SRF,567,0.939409807,0.703489301,99.8083044,3596.585321,0.998665007
zfp_p_8_so4_a2_SRF,568,0.929683861,0.809602528,99.83000579,19.91966997,0.998585913
zfp_p_8_so4_a2_SRF,569,0.934452545,0.772329627,99.8010706,10.8761588,0.9981776
zfp_p_8_so4_a2_SRF,570,0.934686098,0.607377286,99.84447338,9.20852267,0.998577599
zfp_p_8_so4_a2_SRF,571,0.935931662,0.924535722,99.79383681,18.14457714,0.998692274
zfp_p_8_so4_a2_SRF,572,0.91327726,0.557458511,99.8010706,92.73912771,0.998545848
zfp_p_8_so4_a2_SRF,573,0.93004637,0.632651022,99.77756076,18.24020358,0.998495287
zfp_p_8_so4_a2_SRF,574,0.932532894,0.723488644,99.80649595,179.243111,0.998528531
zfp_p_8_so4_a2_SRF,575,0.940119084,0.504169053,99.78660301,76.012054,0.998759641
zfp_p_8_so4_a2_SRF,576,0.931700529,0.777091412,99.79021991,47.5639565,0.998616077
zfp_p_8_so4_a2_SRF,577,0.912685817,0.698461869,99.74862558,11.4261898,0.998320405
zfp_p_8_so4_a2_SRF,578,0.925306332,0.74815807,99.8046875,18.5939738,0.99823504
zfp_p_8_so4_a2_SRF,579,0.932466588,0.733407018,99.77575231,30.61029987,0.998788337
zfp_p_8_so4_a2_SRF,580,0.929801093,0.876762554,99.82638889,34.87626214,0.998640083
zfp_p_8_so4_a2_SRF,581,0.943071933,0.946310385,99.79564525,10.98592295,0.99873832
zfp_p_8_so4_a2_SRF,582,0.927037777,0.83178851,99.78298611,66.63922459,0.998874877
zfp_p_8_so4_a2_SRF,583,0.932780072,0.876762554,99.78298611,1896.336774,0.998654243
zfp_p_8_so4_a2_SRF,584,0.935031074,0.809602528,99.79926215,91.78798184,0.998709143
zfp_p_8_so4_a2_SRF,585,0.930794086,0.673210963,99.79383681,246.0426718,0.998779206
zfp_p_8_so4_a2_SRF,586,0.921685765,0.753036819,99.78117766,27.05749707,0.998711383
zfp_p_8_so4_a2_SRF,587,0.939970571,0.814115212,99.83723958,86.21798599,0.998667066
zfp_p_8_so4_a2_SRF,588,0.933429708,0.848801042,99.82277199,10.49189823,0.99789225
zfp_p_8_so4_a2_SRF,589,0.932015203,0.417969572,99.83000579,11.01289233,0.998229254
zfp_p_8_so4_a2_SRF,590,0.916118896,0.647860602,99.8083044,86.80856183,0.998648447
zfp_p_8_so4_a2_SRF,591,0.942173197,0.869025179,99.7974537,94.54964098,0.998668033
zfp_p_8_so4_a2_SRF,592,0.935163136,0.861082217,99.80287905,12.32730073,0.998513047
zfp_p_8_so4_a2_SRF,593,0.934833154,0.848801042,99.81734664,32.92519697,0.998498896
zfp_p_8_so4_a2_SRF,594,0.908259237,0.848801042,99.83000579,13.0352225,0.998435524
zfp_p_8_so4_a2_SRF,595,0.915011022,0.818591347,99.82638889,5.305010381,0.998808393
zfp_p_8_so4_a2_SRF,596,0.922526156,0.880551572,99.79383681,17.82692472,0.998606741
zfp_p_8_so4_a2_SRF,597,0.93035047,0.637718767,99.78117766,15.95351591,0.998577022
zfp_p_8_so4_a2_SRF,598,0.934281659,0.791210355,99.82819734,48.68238533,0.998724142
zfp_p_8_so4_a2_SRF,599,0.932685224,0.818591347,99.79926215,24.66563012,0.998712544
zfp_p_8_so4_a2_SRF,600,0.929545086,0.8529422,99.82277199,44.17701896,0.998637375
zfp_p_8_so4_a2_SRF,601,0.927525358,0.552533016,99.77575231,19.9277684,0.998526658
zfp_p_8_so4_a2_SRF,602,0.931546591,0.617470552,99.83181424,86.40260973,0.998424081
zfp_p_8_so4_a2_SRF,603,0.934822216,0.688381218,99.80287905,12.33437403,0.998361984
zfp_p_8_so4_a2_SRF,604,0.928719644,0.587283295,99.82819734,8.361457821,0.998357991
zfp_p_8_so4_a2_SRF,605,0.910649415,0.552533016,99.81915509,21.03638281,0.998778014
zfp_p_8_so4_a2_SRF,606,0.916023855,0.318681023,99.82096354,43.53289325,0.998538594
zfp_p_8_so4_a2_SRF,607,0.929671148,0.476061549,99.81734664,23.48206329,0.998339402
zfp_p_8_so4_a2_SRF,608,0.926051381,0.647860602,99.78298611,154.4761529,0.998397456
zfp_p_8_so4_a2_SRF,609,0.924923152,0.767542095,99.83543113,13.35953701,0.998267741
zfp_p_8_so4_a2_SRF,610,0.928824018,0.836106524,99.79383681,17.14399656,0.99863005
zfp_p_8_so4_a2_SRF,611,0.924181,0.791210355,99.77756076,6.412420816,0.998557732
zfp_p_8_so4_a2_SRF,612,0.935153541,0.809602528,99.8083044,12.40064773,0.998566685
zfp_p_8_so4_a2_SRF,613,0.926986218,0.572316424,99.85713252,24.4307042,0.998649324
zfp_p_8_so4_a2_SRF,614,0.92816396,0.880551572,99.79383681,33.36963459,0.998823144
zfp_p_8_so4_a2_SRF,615,0.924695283,0.827429187,99.77936921,38.23379475,0.998051678
zfp_p_8_so4_a2_SRF,616,0.932929529,0.86507887,99.81372975,30.55064098,0.998541976
zfp_p_8_so4_a2_SRF,617,0.911456789,0.572316424,99.8010706,22.0428298,0.998583025
zfp_p_8_so4_a2_SRF,618,0.935262065,0.800472321,99.79383681,13.02071402,0.998621931
zfp_p_8_so4_a2_SRF,619,0.928344625,0.772329627,99.76128472,149.4515122,0.998471012
zfp_p_8_so4_a2_SRF,620,0.937647778,0.703489301,99.78298611,15.77386382,0.99873396
zfp_p_8_so4_a2_SRF,621,0.933630455,0.698461869,99.8083044,5.851559436,0.998576154
zfp_p_8_so4_a2_SRF,622,0.900879006,0.663076079,99.7974537,16.3354146,0.998747657
zfp_p_8_so4_a2_SRF,623,0.914155314,0.872920085,99.81915509,12.19471177,0.998672856
zfp_p_8_so4_a2_SRF,624,0.912520914,0.738342029,99.8083044,14.39202261,0.998456702
zfp_p_8_so4_a2_SRF,625,0.917845739,0.857036296,99.78117766,10.9795788,0.998703545
zfp_p_8_so4_a2_SRF,626,0.926500129,0.86507887,99.79383681,9.429798493,0.998301654
zfp_p_8_so4_a2_SRF,627,0.916981947,0.777091412,99.78479456,25.63963419,0.998640106
zfp_p_8_so4_a2_SRF,628,0.926348069,0.92152034,99.77213542,10.37495081,0.998784216
zfp_p_8_so4_a2_SRF,629,0.911591806,0.607377286,99.8046875,17.1905095,0.998830658
zfp_p_8_so4_a2_SRF,630,0.934923498,0.557458511,99.83543113,23.51228609,0.998615497
zfp_p_8_so4_a2_SRF,631,0.938161601,0.504169053,99.83543113,17.41993966,0.998749946
zfp_p_8_so4_a2_SRF,632,0.933193572,0.466864544,99.82096354,39.87803889,0.998666801
zfp_p_8_so4_a2_SRF,633,0.937642513,0.592293388,99.82277199,40.03329421,0.998667343
zfp_p_8_so4_a2_SRF,634,0.927216145,0.431009831,99.8119213,64.36390591,0.998619995
zfp_p_8_so4_a2_SRF,635,0.925737429,0.340932866,99.7974537,36.62459837,0.998604462
zfp_p_8_so4_a2_SRF,636,0.925204746,0.329680102,99.82819734,56.04854697,0.998646911
zfp_p_8_so4_a2_SRF,637,0.930241482,0.340932866,99.78660301,56.55868791,0.998602329
zfp_p_8_so4_a2_SRF,638,0.917518074,0.612420689,99.79383681,53.33847524,0.998584122
zfp_p_8_so4_a2_SRF,639,0.924590183,0.642788914,99.80649595,39.20763139,0.998423159
zfp_p_8_so4_a2_SRF,640,0.929005754,0.462299947,99.79926215,16.3748781,0.998574495
zfp_p_8_so4_a2_SRF,641,0.918233079,0.683330039,99.79926215,11.01964474,0.998691373
zfp_p_8_so4_a2_SRF,642,0.91977364,0.388450059,99.79021991,46.01615538,0.998710974
zfp_p_8_so4_a2_SRF,643,0.933237491,0.52330552,99.8046875,13.35392209,0.998517946
zfp_p_8_so4_a2_SRF,644,0.929978664,0.637718767,99.77575231,15.48134548,0.998620842
zfp_p_8_so4_a2_SRF,645,0.925901688,0.612420689,99.79383681,21.33700954,0.99852165
zfp_p_8_so4_a2_SRF,646,0.929191615,0.658005084,99.77213542,33.65451363,0.998479013
zfp_p_8_so4_a2_SRF,647,0.934921424,0.457758395,99.79202836,46.54467494,0.998825305
zfp_p_8_so4_a2_SRF,648,0.937294134,0.809602528,99.79383681,36.35229351,0.998709973
zfp_p_8_so4_a2_SRF,649,0.929846397,0.683330039,99.82638889,12.98889164,0.998694359
zfp_p_8_so4_a2_SRF,650,0.936518496,0.772329627,99.7974537,10.55578067,0.998607696
zfp_p_8_so4_a2_SRF,651,0.915011504,0.809602528,99.79926215,19.18401344,0.998846082
zfp_p_8_so4_a2_SRF,652,0.932176767,0.83178851,99.8046875,15.85315337,0.998749085
zfp_p_8_so4_a2_SRF,653,0.923534457,0.582283318,99.78298611,6.31625554,0.998822811
zfp_p_8_so4_a2_SRF,654,0.921455615,0.786532972,99.8083044,13.00559241,0.998584999
zfp_p_8_so4_a2_SRF,655,0.924637706,0.39258765,99.81915509,31.32415064,0.998697733
zfp_p_8_so4_a2_SRF,656,0.926727716,0.471451857,99.80287905,44.7645621,0.998805555
zfp_p_8_so4_a2_SRF,657,0.924873983,0.344739985,99.75585938,38.94014777,0.998934568
zfp_p_8_so4_a2_SRF,658,0.943838412,0.38025578,99.8083044,441.0601171,0.998772646
zfp_p_8_so4_a2_SRF,659,0.937123021,0.33340288,99.79021991,74.11848792,0.998640324
zfp_p_8_so4_a2_SRF,660,0.930241622,0.16512347,99.81372975,83.51441923,0.998644406
zfp_p_8_so4_a2_SRF,661,0.937811711,0.322319148,99.79926215,18.65684807,0.998536319
zfp_p_8_so4_a2_SRF,662,0.93199909,0.453240202,99.8083044,20.45678444,0.998640176
zfp_p_8_so4_a2_SRF,663,0.927766712,0.753036819,99.77936921,12.31538027,0.998629702
zfp_p_8_so4_a2_SRF,664,0.92921634,0.791210355,99.79202836,11.67771978,0.998533039
zfp_p_8_so4_a2_SRF,665,0.931183443,0.552533016,99.8010706,9.586143684,0.998455337
zfp_p_8_so4_a2_SRF,666,0.941862627,0.652932956,99.79564525,29.55224925,0.998654757
zfp_p_8_so4_a2_SRF,667,0.918705907,0.485346647,99.76851852,30.60547405,0.99826799
zfp_p_8_so4_a2_SRF,668,0.937013245,0.795857206,99.83362269,44.29742176,0.998456392
zfp_p_8_so4_a2_SRF,669,0.948610962,0.902109797,99.79564525,12.91247052,0.998509141
zfp_p_8_so4_a2_SRF,670,0.951535623,0.869025179,99.75224248,25.54418843,0.998575335
zfp_p_8_so4_a2_SRF,671,0.948353267,0.542726302,99.83543113,16.07266284,0.998497512
zfp_p_8_so4_a2_SRF,672,0.93805341,0.562397982,99.8010706,11.73186569,0.998583155
zfp_p_8_so4_a2_SRF,673,0.931810304,0.767542095,99.8046875,7.112588011,0.998655134
zfp_p_8_so4_a2_SRF,674,0.935596717,0.840382058,99.8119213,12.60156037,0.99859967
zfp_p_8_so4_a2_SRF,675,0.947158522,0.762729998,99.79926215,16.43914939,0.998679735
zfp_p_8_so4_a2_SRF,676,0.94490701,0.738342029,99.79564525,109.9436897,0.998666954
zfp_p_8_so4_a2_SRF,677,0.944889606,0.678272959,99.77394387,52.16874594,0.998682563
zfp_p_8_so4_a2_SRF,678,0.945757849,0.772329627,99.78117766,26.50330606,0.99880555
zfp_p_8_so4_a2_SRF,679,0.940268475,0.693425499,99.77032697,35.28047283,0.998574051
zfp_p_8_so4_a2_SRF,680,0.936829222,0.814115212,99.7974537,65.62654131,0.998799358
zfp_p_8_so4_a2_SRF,681,0.939818548,0.861082217,99.78479456,83.81778237,0.998405693
zfp_p_8_so4_a2_SRF,682,0.937000794,0.607377286,99.77394387,88.61361919,0.998180046
zfp_p_8_so4_a2_SRF,683,0.942744932,0.683330039,99.79564525,96.92318248,0.998610585
zfp_p_8_so4_a2_SRF,684,0.942425912,0.840382058,99.8046875,44.93137737,0.998361102
zfp_p_8_so4_a2_SRF,685,0.936116416,0.723488644,99.81734664,24.60516741,0.998410011
zfp_p_8_so4_a2_SRF,686,0.926058859,0.757894516,99.81011285,127.7820118,0.998473989
zfp_p_8_so4_a2_SRF,687,0.927090721,0.814115212,99.76671007,45.1097089,0.998555987
zfp_p_8_so4_a2_SRF,688,0.926628917,0.499432925,99.7974537,71.38937956,0.998719869
zfp_p_8_so4_a2_SRF,689,0.943311985,0.607377286,99.79021991,79.27666797,0.998693929
zfp_p_8_so4_a2_SRF,690,0.94785534,0.827429187,99.81553819,186.4549946,0.998731134
zfp_p_8_so4_a2_SRF,691,0.943474935,0.612420689,99.80649595,35.15335158,0.998709591
zfp_p_8_so4_a2_SRF,692,0.952343223,0.567350827,99.78841146,81.00798464,0.998624081
zfp_p_8_so4_a2_SRF,693,0.935334644,0.912093768,99.78841146,38.05869528,0.9985077
zfp_p_8_so4_a2_SRF,694,0.930977199,0.703489301,99.80649595,87.68597508,0.998487591
zfp_p_8_so4_a2_SRF,695,0.933209437,0.552533016,99.77936921,73.62005046,0.998595961
zfp_p_8_so4_a2_SRF,696,0.948568478,0.617470552,99.79202836,23.1813534,0.998698991
zfp_p_8_so4_a2_SRF,697,0.949621594,0.902109797,99.77756076,84.49159172,0.998687432
zfp_p_8_so4_a2_SRF,698,0.942313124,0.738342029,99.79021991,74.81934243,0.998528683
zfp_p_8_so4_a2_SRF,699,0.938305641,0.431009831,99.77575231,38.8284192,0.998610433
zfp_p_8_so4_a2_SRF,700,0.932741909,0.688381218,99.79021991,60.9803746,0.998435597
zfp_p_8_so4_a2_SRF,701,0.944168114,0.494716872,99.78660301,49.89291144,0.998517898
zfp_p_8_so4_a2_SRF,702,0.942041627,0.508924827,99.8083044,26.20448979,0.998536926
zfp_p_8_so4_a2_SRF,703,0.940851025,0.74815807,99.8119213,6.507269949,0.99861653
zfp_p_8_so4_a2_SRF,704,0.955285082,0.781826258,99.82819734,12.69701349,0.998853439
zfp_p_8_so4_a2_SRF,705,0.947549765,0.795857206,99.80649595,15.09636511,0.998608213
zfp_p_8_so4_a2_SRF,706,0.92740268,0.733407018,99.81553819,251.1168523,0.998343721
zfp_p_8_so4_a2_SRF,707,0.928248782,0.978603241,99.79021991,23.06716872,0.998518019
zfp_p_8_so4_a2_SRF,708,0.946369228,0.688381218,99.8119213,24.42652007,0.998544567
zfp_p_8_so4_a2_SRF,709,0.951257165,0.384339389,99.80287905,12.79042488,0.99849359
zfp_p_8_so4_a2_SRF,710,0.949020243,0.300914378,99.79383681,18.17596837,0.9984762
zfp_p_8_so4_a2_SRF,711,0.947311019,0.627586521,99.76851852,19.12361645,0.998405469
zfp_p_8_so4_a2_SRF,712,0.93010527,0.400942992,99.79383681,20.66631481,0.998408991
zfp_p_8_so4_a2_SRF,713,0.938391997,0.818591347,99.78298611,102.7780609,0.998249836
zfp_p_8_so4_a2_SRF,714,0.924182462,0.693425499,99.8119213,89.88119019,0.998219598
zfp_p_8_so4_a2_SRF,715,0.954234636,0.823029737,99.8083044,12.85286927,0.998544286
zfp_p_8_so4_a2_SRF,716,0.951027713,0.999786331,99.84085648,12.86822304,0.998394395
zfp_p_8_so4_a2_SRF,717,0.951577051,0.918441169,99.79021991,14.66026014,0.998634541
zfp_p_8_so4_a2_SRF,718,0.934416313,0.891588175,99.81372975,10.39981972,0.998601764
zfp_p_8_so4_a2_SRF,719,0.924836443,0.814115212,99.79383681,6.811614593,0.998518913
zfp_p_8_so4_a2_SRF,720,0.941939376,0.668145018,99.78298611,31.67741575,0.998655336
zfp_p_8_so4_a2_SRF,721,0.953313699,0.795857206,99.8119213,33.4624791,0.998588285
zfp_p_8_so4_a2_SRF,722,0.949285705,0.902109797,99.79021991,28.52431521,0.99864855
zfp_p_8_so4_a2_SRF,723,0.932775958,0.872920085,99.79564525,24.02644294,0.998686714
zfp_p_8_so4_a2_SRF,724,0.949672101,0.898661265,99.82096354,11.34815186,0.998583441
zfp_p_8_so4_a2_SRF,725,0.95100735,0.642788914,99.77394387,7.242944614,0.998588536
zfp_p_8_so4_a2_SRF,726,0.95690452,0.673210963,99.79926215,56.98836157,0.998547501
zfp_p_8_so4_a2_SRF,727,0.957466255,0.9088268,99.81372975,18.29212505,0.998652779
zfp_p_8_so4_a2_SRF,728,0.949281936,0.602341107,99.79383681,21.48538542,0.998668533
zfp_p_8_so4_a2_SRF,729,0.954995451,0.827429187,99.79383681,6.924771722,0.998615225
zfp_p_10_so4_a2_SRF,0,0.989564234,0.86507887,99.2115162,399.7758579,0.999912814
zfp_p_10_so4_a2_SRF,1,0.987477203,0.961880053,99.1229022,3.861346367,0.99990933
zfp_p_10_so4_a2_SRF,2,0.984507575,0.953382068,99.17896412,10.20303702,0.999898247
zfp_p_10_so4_a2_SRF,3,0.982688004,0.983593835,99.16268808,11.03760243,0.999907624
zfp_p_10_so4_a2_SRF,4,0.987630618,0.915298775,99.19343171,7.609587857,0.999907459
zfp_p_10_so4_a2_SRF,5,0.984866391,0.930373091,99.24225984,7.402660463,0.999897533
zfp_p_10_so4_a2_SRF,6,0.984904097,0.953382068,99.15002894,20.49906577,0.999913498
zfp_p_10_so4_a2_SRF,7,0.988650978,0.959854801,99.18619792,9.312235968,0.99991995
zfp_p_10_so4_a2_SRF,8,0.988298677,0.95109151,99.18258102,9.957476883,0.999921204
zfp_p_10_so4_a2_SRF,9,0.983215283,0.918441169,99.20066551,20.73407411,0.999913604
zfp_p_10_so4_a2_SRF,10,0.986877465,0.983593835,99.20247396,5.5844656,0.999915533
zfp_p_10_so4_a2_SRF,11,0.989537936,0.969328356,99.09577546,5.130451503,0.999921654
zfp_p_10_so4_a2_SRF,12,0.981876641,0.984701462,99.16630498,16.24062426,0.999906571
zfp_p_10_so4_a2_SRF,13,0.980178013,0.963839623,99.19162326,9.544441054,0.999911265
zfp_p_10_so4_a2_SRF,14,0.981770304,0.984701462,99.15183738,1.638034609,0.99989951
zfp_p_10_so4_a2_SRF,15,0.982246662,0.982431307,99.16449653,27.27530202,0.999902224
zfp_p_10_so4_a2_SRF,16,0.984855063,0.985755371,99.24225984,3.02691516,0.99991536
zfp_p_10_so4_a2_SRF,17,0.988651586,0.95109151,99.23502604,5.781662843,0.999913594
zfp_p_10_so4_a2_SRF,18,0.985619272,0.987706977,99.20428241,10.00943059,0.999900337
zfp_p_10_so4_a2_SRF,19,0.984676641,0.981212746,99.27842882,1.892863164,0.999909488
zfp_p_10_so4_a2_SRF,20,0.985904126,0.895153777,99.23321759,3.263778601,0.99991171
zfp_p_10_so4_a2_SRF,21,0.985493291,0.930373091,99.15545428,6.414574517,0.999916207
zfp_p_10_so4_a2_SRF,22,0.986398828,0.987706977,99.20789931,2.170270449,0.999917312
zfp_p_10_so4_a2_SRF,23,0.984734904,0.972667733,99.09215856,3.885374856,0.999904816
zfp_p_10_so4_a2_SRF,24,0.985313399,0.981212746,99.1192853,7.422444508,0.999905414
zfp_p_10_so4_a2_SRF,25,0.986381367,0.930373091,99.13375289,2.422133318,0.999921431
zfp_p_10_so4_a2_SRF,26,0.985123651,0.988607252,99.10481771,1.831390787,0.999914004
zfp_p_10_so4_a2_SRF,27,0.987399611,0.948734288,99.07588252,1.410376015,0.999911709
zfp_p_10_so4_a2_SRF,28,0.983451486,0.989458959,99.16811343,2.263579377,0.999914061
zfp_p_10_so4_a2_SRF,29,0.983746842,0.905498566,99.16630498,1.664477882,0.999910448
zfp_p_10_so4_a2_SRF,30,0.985706224,0.985755371,99.22960069,2.149394822,0.99991606
zfp_p_10_so4_a2_SRF,31,0.986902452,0.933194182,99.11385995,3.145591518,0.999908421
zfp_p_10_so4_a2_SRF,32,0.988914204,0.969328356,99.16087963,4.289541319,0.999912279
zfp_p_10_so4_a2_SRF,33,0.986223933,0.969328356,99.15002894,3.114816401,0.99991411
zfp_p_10_so4_a2_SRF,34,0.985394554,0.961880053,99.14641204,4.926524619,0.999894133
zfp_p_10_so4_a2_SRF,35,0.984285864,0.948734288,99.18800637,5.573510074,0.999907118
zfp_p_10_so4_a2_SRF,36,0.987181508,0.9675633,99.20609086,5.441494973,0.999917682
zfp_p_10_so4_a2_SRF,37,0.985851847,0.978603241,99.17534722,12.90779388,0.99991136
zfp_p_10_so4_a2_SRF,38,0.987276794,0.983593835,99.10300926,28.41856407,0.999916679
zfp_p_10_so4_a2_SRF,39,0.981220394,0.979937068,99.24949363,18.98906181,0.99990161
zfp_p_10_so4_a2_SRF,40,0.985620189,0.957763548,99.18258102,4.095801087,0.999904739
zfp_p_10_so4_a2_SRF,41,0.98578141,0.959854801,99.22417535,4.728644242,0.999912198
zfp_p_10_so4_a2_SRF,42,0.987552097,0.981212746,99.22055845,25.14410966,0.999896899
zfp_p_10_so4_a2_SRF,43,0.987942442,0.963839623,99.16268808,25.93879575,0.999902608
zfp_p_10_so4_a2_SRF,44,0.987812231,0.94126277,99.20247396,49.47893124,0.999913067
zfp_p_10_so4_a2_SRF,45,0.989658319,0.982431307,99.22960069,44.24134796,0.999904675
zfp_p_10_so4_a2_SRF,46,0.990373062,0.898661265,99.15907118,9.906408794,0.999905937
zfp_p_10_so4_a2_SRF,47,0.988566834,0.933194182,99.25311053,8.904450301,0.999916873
zfp_p_10_so4_a2_SRF,48,0.98969862,0.985755371,99.24768519,11.98257217,0.999908682
zfp_p_10_so4_a2_SRF,49,0.987817282,0.9675633,99.26396123,7.390070268,0.999913985
zfp_p_10_so4_a2_SRF,50,0.989058357,0.974243371,99.19885706,3.004732921,0.999915735
zfp_p_10_so4_a2_SRF,51,0.990375237,0.985755371,99.19885706,17.15781079,0.999918679
zfp_p_10_so4_a2_SRF,52,0.991573978,0.987706977,99.18077257,5.560171537,0.999925943
zfp_p_10_so4_a2_SRF,53,0.989827935,0.955606035,99.17715567,1.272015828,0.999914914
zfp_p_10_so4_a2_SRF,54,0.989750678,0.938639316,99.2259838,48.32297116,0.999908738
zfp_p_10_so4_a2_SRF,55,0.985878425,0.9675633,99.18077257,1.452333257,0.999896656
zfp_p_10_so4_a2_SRF,56,0.986867005,0.978603241,99.20428241,4.528875677,0.999900052
zfp_p_10_so4_a2_SRF,57,0.987982022,0.971029624,99.22417535,73.79832678,0.999899955
zfp_p_10_so4_a2_SRF,58,0.9883539,0.92152034,99.2115162,6.797649106,0.999906657
zfp_p_10_so4_a2_SRF,59,0.987661247,0.955606035,99.18981481,3.738647554,0.999910149
zfp_p_10_so4_a2_SRF,60,0.987558112,0.955606035,99.18077257,1.60860806,0.999908064
zfp_p_10_so4_a2_SRF,61,0.989047336,0.95109151,99.27662037,12.91496861,0.999910186
zfp_p_10_so4_a2_SRF,62,0.990599722,0.95109151,99.25853588,9.985385231,0.999912217
zfp_p_10_so4_a2_SRF,63,0.988348207,0.978603241,99.20609086,5.071124001,0.999912263
zfp_p_10_so4_a2_SRF,64,0.985035601,0.965733891,99.25130208,4.084611724,0.999909785
zfp_p_10_so4_a2_SRF,65,0.985248601,0.982431307,99.20428241,6.123688906,0.999900463
zfp_p_10_so4_a2_SRF,66,0.990281036,0.979937068,99.23140914,4.511654259,0.999917427
zfp_p_10_so4_a2_SRF,67,0.986068347,0.986756786,99.11024306,95.37135045,0.999911621
zfp_p_10_so4_a2_SRF,68,0.986688879,0.986756786,99.19885706,4.609092749,0.999915057
zfp_p_10_so4_a2_SRF,69,0.98822331,0.965733891,99.3254485,17.58976099,0.999906958
zfp_p_10_so4_a2_SRF,70,0.989383626,0.984701462,99.23683449,20.87304176,0.999907963
zfp_p_10_so4_a2_SRF,71,0.988415607,0.982431307,99.21332465,3.67973965,0.99990526
zfp_p_10_so4_a2_SRF,72,0.980992721,0.979937068,99.17173032,2.564309962,0.999908201
zfp_p_10_so4_a2_SRF,73,0.984484417,0.946310385,99.07949942,4.124565117,0.999920545
zfp_p_10_so4_a2_SRF,74,0.9868189,0.978603241,99.1156684,6.620495445,0.999913673
zfp_p_10_so4_a2_SRF,75,0.985427064,0.974243371,99.18258102,4.864546142,0.999919119
zfp_p_10_so4_a2_SRF,76,0.982930866,0.86507887,99.18981481,4.541640883,0.999917489
zfp_p_10_so4_a2_SRF,77,0.983167344,0.975757287,99.16087963,2.355572589,0.999913676
zfp_p_10_so4_a2_SRF,78,0.978718644,0.982431307,99.20970775,5.011325542,0.999918265
zfp_p_10_so4_a2_SRF,79,0.982232814,0.957763548,99.14641204,4.59864969,0.999919994
zfp_p_10_so4_a2_SRF,80,0.987590588,0.930373091,99.20428241,5.161910942,0.999902977
zfp_p_10_so4_a2_SRF,81,0.986890071,0.985755371,99.20066551,20.93210151,0.999905808
zfp_p_10_so4_a2_SRF,82,0.988909864,0.965733891,99.16449653,9.359755888,0.999919791
zfp_p_10_so4_a2_SRF,83,0.983531006,0.965733891,99.19885706,14.36471882,0.999927984
zfp_p_10_so4_a2_SRF,84,0.987132299,0.972667733,99.22055845,15.07500451,0.999921604
zfp_p_10_so4_a2_SRF,85,0.988044568,0.94126277,99.20789931,3.444659452,0.999918761
zfp_p_10_so4_a2_SRF,86,0.985265163,0.971029624,99.30555556,3.702865687,0.999916284
zfp_p_10_so4_a2_SRF,87,0.987308512,0.961880053,99.15726273,3.764744234,0.999916815
zfp_p_10_so4_a2_SRF,88,0.985403155,0.977210288,99.17896412,5.475547399,0.999916766
zfp_p_10_so4_a2_SRF,89,0.981575267,0.957763548,99.19343171,18.44026398,0.999907648
zfp_p_10_so4_a2_SRF,90,0.982393362,0.975757287,99.17534722,3.908697714,0.999909063
zfp_p_10_so4_a2_SRF,91,0.987231897,0.927486797,99.2151331,22.83315958,0.999907928
zfp_p_10_so4_a2_SRF,92,0.986795857,0.938639316,99.14460359,9.957355871,0.99991249
zfp_p_10_so4_a2_SRF,93,0.981141279,0.9088268,99.22779225,2.514775393,0.99990264
zfp_p_10_so4_a2_SRF,94,0.984607513,0.918441169,99.22960069,3.874133848,0.999913327
zfp_p_10_so4_a2_SRF,95,0.982613241,0.981212746,99.20789931,14.05150407,0.999910836
zfp_p_10_so4_a2_SRF,96,0.980366215,0.959854801,99.19885706,3.139871248,0.999912475
zfp_p_10_so4_a2_SRF,97,0.975780334,0.92152034,99.16087963,4.236850188,0.999919155
zfp_p_10_so4_a2_SRF,98,0.979329647,0.974243371,99.20789931,11.21138643,0.999923518
zfp_p_10_so4_a2_SRF,99,0.977434508,0.982431307,99.18438947,4.423260159,0.999917104
zfp_p_10_so4_a2_SRF,100,0.9831613,0.984701462,99.2151331,40.36139341,0.999911982
zfp_p_10_so4_a2_SRF,101,0.983724816,0.948734288,99.18438947,4.325172163,0.999922714
zfp_p_10_so4_a2_SRF,102,0.982750816,0.957763548,99.24587674,6.703447657,0.999917407
zfp_p_10_so4_a2_SRF,103,0.978032514,0.963839623,99.25853588,5.438199074,0.999928827
zfp_p_10_so4_a2_SRF,104,0.984345449,0.957763548,99.18438947,7.590141632,0.999917695
zfp_p_10_so4_a2_SRF,105,0.984207122,0.963839623,99.18077257,3.428291658,0.999919019
zfp_p_10_so4_a2_SRF,106,0.981133056,0.988607252,99.16811343,3.653879047,0.999925983
zfp_p_10_so4_a2_SRF,107,0.977629189,0.9675633,99.21332465,18.58426216,0.999923551
zfp_p_10_so4_a2_SRF,108,0.984851552,0.977210288,99.19524016,3.947143572,0.999922456
zfp_p_10_so4_a2_SRF,109,0.982987004,0.961880053,99.18077257,62.48391011,0.999922557
zfp_p_10_so4_a2_SRF,110,0.980505314,0.981212746,99.32906539,8.366463608,0.999893733
zfp_p_10_so4_a2_SRF,111,0.982305091,0.946310385,99.17353877,12.23513438,0.999908441
zfp_p_10_so4_a2_SRF,112,0.982918068,0.981212746,99.24045139,9.311145105,0.999926799
zfp_p_10_so4_a2_SRF,113,0.981154528,0.953382068,99.18800637,5.068663666,0.999919519
zfp_p_10_so4_a2_SRF,114,0.980466565,0.955606035,99.20066551,2.367864887,0.999899767
zfp_p_10_so4_a2_SRF,115,0.981883701,0.94126277,99.29289641,3.987036118,0.999922908
zfp_p_10_so4_a2_SRF,116,0.986205324,0.965733891,99.20247396,5.696805574,0.999909202
zfp_p_10_so4_a2_SRF,117,0.980689828,0.9088268,99.16630498,32.88158115,0.999914448
zfp_p_10_so4_a2_SRF,118,0.985893115,0.986756786,99.20247396,6.549705304,0.999911819
zfp_p_10_so4_a2_SRF,119,0.98408026,0.969328356,99.17353877,4.146844109,0.999910275
zfp_p_10_so4_a2_SRF,120,0.984785516,0.9675633,99.2223669,3.908285706,0.999907847
zfp_p_10_so4_a2_SRF,121,0.983974007,0.982431307,99.18981481,10.30478023,0.999909484
zfp_p_10_so4_a2_SRF,122,0.98022838,0.948734288,99.24406829,2.620670748,0.999898546
zfp_p_10_so4_a2_SRF,123,0.982366512,0.969328356,99.26396123,3.665957491,0.999911589
zfp_p_10_so4_a2_SRF,124,0.979884356,0.992408142,99.13556134,2.958290324,0.999906512
zfp_p_10_so4_a2_SRF,125,0.981385533,0.902109797,99.1192853,11.2415462,0.999899505
zfp_p_10_so4_a2_SRF,126,0.981910033,0.95109151,99.18981481,2.263670815,0.999920607
zfp_p_10_so4_a2_SRF,127,0.981551925,0.974243371,99.20609086,7.034399156,0.999915421
zfp_p_10_so4_a2_SRF,128,0.980696113,0.979937068,99.29651331,3.103145122,0.999902423
zfp_p_10_so4_a2_SRF,129,0.980906196,0.961880053,99.25853588,34.81184222,0.999898022
zfp_p_10_so4_a2_SRF,130,0.983944054,0.982431307,99.20970775,10.80135153,0.999915571
zfp_p_10_so4_a2_SRF,131,0.985195217,0.965733891,99.20789931,42.94463676,0.999906824
zfp_p_10_so4_a2_SRF,132,0.98346255,0.984701462,99.13375289,32.9667821,0.999911898
zfp_p_10_so4_a2_SRF,133,0.981150902,0.977210288,99.13917824,8.448802857,0.999895435
zfp_p_10_so4_a2_SRF,134,0.980152912,0.9675633,99.12832755,8.306857042,0.999917115
zfp_p_10_so4_a2_SRF,135,0.980998404,0.977210288,99.26757813,3.133496389,0.9999281
zfp_p_10_so4_a2_SRF,136,0.984178983,0.989458959,99.18981481,6.371112972,0.999913293
zfp_p_10_so4_a2_SRF,137,0.979763725,0.957763548,99.26757813,15.41417819,0.999911306
zfp_p_10_so4_a2_SRF,138,0.980677622,0.986756786,99.2115162,17.01764639,0.999898419
zfp_p_10_so4_a2_SRF,139,0.980721852,0.965733891,99.18800637,10.38980072,0.999924849
zfp_p_10_so4_a2_SRF,140,0.983290976,0.981212746,99.22960069,15.69036986,0.99992729
zfp_p_10_so4_a2_SRF,141,0.976960596,0.985755371,99.19162326,12.71357121,0.999924321
zfp_p_10_so4_a2_SRF,142,0.982764222,0.979937068,99.15364583,12.15323422,0.999912734
zfp_p_10_so4_a2_SRF,143,0.982132737,0.977210288,99.27842882,24.63661313,0.999914797
zfp_p_10_so4_a2_SRF,144,0.982134072,0.933194182,99.2151331,21.85925592,0.99990953
zfp_p_10_so4_a2_SRF,145,0.984812387,0.977210288,99.26034433,19.53895696,0.999907962
zfp_p_10_so4_a2_SRF,146,0.984588278,0.989458959,99.20066551,12.44893419,0.999912984
zfp_p_10_so4_a2_SRF,147,0.983097876,0.974243371,99.20066551,982.3417674,0.9999146
zfp_p_10_so4_a2_SRF,148,0.982623148,0.982431307,99.22960069,4.933503291,0.999885616
zfp_p_10_so4_a2_SRF,149,0.981731985,0.946310385,99.24949363,22.3844429,0.999862971
zfp_p_10_so4_a2_SRF,150,0.97635455,0.982431307,99.20428241,6.313254471,0.999904611
zfp_p_10_so4_a2_SRF,151,0.984019496,0.988607252,99.29651331,16.38451485,0.999919772
zfp_p_10_so4_a2_SRF,152,0.984475302,0.957763548,99.24045139,23.73995955,0.999918226
zfp_p_10_so4_a2_SRF,153,0.983983431,0.927486797,99.2115162,7.9500343,0.999913263
zfp_p_10_so4_a2_SRF,154,0.984777987,0.99999736,99.26757813,61.74000457,0.999907725
zfp_p_10_so4_a2_SRF,155,0.984374126,0.979937068,99.20609086,43.834845,0.999922544
zfp_p_10_so4_a2_SRF,156,0.977458747,0.95109151,99.23321759,105.07737,0.999902188
zfp_p_10_so4_a2_SRF,157,0.983311135,0.963839623,99.20789931,97.04365387,0.999908035
zfp_p_10_so4_a2_SRF,158,0.983348212,0.971029624,99.2259838,28.40159948,0.999912486
zfp_p_10_so4_a2_SRF,159,0.985334889,0.979937068,99.16449653,62.31209651,0.999914425
zfp_p_10_so4_a2_SRF,160,0.9805276,0.972667733,99.17173032,49.58399851,0.999925262
zfp_p_10_so4_a2_SRF,161,0.981299864,0.988607252,99.17353877,11.70746624,0.999923155
zfp_p_10_so4_a2_SRF,162,0.983080409,0.977210288,99.24949363,57.47648937,0.999913276
zfp_p_10_so4_a2_SRF,163,0.982902497,0.979937068,99.2223669,11.51252258,0.999912978
zfp_p_10_so4_a2_SRF,164,0.979288751,0.542726302,99.24406829,55.67251659,0.999903922
zfp_p_10_so4_a2_SRF,165,0.979607524,0.887965331,99.24768519,197.9012986,0.999905158
zfp_p_10_so4_a2_SRF,166,0.976197453,0.953382068,99.21694155,157.5615871,0.999904842
zfp_p_10_so4_a2_SRF,167,0.9792296,0.963839623,99.28566262,26.18114571,0.999914424
zfp_p_10_so4_a2_SRF,168,0.983604656,0.984701462,99.23683449,11.84553725,0.999914981
zfp_p_10_so4_a2_SRF,169,0.982256939,0.987706977,99.26215278,54.24027834,0.999913811
zfp_p_10_so4_a2_SRF,170,0.983098944,0.975757287,99.16992188,49.75903503,0.999905853
zfp_p_10_so4_a2_SRF,171,0.982180898,0.959854801,99.13375289,121.7718215,0.999908777
zfp_p_10_so4_a2_SRF,172,0.98321105,0.972667733,99.24587674,35.61443792,0.999915875
zfp_p_10_so4_a2_SRF,173,0.98116009,0.938639316,99.13194444,24.75274119,0.999922866
zfp_p_10_so4_a2_SRF,174,0.977938632,0.982431307,99.24587674,5.395637733,0.999887191
zfp_p_10_so4_a2_SRF,175,0.97813591,0.948734288,99.23321759,55.46548578,0.999915706
zfp_p_10_so4_a2_SRF,176,0.984107489,0.918441169,99.28023727,27.91499005,0.999895653
zfp_p_10_so4_a2_SRF,177,0.982063028,0.985755371,99.26034433,21.14604524,0.99991046
zfp_p_10_so4_a2_SRF,178,0.984431658,0.985755371,99.18619792,6.748776526,0.999914877
zfp_p_10_so4_a2_SRF,179,0.982361336,0.953382068,99.24768519,10.92689199,0.999911518
zfp_p_10_so4_a2_SRF,180,0.985481304,0.978603241,99.28747106,7.925908859,0.999913377
zfp_p_10_so4_a2_SRF,181,0.981667252,0.990263477,99.27662037,49.31004385,0.999923429
zfp_p_10_so4_a2_SRF,182,0.984500036,0.957763548,99.19524016,14.40751927,0.999918248
zfp_p_10_so4_a2_SRF,183,0.983946243,0.972667733,99.20247396,13.42019761,0.999911956
zfp_p_10_so4_a2_SRF,184,0.980668611,0.933194182,99.27662037,98.31065504,0.999920235
zfp_p_10_so4_a2_SRF,185,0.976064492,0.977210288,99.31640625,11.52005208,0.999910036
zfp_p_10_so4_a2_SRF,186,0.983432723,0.983593835,99.29289641,240.8381181,0.999924408
zfp_p_10_so4_a2_SRF,187,0.979174596,0.984701462,99.16992188,15.50456083,0.999930922
zfp_p_10_so4_a2_SRF,188,0.978335899,0.985755371,99.24225984,6.143691508,0.999929435
zfp_p_10_so4_a2_SRF,189,0.975487377,0.982431307,99.24949363,40.22019912,0.999917323
zfp_p_10_so4_a2_SRF,190,0.983943123,0.983593835,99.2151331,22.33017701,0.999918707
zfp_p_10_so4_a2_SRF,191,0.981675774,0.974243371,99.26034433,235.4199834,0.999925158
zfp_p_10_so4_a2_SRF,192,0.977371822,0.974243371,99.3182147,121.2898673,0.99992459
zfp_p_10_so4_a2_SRF,193,0.981497442,0.972667733,99.19524016,394.6065219,0.99990802
zfp_p_10_so4_a2_SRF,194,0.980752788,0.969328356,99.16087963,36.5724227,0.999892049
zfp_p_10_so4_a2_SRF,195,0.983182435,0.957763548,99.19704861,9.816642267,0.999907904
zfp_p_10_so4_a2_SRF,196,0.983709506,1,99.24587674,9.116923216,0.99989945
zfp_p_10_so4_a2_SRF,197,0.981308695,1,99.24225984,13.50884417,0.999911917
zfp_p_10_so4_a2_SRF,198,0.983019291,0.981212746,99.28023727,68.87287073,0.999918356
zfp_p_10_so4_a2_SRF,199,0.980877653,0.998360595,99.24225984,95.05203115,0.999933979
zfp_p_10_so4_a2_SRF,200,0.980972538,0.999700262,99.26576968,52.70338044,0.999923188
zfp_p_10_so4_a2_SRF,201,0.982293069,0.983593835,99.30917245,6.871094053,0.999914946
zfp_p_10_so4_a2_SRF,202,0.981560212,0.938639316,99.19885706,2.201557316,0.999916116
zfp_p_10_so4_a2_SRF,203,0.985539526,0.975757287,99.21694155,5.068538218,0.999905922
zfp_p_10_so4_a2_SRF,204,0.981119715,0.969328356,99.26034433,15.05768783,0.999915805
zfp_p_10_so4_a2_SRF,205,0.981340182,0.999999281,99.24406829,3.489089658,0.99990819
zfp_p_10_so4_a2_SRF,206,0.984724901,1,99.24045139,7.083150362,0.999920319
zfp_p_10_so4_a2_SRF,207,0.981461361,0.999999929,99.21694155,3.225953015,0.999915414
zfp_p_10_so4_a2_SRF,208,0.983464368,0.990263477,99.24587674,5.5474845,0.999922628
zfp_p_10_so4_a2_SRF,209,0.981127108,0.974243371,99.22779225,4.781237233,0.999933766
zfp_p_10_so4_a2_SRF,210,0.984707998,0.915298775,99.27300347,6.324549837,0.999912265
zfp_p_10_so4_a2_SRF,211,0.983614094,0.957763548,99.2259838,30.62218173,0.999920106
zfp_p_10_so4_a2_SRF,212,0.982798343,0.989458959,99.2223669,31.29166265,0.999912223
zfp_p_10_so4_a2_SRF,213,0.984263999,0.9675633,99.25491898,19.26825489,0.999906427
zfp_p_10_so4_a2_SRF,214,0.981027488,0.961880053,99.26215278,12.94171086,0.999917022
zfp_p_10_so4_a2_SRF,215,0.978539515,0.990263477,99.18258102,18.62722014,0.999904782
zfp_p_10_so4_a2_SRF,216,0.977871014,0.974243371,99.22417535,8.546001209,0.999878733
zfp_p_10_so4_a2_SRF,217,0.980226531,0.987706977,99.2223669,27.90577441,0.999913267
zfp_p_10_so4_a2_SRF,218,0.981821455,0.981212746,99.21694155,7.049424863,0.999914928
zfp_p_10_so4_a2_SRF,219,0.982261521,0.981212746,99.29832176,5.935145479,0.999916708
zfp_p_10_so4_a2_SRF,220,0.976891676,0.999999929,99.27662037,3.93627589,0.999916677
zfp_p_10_so4_a2_SRF,221,0.979330738,0.99991585,99.25672743,5.324209388,0.999926269
zfp_p_10_so4_a2_SRF,222,0.983767583,0.984701462,99.24045139,13.80203157,0.999914212
zfp_p_10_so4_a2_SRF,223,0.979632255,0.948734288,99.23864294,9.96922595,0.999921443
zfp_p_10_so4_a2_SRF,224,0.982227913,0.9088268,99.27481192,18.89538562,0.999902979
zfp_p_10_so4_a2_SRF,225,0.980937305,0.972667733,99.19704861,13.030136,0.99989595
zfp_p_10_so4_a2_SRF,226,0.979348233,0.988607252,99.28927951,9.902856411,0.999914184
zfp_p_10_so4_a2_SRF,227,0.982525491,0.930373091,99.20609086,91.07174618,0.999921448
zfp_p_10_so4_a2_SRF,228,0.982134909,0.957763548,99.26034433,6.149279884,0.999898592
zfp_p_10_so4_a2_SRF,229,0.978742822,0.981212746,99.23502604,7.715957216,0.999903591
zfp_p_10_so4_a2_SRF,230,0.9790642,0.989458959,99.20609086,3.891451314,0.999891267
zfp_p_10_so4_a2_SRF,231,0.976778903,0.948734288,99.15545428,3.800604198,0.999912905
zfp_p_10_so4_a2_SRF,232,0.977854784,0.963839623,99.23502604,6.947281942,0.999914715
zfp_p_10_so4_a2_SRF,233,0.974961072,0.982431307,99.19704861,7.997018559,0.999908832
zfp_p_10_so4_a2_SRF,234,0.983428313,0.982431307,99.28204572,3.609854307,0.999925778
zfp_p_10_so4_a2_SRF,235,0.976214655,0.988607252,99.24406829,38.0233157,0.999892887
zfp_p_10_so4_a2_SRF,236,0.979031035,0.981212746,99.24768519,7.080013527,0.999912277
zfp_p_10_so4_a2_SRF,237,0.976616806,0.985755371,99.27662037,4.38754708,0.999923932
zfp_p_10_so4_a2_SRF,238,0.981995765,0.95109151,99.20789931,3.364518482,0.999920314
zfp_p_10_so4_a2_SRF,239,0.98512174,0.933194182,99.19162326,4.148295697,0.999917698
zfp_p_10_so4_a2_SRF,240,0.98243829,0.9675633,99.20428241,10.18941349,0.999920515
zfp_p_10_so4_a2_SRF,241,0.979490651,0.975757287,99.25672743,9.391377994,0.999899699
zfp_p_10_so4_a2_SRF,242,0.981629742,0.971029624,99.28927951,8.355730969,0.999909467
zfp_p_10_so4_a2_SRF,243,0.9793732,0.978603241,99.20789931,1.916301583,0.999918312
zfp_p_10_so4_a2_SRF,244,0.979682531,0.971029624,99.23864294,4.31670803,0.999918469
zfp_p_10_so4_a2_SRF,245,0.969405463,0.975757287,99.21332465,9.682291042,0.999907022
zfp_p_10_so4_a2_SRF,246,0.97988948,0.979937068,99.25130208,3.425119211,0.999916278
zfp_p_10_so4_a2_SRF,247,0.979863244,0.969328356,99.18619792,6.519555876,0.999910998
zfp_p_10_so4_a2_SRF,248,0.977278737,0.972667733,99.27300347,7.037738456,0.999922489
zfp_p_10_so4_a2_SRF,249,0.977716773,0.978603241,99.30013021,21.69055094,0.999904354
zfp_p_10_so4_a2_SRF,250,0.979777288,0.990263477,99.26938657,5.351795027,0.999919044
zfp_p_10_so4_a2_SRF,251,0.980907912,0.981212746,99.24406829,12.98023197,0.99992356
zfp_p_10_so4_a2_SRF,252,0.979735367,0.977210288,99.19162326,6.815881259,0.999915479
zfp_p_10_so4_a2_SRF,253,0.981280803,0.971029624,99.25672743,7.743674497,0.999906931
zfp_p_10_so4_a2_SRF,254,0.973267596,0.930373091,99.25853588,9.836752411,0.999879043
zfp_p_10_so4_a2_SRF,255,0.979034691,0.930373091,99.22417535,2.137926242,0.999901618
zfp_p_10_so4_a2_SRF,256,0.978109479,0.983593835,99.25311053,3.678423459,0.999925452
zfp_p_10_so4_a2_SRF,257,0.983432805,0.974243371,99.26215278,6.41433666,0.999911779
zfp_p_10_so4_a2_SRF,258,0.982669016,0.981212746,99.2151331,9.015052363,0.999883474
zfp_p_10_so4_a2_SRF,259,0.979249723,0.836106524,99.2151331,4.927009417,0.999906734
zfp_p_10_so4_a2_SRF,260,0.982518082,0.974243371,99.20428241,3.13212723,0.999912706
zfp_p_10_so4_a2_SRF,261,0.978368184,0.983593835,99.20789931,5.237694525,0.999913307
zfp_p_10_so4_a2_SRF,262,0.980544056,0.996417342,99.20789931,11.32139099,0.999916939
zfp_p_10_so4_a2_SRF,263,0.980928622,0.991736617,99.26576968,4.083002515,0.999903605
zfp_p_10_so4_a2_SRF,264,0.978384693,0.983593835,99.19524016,3.311110821,0.999889429
zfp_p_10_so4_a2_SRF,265,0.980714118,0.971029624,99.28927951,8.802482513,0.999921507
zfp_p_10_so4_a2_SRF,266,0.976209098,0.969328356,99.21875,9.037126861,0.999897228
zfp_p_10_so4_a2_SRF,267,0.977211796,0.982431307,99.23683449,3.730706325,0.999908632
zfp_p_10_so4_a2_SRF,268,0.982518294,0.9675633,99.23683449,6.646725579,0.999899444
zfp_p_10_so4_a2_SRF,269,0.978851539,0.975757287,99.22417535,15.02659978,0.999905675
zfp_p_10_so4_a2_SRF,270,0.978351184,0.969328356,99.20789931,8.403914319,0.999913522
zfp_p_10_so4_a2_SRF,271,0.982343605,0.95109151,99.20789931,28.28059001,0.999919106
zfp_p_10_so4_a2_SRF,272,0.977206121,0.987706977,99.23502604,3.725101949,0.999884457
zfp_p_10_so4_a2_SRF,273,0.982533328,0.984701462,99.24045139,11.20887986,0.999903922
zfp_p_10_so4_a2_SRF,274,0.983404788,0.938639316,99.29470486,5.141081965,0.999919806
zfp_p_10_so4_a2_SRF,275,0.980496935,0.989458959,99.25491898,4.403815503,0.999917253
zfp_p_10_so4_a2_SRF,276,0.98296862,0.943819845,99.22779225,3.727761943,0.999915325
zfp_p_10_so4_a2_SRF,277,0.982851842,0.981212746,99.25491898,3.563318935,0.999911965
zfp_p_10_so4_a2_SRF,278,0.985300585,0.978603241,99.18077257,10.56363437,0.999920911
zfp_p_10_so4_a2_SRF,279,0.982800468,0.972667733,99.13556134,2.685901933,0.999915884
zfp_p_10_so4_a2_SRF,280,0.978401355,0.924535722,99.2115162,3.150447703,0.999912436
zfp_p_10_so4_a2_SRF,281,0.982912567,0.987706977,99.28204572,8.082894439,0.999905627
zfp_p_10_so4_a2_SRF,282,0.985248506,0.977210288,99.307364,17.39559597,0.99991384
zfp_p_10_so4_a2_SRF,283,0.98498964,0.977210288,99.22055845,9.848231603,0.99991757
zfp_p_10_so4_a2_SRF,284,0.982634506,0.972667733,99.20789931,10.81821179,0.999915868
zfp_p_10_so4_a2_SRF,285,0.982634073,0.991022216,99.28747106,15.18001065,0.999915765
zfp_p_10_so4_a2_SRF,286,0.981901533,0.99872155,99.25491898,4.301504765,0.999917847
zfp_p_10_so4_a2_SRF,287,0.981507051,0.997922462,99.25853588,5.157290808,0.999922636
zfp_p_10_so4_a2_SRF,288,0.982339706,0.982431307,99.18800637,115.0872287,0.999916102
zfp_p_10_so4_a2_SRF,289,0.982766233,0.979937068,99.2115162,20.78080747,0.999918911
zfp_p_10_so4_a2_SRF,290,0.985118826,0.959854801,99.26757813,120.6125655,0.999912839
zfp_p_10_so4_a2_SRF,291,0.983076266,0.979937068,99.17534722,3.469084839,0.999914
zfp_p_10_so4_a2_SRF,292,0.984252752,0.989458959,99.27119502,16.02249271,0.999911193
zfp_p_10_so4_a2_SRF,293,0.984094541,0.965733891,99.20609086,13.30697541,0.999918262
zfp_p_10_so4_a2_SRF,294,0.982706539,0.9675633,99.23321759,8.390014809,0.999919805
zfp_p_10_so4_a2_SRF,295,0.984702129,0.924535722,99.22417535,9.696356494,0.999916503
zfp_p_10_so4_a2_SRF,296,0.983393811,0.8529422,99.13375289,104.568059,0.999914298
zfp_p_10_so4_a2_SRF,297,0.984008069,0.986756786,99.26396123,88.5291908,0.999912202
zfp_p_10_so4_a2_SRF,298,0.985947899,0.981212746,99.26576968,11.47821722,0.99991449
zfp_p_10_so4_a2_SRF,299,0.982298943,0.895153777,99.20609086,98.22005337,0.999909462
zfp_p_10_so4_a2_SRF,300,0.984983151,0.959854801,99.21332465,35.63637034,0.999907832
zfp_p_10_so4_a2_SRF,301,0.981711589,0.924535722,99.24587674,4.670721467,0.999902674
zfp_p_10_so4_a2_SRF,302,0.982824037,0.961880053,99.19704861,3.383482229,0.99991601
zfp_p_10_so4_a2_SRF,303,0.985286343,0.974243371,99.24406829,14.11131253,0.999912078
zfp_p_10_so4_a2_SRF,304,0.985908847,0.971029624,99.36704282,9.516027464,0.999910894
zfp_p_10_so4_a2_SRF,305,0.984448907,0.933194182,99.19704861,10.50297643,0.999905063
zfp_p_10_so4_a2_SRF,306,0.979986046,0.971029624,99.18800637,27.5876497,0.999897672
zfp_p_10_so4_a2_SRF,307,0.983725291,0.961880053,99.22417535,46.19770694,0.999910993
zfp_p_10_so4_a2_SRF,308,0.986770138,0.983593835,99.18258102,11.85752262,0.999913962
zfp_p_10_so4_a2_SRF,309,0.981691323,0.953382068,99.2223669,10.19549864,0.999900293
zfp_p_10_so4_a2_SRF,310,0.980747233,0.963839623,99.20247396,48.15338243,0.999908822
zfp_p_10_so4_a2_SRF,311,0.986995463,0.978603241,99.23140914,11.00338908,0.999909608
zfp_p_10_so4_a2_SRF,312,0.985250025,0.872920085,99.1265191,17.29631958,0.99989828
zfp_p_10_so4_a2_SRF,313,0.981682148,0.927486797,99.16992188,27.03716346,0.999907658
zfp_p_10_so4_a2_SRF,314,0.981994553,0.918441169,99.25853588,5.373536678,0.999893576
zfp_p_10_so4_a2_SRF,315,0.983605148,0.9675633,99.21694155,6.676058381,0.999899458
zfp_p_10_so4_a2_SRF,316,0.984566944,0.979937068,99.22960069,2.473391487,0.999909585
zfp_p_10_so4_a2_SRF,317,0.986416676,0.979937068,99.26215278,3.331791643,0.999924991
zfp_p_10_so4_a2_SRF,318,0.982796425,0.957763548,99.15726273,34.21680363,0.99990502
zfp_p_10_so4_a2_SRF,319,0.984131047,0.981212746,99.13917824,3.49455385,0.999909889
zfp_p_10_so4_a2_SRF,320,0.983256721,0.963839623,99.17534722,2.503947127,0.9999047
zfp_p_10_so4_a2_SRF,321,0.982890816,0.979937068,99.15726273,34.76894844,0.9998897
zfp_p_10_so4_a2_SRF,322,0.982782069,0.95109151,99.10300926,3.121809763,0.999908075
zfp_p_10_so4_a2_SRF,323,0.985697186,1,99.21332465,3.521742743,0.999902778
zfp_p_10_so4_a2_SRF,324,0.986407212,1,99.25853588,4.347672805,0.999908568
zfp_p_10_so4_a2_SRF,325,0.982357456,0.988607252,99.17896412,6.149119048,0.999910349
zfp_p_10_so4_a2_SRF,326,0.986369293,0.957763548,99.20970775,32.50799785,0.999919959
zfp_p_10_so4_a2_SRF,327,0.983538273,0.971029624,99.23502604,6.124753603,0.999901859
zfp_p_10_so4_a2_SRF,328,0.98125554,0.983593835,99.14822049,4.76821221,0.999878197
zfp_p_10_so4_a2_SRF,329,0.983951367,0.979937068,99.13736979,16.0632092,0.999894171
zfp_p_10_so4_a2_SRF,330,0.987662064,0.974243371,99.17715567,23.9128487,0.999902371
zfp_p_10_so4_a2_SRF,331,0.986734288,0.991022216,99.16087963,49.00639608,0.99991479
zfp_p_10_so4_a2_SRF,332,0.983785585,0.975757287,99.23140914,3.894655496,0.99990623
zfp_p_10_so4_a2_SRF,333,0.985697793,0.975757287,99.17896412,3.205487865,0.9999133
zfp_p_10_so4_a2_SRF,334,0.987456423,0.965733891,99.16811343,2.867379649,0.999893082
zfp_p_10_so4_a2_SRF,335,0.986976706,0.9675633,99.19343171,2.034090353,0.999903251
zfp_p_10_so4_a2_SRF,336,0.982347731,0.985755371,99.18619792,19.03521252,0.999903136
zfp_p_10_so4_a2_SRF,337,0.986199919,0.982431307,99.16449653,2.106683771,0.999907736
zfp_p_10_so4_a2_SRF,338,0.987453507,0.99872155,99.21332465,2.708499718,0.999912087
zfp_p_10_so4_a2_SRF,339,0.986632134,0.978603241,99.23140914,21.42419756,0.999908237
zfp_p_10_so4_a2_SRF,340,0.983779533,0.971029624,99.19704861,3.319328378,0.99990926
zfp_p_10_so4_a2_SRF,341,0.986381465,0.977210288,99.14279514,4.067214466,0.999904789
zfp_p_10_so4_a2_SRF,342,0.988468998,0.985755371,99.2259838,9.437490602,0.999897917
zfp_p_10_so4_a2_SRF,343,0.989144692,0.979937068,99.19524016,9.008416438,0.999907538
zfp_p_10_so4_a2_SRF,344,0.986473221,0.974243371,99.20428241,5.447990424,0.999911418
zfp_p_10_so4_a2_SRF,345,0.983034426,0.979937068,99.17534722,8.901872414,0.999905312
zfp_p_10_so4_a2_SRF,346,0.985617411,0.918441169,99.24949363,7.317073218,0.999918503
zfp_p_10_so4_a2_SRF,347,0.989709479,0.891588175,99.16630498,9.427437418,0.999919227
zfp_p_10_so4_a2_SRF,348,0.988592101,0.965733891,99.11747685,7.215476005,0.999917973
zfp_p_10_so4_a2_SRF,349,0.989997824,0.985755371,99.19162326,14.50991641,0.999913818
zfp_p_10_so4_a2_SRF,350,0.984867321,1,99.25853588,4.769368061,0.999897153
zfp_p_10_so4_a2_SRF,351,0.983067994,0.979937068,99.15002894,35.97513358,0.999900543
zfp_p_10_so4_a2_SRF,352,0.988871211,0.943819845,99.18800637,34.82158021,0.999913891
zfp_p_10_so4_a2_SRF,353,0.989299535,0.975757287,99.14460359,54.62389467,0.999913269
zfp_p_10_so4_a2_SRF,354,0.989123887,0.978603241,99.17896412,24.53246266,0.999904429
zfp_p_10_so4_a2_SRF,355,0.989838197,0.9088268,99.17534722,14.39708019,0.999909085
zfp_p_10_so4_a2_SRF,356,0.986777041,0.963839623,99.2115162,21.68394423,0.999897921
zfp_p_10_so4_a2_SRF,357,0.984047533,0.982431307,99.2223669,38.81845068,0.999901899
zfp_p_10_so4_a2_SRF,358,0.980041795,0.912093768,99.19162326,2.955894292,0.999918688
zfp_p_10_so4_a2_SRF,359,0.981289687,0.9675633,99.16992188,8.514679853,0.999915811
zfp_p_10_so4_a2_SRF,360,0.987290154,0.965733891,99.19343171,23.45274639,0.999919037
zfp_p_10_so4_a2_SRF,361,0.986848896,0.924535722,99.17353877,18.31062859,0.999903991
zfp_p_10_so4_a2_SRF,362,0.989159842,0.959854801,99.23683449,26.31641394,0.9999094
zfp_p_10_so4_a2_SRF,363,0.98636701,0.971029624,99.20609086,7.559303394,0.999913954
zfp_p_10_so4_a2_SRF,364,0.986691048,0.978603241,99.15002894,5.492992333,0.999917392
zfp_p_10_so4_a2_SRF,365,0.987008179,0.982431307,99.20970775,8.75486923,0.999917221
zfp_p_10_so4_a2_SRF,366,0.990386742,0.959854801,99.1192853,17.22817594,0.999916194
zfp_p_10_so4_a2_SRF,367,0.989604777,0.957763548,99.12471065,3.922958196,0.999919325
zfp_p_10_so4_a2_SRF,368,0.987478985,0.9675633,99.16630498,5.492549635,0.999919803
zfp_p_10_so4_a2_SRF,369,0.988791934,0.961880053,99.16630498,59.70853518,0.999916046
zfp_p_10_so4_a2_SRF,370,0.990038662,0.943819845,99.10662616,16.95694903,0.999911487
zfp_p_10_so4_a2_SRF,371,0.989156447,0.986756786,99.2151331,214.7104874,0.999916965
zfp_p_10_so4_a2_SRF,372,0.984085683,0.984701462,99.13556134,85.08471457,0.999906914
zfp_p_10_so4_a2_SRF,373,0.983482839,0.965733891,99.14641204,5.736168105,0.999916275
zfp_p_10_so4_a2_SRF,374,0.982193568,0.969328356,99.18800637,2.978426743,0.999902541
zfp_p_10_so4_a2_SRF,375,0.982642055,0.948734288,99.20428241,8.245348205,0.999874348
zfp_p_10_so4_a2_SRF,376,0.983564849,0.930373091,99.21875,5.815726441,0.999905984
zfp_p_10_so4_a2_SRF,377,0.985863906,0.969328356,99.19162326,2.077560104,0.999911394
zfp_p_10_so4_a2_SRF,378,0.98792395,0.978603241,99.2115162,3.50848501,0.999901175
zfp_p_10_so4_a2_SRF,379,0.987773358,0.986756786,99.20970775,31.96898936,0.999899936
zfp_p_10_so4_a2_SRF,380,0.989185853,0.987706977,99.22960069,9.501392888,0.999917403
zfp_p_10_so4_a2_SRF,381,0.980308484,0.981212746,99.2223669,12.76052523,0.999915753
zfp_p_10_so4_a2_SRF,382,0.985751471,0.961880053,99.22960069,12.00330916,0.999918622
zfp_p_10_so4_a2_SRF,383,0.988113177,0.943819845,99.2151331,4.589548943,0.999912541
zfp_p_10_so4_a2_SRF,384,0.987118076,0.983593835,99.17715567,9.437957394,0.999903123
zfp_p_10_so4_a2_SRF,385,0.983937444,0.983593835,99.24587674,5.888007784,0.99990645
zfp_p_10_so4_a2_SRF,386,0.985165207,0.982431307,99.17173032,6.339664761,0.999906204
zfp_p_10_so4_a2_SRF,387,0.988366956,0.971029624,99.21875,12.84924043,0.999903333
zfp_p_10_so4_a2_SRF,388,0.984426687,0.977210288,99.21875,5.794292987,0.999896745
zfp_p_10_so4_a2_SRF,389,0.981645259,0.963839623,99.2115162,4.77342088,0.999898026
zfp_p_10_so4_a2_SRF,390,0.988049814,0.915298775,99.19704861,3.161025429,0.999920951
zfp_p_10_so4_a2_SRF,391,0.987129738,0.948734288,99.15183738,3.568241745,0.999914175
zfp_p_10_so4_a2_SRF,392,0.987332054,0.953382068,99.13917824,12.00400027,0.999905877
zfp_p_10_so4_a2_SRF,393,0.986931375,0.982431307,99.16087963,4.393925675,0.999907252
zfp_p_10_so4_a2_SRF,394,0.985142317,0.969328356,99.2115162,6.904572608,0.999896089
zfp_p_10_so4_a2_SRF,395,0.985430609,0.979937068,99.16992188,4.178630253,0.999894309
zfp_p_10_so4_a2_SRF,396,0.985748669,0.982431307,99.14641204,7.492679425,0.999909369
zfp_p_10_so4_a2_SRF,397,0.984980916,0.984701462,99.17353877,5.479893362,0.99989164
zfp_p_10_so4_a2_SRF,398,0.983010443,0.999786331,99.20970775,7.516650736,0.999902625
zfp_p_10_so4_a2_SRF,399,0.984440129,1,99.22779225,3.101118491,0.999919382
zfp_p_10_so4_a2_SRF,400,0.986347653,0.989458959,99.18077257,82.62410898,0.999914025
zfp_p_10_so4_a2_SRF,401,0.983359115,0.9675633,99.16087963,17.9962665,0.999903198
zfp_p_10_so4_a2_SRF,402,0.986798538,0.975757287,99.17896412,11.09694803,0.999903386
zfp_p_10_so4_a2_SRF,403,0.98402706,0.977210288,99.19524016,3.56156562,0.999903691
zfp_p_10_so4_a2_SRF,404,0.983036185,0.982431307,99.23140914,6.434892126,0.999884025
zfp_p_10_so4_a2_SRF,405,0.987768598,0.963839623,99.13736979,5.379518662,0.999914405
zfp_p_10_so4_a2_SRF,406,0.987721064,0.961880053,99.21694155,11.90382572,0.999908351
zfp_p_10_so4_a2_SRF,407,0.987669184,0.94126277,99.18800637,12.97879096,0.999905519
zfp_p_10_so4_a2_SRF,408,0.987536258,0.95109151,99.21694155,20.49218293,0.999906813
zfp_p_10_so4_a2_SRF,409,0.985902603,0.969328356,99.2115162,7.151027654,0.999907911
zfp_p_10_so4_a2_SRF,410,0.986401614,0.989458959,99.24045139,1.400485003,0.999912375
zfp_p_10_so4_a2_SRF,411,0.984553662,0.974243371,99.20789931,2.296527764,0.99991035
zfp_p_10_so4_a2_SRF,412,0.983840519,0.983593835,99.11747685,3.662151723,0.999913325
zfp_p_10_so4_a2_SRF,413,0.987213543,0.915298775,99.17715567,2.471486111,0.999908929
zfp_p_10_so4_a2_SRF,414,0.987770738,0.972667733,99.24225984,7.478892606,0.99991144
zfp_p_10_so4_a2_SRF,415,0.98978693,0.971029624,99.18981481,9.043465206,0.999910768
zfp_p_10_so4_a2_SRF,416,0.986500024,0.938639316,99.16630498,9.885691345,0.99990385
zfp_p_10_so4_a2_SRF,417,0.985967516,0.924535722,99.23864294,4.268195233,0.999909452
zfp_p_10_so4_a2_SRF,418,0.986824398,0.983593835,99.21875,5.645690625,0.999906552
zfp_p_10_so4_a2_SRF,419,0.987318077,0.965733891,99.16630498,2.737108795,0.999905393
zfp_p_10_so4_a2_SRF,420,0.985763633,0.9088268,99.2259838,4.115616964,0.999908916
zfp_p_10_so4_a2_SRF,421,0.986733995,0.930373091,99.25672743,4.065725571,0.999917269
zfp_p_10_so4_a2_SRF,422,0.988377657,0.971029624,99.26034433,2.062321592,0.999913742
zfp_p_10_so4_a2_SRF,423,0.987076748,0.95109151,99.2115162,2.106082443,0.999898272
zfp_p_10_so4_a2_SRF,424,0.988929262,0.876762554,99.12471065,25.78082281,0.99991232
zfp_p_10_so4_a2_SRF,425,0.987093475,0.955606035,99.20970775,7.916753988,0.999908466
zfp_p_10_so4_a2_SRF,426,0.988326875,0.965733891,99.23321759,23.53276607,0.999909019
zfp_p_10_so4_a2_SRF,427,0.98893124,0.9675633,99.28204572,6.006102312,0.999917336
zfp_p_10_so4_a2_SRF,428,0.988350701,0.943819845,99.19885706,10.85815237,0.999921282
zfp_p_10_so4_a2_SRF,429,0.986533058,0.988607252,99.22779225,6.225028576,0.999918103
zfp_p_10_so4_a2_SRF,430,0.985039083,0.961880053,99.22055845,17.47978675,0.999913963
zfp_p_10_so4_a2_SRF,431,0.982534773,0.92152034,99.27481192,14.89636086,0.999912455
zfp_p_10_so4_a2_SRF,432,0.978054546,0.985755371,99.24406829,5.988286187,0.999913511
zfp_p_10_so4_a2_SRF,433,0.986701814,0.935949698,99.14641204,8.593981382,0.999907893
zfp_p_10_so4_a2_SRF,434,0.987335427,0.9675633,99.17715567,6.795250858,0.999910746
zfp_p_10_so4_a2_SRF,435,0.987272337,0.982431307,99.23140914,8.222638436,0.999913732
zfp_p_10_so4_a2_SRF,436,0.984856557,0.984701462,99.17173032,2.99223919,0.999914021
zfp_p_10_so4_a2_SRF,437,0.987232129,0.979937068,99.26757813,5.976248248,0.999910198
zfp_p_10_so4_a2_SRF,438,0.987685129,0.912093768,99.17896412,1.916744317,0.999920189
zfp_p_10_so4_a2_SRF,439,0.988402223,0.915298775,99.18438947,3.78876923,0.99991042
zfp_p_10_so4_a2_SRF,440,0.990506714,0.982431307,99.17173032,3.25358521,0.999916702
zfp_p_10_so4_a2_SRF,441,0.986268197,0.989458959,99.24406829,2.212546758,0.999916685
zfp_p_10_so4_a2_SRF,442,0.985647753,0.953382068,99.23502604,7.924120834,0.999907535
zfp_p_10_so4_a2_SRF,443,0.981985288,0.979937068,99.22779225,1.7549101,0.999897097
zfp_p_10_so4_a2_SRF,444,0.980250729,0.946310385,99.16268808,8.522897078,0.999899143
zfp_p_10_so4_a2_SRF,445,0.986092478,0.969328356,99.25672743,3.803052705,0.999914308
zfp_p_10_so4_a2_SRF,446,0.985405821,0.983593835,99.24587674,3.997757364,0.999915511
zfp_p_10_so4_a2_SRF,447,0.987233703,0.986756786,99.22779225,5.867796237,0.999922241
zfp_p_10_so4_a2_SRF,448,0.982184784,0.963839623,99.28385417,1.870056038,0.999906534
zfp_p_10_so4_a2_SRF,449,0.982530455,0.977210288,99.18981481,3.14229538,0.999905411
zfp_p_10_so4_a2_SRF,450,0.986906797,0.981212746,99.16087963,32.62886263,0.999912668
zfp_p_10_so4_a2_SRF,451,0.985422684,0.982431307,99.13736979,7.325021148,0.999910233
zfp_p_10_so4_a2_SRF,452,0.983763218,0.985755371,99.19343171,3.386287205,0.999919683
zfp_p_10_so4_a2_SRF,453,0.978618256,0.943819845,99.20970775,10.26889758,0.999905598
zfp_p_10_so4_a2_SRF,454,0.978134789,0.977210288,99.19885706,3.243691613,0.999922561
zfp_p_10_so4_a2_SRF,455,0.983274933,0.884286152,99.12832755,5.22213498,0.99991897
zfp_p_10_so4_a2_SRF,456,0.983355435,0.982431307,99.130136,10.7501296,0.99991538
zfp_p_10_so4_a2_SRF,457,0.986278149,0.975757287,99.19704861,7.177686529,0.999915125
zfp_p_10_so4_a2_SRF,458,0.984164902,0.988607252,99.18619792,2.396668817,0.999909424
zfp_p_10_so4_a2_SRF,459,0.986153343,0.978603241,99.27662037,4.487715301,0.999905868
zfp_p_10_so4_a2_SRF,460,0.987252737,0.953382068,99.17173032,1.711088607,0.999917144
zfp_p_10_so4_a2_SRF,461,0.979834254,0.984701462,99.19524016,1.760864102,0.999921364
zfp_p_10_so4_a2_SRF,462,0.984280205,0.971029624,99.22960069,13.93532191,0.999913798
zfp_p_10_so4_a2_SRF,463,0.985391631,0.92152034,99.16087963,3.745543275,0.999906435
zfp_p_10_so4_a2_SRF,464,0.981799365,0.946310385,99.17173032,2.94368253,0.999915076
zfp_p_10_so4_a2_SRF,465,0.983463333,0.9675633,99.12832755,3.918905678,0.999909461
zfp_p_10_so4_a2_SRF,466,0.985196914,0.972667733,99.18438947,2.916818367,0.999914078
zfp_p_10_so4_a2_SRF,467,0.986947158,0.971029624,99.20789931,17.46707262,0.999920029
zfp_p_10_so4_a2_SRF,468,0.984466246,0.969328356,99.17534722,15.53673267,0.999912867
zfp_p_10_so4_a2_SRF,469,0.985543175,0.957763548,99.15545428,4.221139712,0.999915275
zfp_p_10_so4_a2_SRF,470,0.983465355,0.963839623,99.32906539,9.910563484,0.999919625
zfp_p_10_so4_a2_SRF,471,0.983482774,0.957763548,99.14641204,7.351781516,0.999912681
zfp_p_10_so4_a2_SRF,472,0.98408928,0.975757287,99.22960069,3.59666019,0.99991686
zfp_p_10_so4_a2_SRF,473,0.981179316,0.986756786,99.20970775,38.89403119,0.999905804
zfp_p_10_so4_a2_SRF,474,0.979886336,0.988607252,99.19704861,3.453920318,0.999900599
zfp_p_10_so4_a2_SRF,475,0.979920314,0.965733891,99.18258102,11.31605546,0.999911821
zfp_p_10_so4_a2_SRF,476,0.977903768,0.978603241,99.20609086,12.50090834,0.999919504
zfp_p_10_so4_a2_SRF,477,0.986032791,0.975757287,99.21694155,65.95621503,0.999918479
zfp_p_10_so4_a2_SRF,478,0.982878872,0.965733891,99.20609086,1.507912519,0.999902485
zfp_p_10_so4_a2_SRF,479,0.986392373,0.972667733,99.16449653,1.691992345,0.999907799
zfp_p_10_so4_a2_SRF,480,0.98167521,0.982431307,99.24768519,8.294184404,0.999903231
zfp_p_10_so4_a2_SRF,481,0.984121198,0.915298775,99.19343171,5.965331029,0.999916202
zfp_p_10_so4_a2_SRF,482,0.981365602,0.963839623,99.18981481,7.17595029,0.999912896
zfp_p_10_so4_a2_SRF,483,0.980153948,0.977210288,99.2115162,7.94350183,0.999916361
zfp_p_10_so4_a2_SRF,484,0.981589013,0.988607252,99.19885706,44.60783293,0.999919591
zfp_p_10_so4_a2_SRF,485,0.984253644,0.953382068,99.16449653,6.266437433,0.999921794
zfp_p_10_so4_a2_SRF,486,0.981359965,0.948734288,99.21332465,4.325764257,0.999918791
zfp_p_10_so4_a2_SRF,487,0.982586487,0.938639316,99.24225984,19.79198422,0.999908617
zfp_p_10_so4_a2_SRF,488,0.983311195,0.989458959,99.23502604,7.749419449,0.999915027
zfp_p_10_so4_a2_SRF,489,0.980927025,0.9675633,99.18258102,3.897108203,0.999901473
zfp_p_10_so4_a2_SRF,490,0.980044299,0.986756786,99.1192853,2.222360426,0.999893348
zfp_p_10_so4_a2_SRF,491,0.980800066,0.991022216,99.2151331,3.41334172,0.999900813
zfp_p_10_so4_a2_SRF,492,0.983471239,0.999786331,99.20970775,2.264212291,0.999913786
zfp_p_10_so4_a2_SRF,493,0.981482502,0.983593835,99.24045139,40.88473823,0.999911298
zfp_p_10_so4_a2_SRF,494,0.981774736,0.963839623,99.26215278,24.31377194,0.999907989
zfp_p_10_so4_a2_SRF,495,0.978628982,0.987706977,99.21875,7.643082208,0.999910449
zfp_p_10_so4_a2_SRF,496,0.979248506,0.965733891,99.24225984,2.943715128,0.999903845
zfp_p_10_so4_a2_SRF,497,0.978022881,0.986756786,99.2115162,6.367690066,0.999908158
zfp_p_10_so4_a2_SRF,498,0.980912369,0.948734288,99.24045139,42.88883977,0.999915173
zfp_p_10_so4_a2_SRF,499,0.985193762,0.905498566,99.20789931,206.2540789,0.999921483
zfp_p_10_so4_a2_SRF,500,0.983357732,0.982431307,99.2259838,21.91440557,0.99991449
zfp_p_10_so4_a2_SRF,501,0.982599444,0.978603241,99.21875,178.581686,0.999917031
zfp_p_10_so4_a2_SRF,502,0.985454391,0.984701462,99.22960069,40.44430363,0.999915194
zfp_p_10_so4_a2_SRF,503,0.98183798,0.975757287,99.25853588,30.38361065,0.999900177
zfp_p_10_so4_a2_SRF,504,0.978832413,0.990263477,99.18619792,111.5514175,0.999916179
zfp_p_10_so4_a2_SRF,505,0.983313007,0.987706977,99.16087963,10.57228135,0.999885721
zfp_p_10_so4_a2_SRF,506,0.985102715,0.987706977,99.18981481,7.080754255,0.99991624
zfp_p_10_so4_a2_SRF,507,0.983762355,0.977210288,99.20247396,54.47100722,0.999900058
zfp_p_10_so4_a2_SRF,508,0.984159764,0.969328356,99.26938657,63.6724635,0.999910009
zfp_p_10_so4_a2_SRF,509,0.986214525,0.979937068,99.19162326,43.76724111,0.999914317
zfp_p_10_so4_a2_SRF,510,0.983237874,0.985755371,99.19162326,24.91203212,0.999912379
zfp_p_10_so4_a2_SRF,511,0.981377556,0.979937068,99.24587674,57.27949115,0.999912897
zfp_p_10_so4_a2_SRF,512,0.97964124,0.985755371,99.20428241,20.63953845,0.999920544
zfp_p_10_so4_a2_SRF,513,0.98277823,0.948734288,99.22779225,15.46220244,0.999915567
zfp_p_10_so4_a2_SRF,514,0.97919511,0.983593835,99.2223669,39.38598493,0.999902273
zfp_p_10_so4_a2_SRF,515,0.982154614,0.955606035,99.24406829,2.071230239,0.999906478
zfp_p_10_so4_a2_SRF,516,0.981457742,0.9675633,99.2151331,14.78763842,0.999907597
zfp_p_10_so4_a2_SRF,517,0.98243904,0.9675633,99.24949363,61.04469926,0.999913693
zfp_p_10_so4_a2_SRF,518,0.985495755,0.987706977,99.22779225,6.488632029,0.999923045
zfp_p_10_so4_a2_SRF,519,0.982811552,0.987706977,99.19704861,7.582158419,0.999919027
zfp_p_10_so4_a2_SRF,520,0.982743173,0.983593835,99.16449653,7.452565112,0.999895289
zfp_p_10_so4_a2_SRF,521,0.980364646,0.963839623,99.27300347,8.921565881,0.99989566
zfp_p_10_so4_a2_SRF,522,0.979433798,0.983593835,99.23140914,12.96600396,0.999899542
zfp_p_10_so4_a2_SRF,523,0.978459994,0.924535722,99.2223669,47.32473876,0.999890793
zfp_p_10_so4_a2_SRF,524,0.981692078,0.986756786,99.17896412,32.84188448,0.999903726
zfp_p_10_so4_a2_SRF,525,0.984180804,0.988607252,99.20428241,525.9672936,0.99991133
zfp_p_10_so4_a2_SRF,526,0.985842017,0.955606035,99.22417535,18.35158397,0.999910502
zfp_p_10_so4_a2_SRF,527,0.983719153,0.924535722,99.19343171,55.73325278,0.999911591
zfp_p_10_so4_a2_SRF,528,0.985870483,0.953382068,99.20066551,5.260700899,0.999911778
zfp_p_10_so4_a2_SRF,529,0.983210751,0.974243371,99.24045139,2.401366105,0.999904137
zfp_p_10_so4_a2_SRF,530,0.9829145,0.993038273,99.25311053,3.993582812,0.999903784
zfp_p_10_so4_a2_SRF,531,0.985614313,0.972667733,99.18800637,7.666671329,0.999903548
zfp_p_10_so4_a2_SRF,532,0.983966995,0.959854801,99.25853588,11.46899551,0.9999074
zfp_p_10_so4_a2_SRF,533,0.983215262,0.971029624,99.30193866,20.85100408,0.99990835
zfp_p_10_so4_a2_SRF,534,0.983484163,0.961880053,99.30917245,8.713177869,0.999910968
zfp_p_10_so4_a2_SRF,535,0.982783341,0.961880053,99.23683449,14.36664981,0.999902952
zfp_p_10_so4_a2_SRF,536,0.983701651,0.989458959,99.28566262,27.03134272,0.999905132
zfp_p_10_so4_a2_SRF,537,0.981297054,0.974243371,99.21694155,24.54848162,0.999893331
zfp_p_10_so4_a2_SRF,538,0.977458865,0.943819845,99.25311053,37.15324018,0.999911034
zfp_p_10_so4_a2_SRF,539,0.984808062,0.933194182,99.22960069,17.52052141,0.99990839
zfp_p_10_so4_a2_SRF,540,0.984606198,0.924535722,99.20247396,8.068160585,0.999914016
zfp_p_10_so4_a2_SRF,541,0.98354466,0.946310385,99.24768519,2.978313706,0.999918307
zfp_p_10_so4_a2_SRF,542,0.981567498,0.998550067,99.24949363,2.544327184,0.999917625
zfp_p_10_so4_a2_SRF,543,0.983209395,0.698461869,99.26034433,4.06255049,0.999912315
zfp_p_10_so4_a2_SRF,544,0.981690153,0.985755371,99.19885706,3.572907251,0.999901686
zfp_p_10_so4_a2_SRF,545,0.982976397,0.961880053,99.25130208,14.00572108,0.999908281
zfp_p_10_so4_a2_SRF,546,0.984878256,0.977210288,99.20970775,85.54124825,0.999902716
zfp_p_10_so4_a2_SRF,547,0.97869525,0.979937068,99.23321759,3.440626207,0.999895675
zfp_p_10_so4_a2_SRF,548,0.980701592,0.935949698,99.25672743,65.36783881,0.999912225
zfp_p_10_so4_a2_SRF,549,0.978486538,0.965733891,99.18438947,205.2289829,0.999915864
zfp_p_10_so4_a2_SRF,550,0.981193638,0.982431307,99.16087963,4.858182827,0.99990526
zfp_p_10_so4_a2_SRF,551,0.983882707,0.927486797,99.26938657,118.7740892,0.999914189
zfp_p_10_so4_a2_SRF,552,0.98218009,0.953382068,99.23864294,3.45890351,0.999916612
zfp_p_10_so4_a2_SRF,553,0.982046903,0.977210288,99.28204572,17.12927093,0.999903113
zfp_p_10_so4_a2_SRF,554,0.983374005,0.981212746,99.18800637,34.57251919,0.99991073
zfp_p_10_so4_a2_SRF,555,0.983955057,0.981212746,99.1265191,26.41067847,0.999909168
zfp_p_10_so4_a2_SRF,556,0.978709348,0.94126277,99.20428241,67.67697501,0.999902038
zfp_p_10_so4_a2_SRF,557,0.98512634,0.978603241,99.26576968,6.322252816,0.999906906
zfp_p_10_so4_a2_SRF,558,0.981831212,0.985755371,99.18438947,58.95378291,0.999891405
zfp_p_10_so4_a2_SRF,559,0.982354502,0.957763548,99.25853588,7.677077021,0.999907786
zfp_p_10_so4_a2_SRF,560,0.983411757,0.987706977,99.24045139,86.30946848,0.999917759
zfp_p_10_so4_a2_SRF,561,0.984325887,0.986756786,99.18438947,22.77997964,0.999927243
zfp_p_10_so4_a2_SRF,562,0.98460854,0.988607252,99.25853588,7.685183208,0.999920289
zfp_p_10_so4_a2_SRF,563,0.984480078,0.979937068,99.2115162,23.71600166,0.999910969
zfp_p_10_so4_a2_SRF,564,0.980283636,0.986756786,99.19885706,362.0338334,0.999907676
zfp_p_10_so4_a2_SRF,565,0.984362212,0.972667733,99.2223669,24.74735337,0.999907468
zfp_p_10_so4_a2_SRF,566,0.982353066,0.959854801,99.2223669,14.36341728,0.999901373
zfp_p_10_so4_a2_SRF,567,0.982424014,0.982431307,99.25853588,178.9374166,0.999913178
zfp_p_10_so4_a2_SRF,568,0.982889586,0.9675633,99.2115162,35.22222744,0.999897794
zfp_p_10_so4_a2_SRF,569,0.984562543,0.948734288,99.23140914,4.460778785,0.999885215
zfp_p_10_so4_a2_SRF,570,0.984146593,0.902109797,99.24406829,10.24018899,0.999912443
zfp_p_10_so4_a2_SRF,571,0.983614793,0.963839623,99.24406829,20.88012648,0.999920451
zfp_p_10_so4_a2_SRF,572,0.981243661,0.983593835,99.20970775,24.7842183,0.999918382
zfp_p_10_so4_a2_SRF,573,0.980944101,0.9675633,99.24045139,3.511585579,0.999891747
zfp_p_10_so4_a2_SRF,574,0.978212705,0.981212746,99.28385417,28.97378937,0.999909117
zfp_p_10_so4_a2_SRF,575,0.98201885,0.965733891,99.19162326,15.96087833,0.999919268
zfp_p_10_so4_a2_SRF,576,0.982007799,0.946310385,99.26576968,18.46148369,0.999898083
zfp_p_10_so4_a2_SRF,577,0.979669876,0.990263477,99.25491898,11.15646047,0.999869699
zfp_p_10_so4_a2_SRF,578,0.972589016,0.961880053,99.2115162,3.082531144,0.999880387
zfp_p_10_so4_a2_SRF,579,0.976765446,0.965733891,99.24587674,6.431896937,0.999917724
zfp_p_10_so4_a2_SRF,580,0.984894298,0.978603241,99.25853588,17.35273693,0.99991296
zfp_p_10_so4_a2_SRF,581,0.982414904,0.986756786,99.25672743,4.162208934,0.999922257
zfp_p_10_so4_a2_SRF,582,0.981819218,0.986756786,99.25130208,7.198062051,0.999920995
zfp_p_10_so4_a2_SRF,583,0.98137517,0.95109151,99.19885706,345.6066861,0.999901501
zfp_p_10_so4_a2_SRF,584,0.979068687,0.979937068,99.22417535,16.81911805,0.999916538
zfp_p_10_so4_a2_SRF,585,0.979692156,0.915298775,99.32364005,22.42296719,0.999920315
zfp_p_10_so4_a2_SRF,586,0.980427678,0.974243371,99.22417535,23.83532586,0.999914962
zfp_p_10_so4_a2_SRF,587,0.983900056,0.984701462,99.23864294,13.97563831,0.999919114
zfp_p_10_so4_a2_SRF,588,0.978571953,0.989458959,99.20609086,5.958677053,0.999870469
zfp_p_10_so4_a2_SRF,589,0.981120068,0.869025179,99.20609086,2.992300333,0.999893164
zfp_p_10_so4_a2_SRF,590,0.978542594,0.987706977,99.25853588,19.57936432,0.999907645
zfp_p_10_so4_a2_SRF,591,0.982008047,0.979937068,99.22779225,392.2797258,0.999920857
zfp_p_10_so4_a2_SRF,592,0.983237109,0.977210288,99.27842882,2.685499554,0.999909201
zfp_p_10_so4_a2_SRF,593,0.981127783,0.959854801,99.22055845,2.333395905,0.999906036
zfp_p_10_so4_a2_SRF,594,0.977155576,0.978603241,99.20970775,3.216717688,0.999909192
zfp_p_10_so4_a2_SRF,595,0.980332969,0.953382068,99.21875,5.173279979,0.999922821
zfp_p_10_so4_a2_SRF,596,0.982264636,0.979937068,99.24587674,4.119285443,0.999907549
zfp_p_10_so4_a2_SRF,597,0.982320477,0.948734288,99.32725694,9.417963655,0.999913447
zfp_p_10_so4_a2_SRF,598,0.982321104,0.982431307,99.23140914,12.43571794,0.999913971
zfp_p_10_so4_a2_SRF,599,0.982522795,0.975757287,99.22779225,6.764966583,0.999916277
zfp_p_10_so4_a2_SRF,600,0.98048296,0.961880053,99.22055845,8.976641583,0.999917004
zfp_p_10_so4_a2_SRF,601,0.976532523,0.977210288,99.24949363,7.369944331,0.999901765
zfp_p_10_so4_a2_SRF,602,0.982777791,0.974243371,99.26396123,19.37263861,0.999897178
zfp_p_10_so4_a2_SRF,603,0.97985899,0.991022216,99.2115162,2.945529879,0.999886443
zfp_p_10_so4_a2_SRF,604,0.977242396,0.974243371,99.21694155,1.945052018,0.999907313
zfp_p_10_so4_a2_SRF,605,0.978936387,0.989458959,99.2223669,4.088477882,0.999920132
zfp_p_10_so4_a2_SRF,606,0.980565943,0.953382068,99.19704861,15.17763108,0.999913969
zfp_p_10_so4_a2_SRF,607,0.980702259,0.974243371,99.21332465,55.46627483,0.999907671
zfp_p_10_so4_a2_SRF,608,0.982875993,0.965733891,99.23683449,9.720235957,0.99990876
zfp_p_10_so4_a2_SRF,609,0.980412241,0.971029624,99.18981481,8.215631979,0.999908157
zfp_p_10_so4_a2_SRF,610,0.980440351,0.982431307,99.2151331,13.49225503,0.999912791
zfp_p_10_so4_a2_SRF,611,0.980727828,0.957763548,99.19885706,6.989026374,0.999912644
zfp_p_10_so4_a2_SRF,612,0.980442922,0.981212746,99.11747685,3.043301518,0.999903521
zfp_p_10_so4_a2_SRF,613,0.9772703,0.985755371,99.2259838,11.88281303,0.999918512
zfp_p_10_so4_a2_SRF,614,0.979429945,0.998550067,99.2151331,9.341343793,0.999918838
zfp_p_10_so4_a2_SRF,615,0.973746512,0.999991714,99.21875,5.521246505,0.999869678
zfp_p_10_so4_a2_SRF,616,0.977143441,0.99517504,99.19524016,2.597512071,0.999906204
zfp_p_10_so4_a2_SRF,617,0.981271153,0.989458959,99.24406829,8.305927928,0.999911206
zfp_p_10_so4_a2_SRF,618,0.98376312,0.982431307,99.28566262,3.388970391,0.999914326
zfp_p_10_so4_a2_SRF,619,0.980840637,0.987706977,99.18800637,39.93189037,0.999907043
zfp_p_10_so4_a2_SRF,620,0.981678297,0.969328356,99.25491898,13.0414231,0.999915929
zfp_p_10_so4_a2_SRF,621,0.982763287,0.930373091,99.28927951,3.406238908,0.999906591
zfp_p_10_so4_a2_SRF,622,0.978864722,0.969328356,99.33449074,4.511263525,0.99991546
zfp_p_10_so4_a2_SRF,623,0.980851667,0.985755371,99.27119502,3.038106805,0.999926481
zfp_p_10_so4_a2_SRF,624,0.978863527,0.985755371,99.18619792,1.985000079,0.999897879
zfp_p_10_so4_a2_SRF,625,0.977280559,0.975757287,99.21875,6.670448628,0.999902189
zfp_p_10_so4_a2_SRF,626,0.981170792,0.971029624,99.22055845,5.115962105,0.999898643
zfp_p_10_so4_a2_SRF,627,0.976541863,0.982431307,99.17534722,6.881269568,0.999915143
zfp_p_10_so4_a2_SRF,628,0.979154573,0.992408142,99.22960069,2.863778646,0.99992404
zfp_p_10_so4_a2_SRF,629,0.982369311,0.948734288,99.2259838,2.738192446,0.999925152
zfp_p_10_so4_a2_SRF,630,0.98323476,0.961880053,99.22960069,5.367308545,0.999918692
zfp_p_10_so4_a2_SRF,631,0.983935263,0.972667733,99.3182147,3.892448128,0.999917592
zfp_p_10_so4_a2_SRF,632,0.983180793,0.963839623,99.20970775,19.0419572,0.999918243
zfp_p_10_so4_a2_SRF,633,0.980936441,0.955606035,99.23864294,13.7252518,0.999914156
zfp_p_10_so4_a2_SRF,634,0.982477533,0.955606035,99.24045139,6.991792365,0.999915682
zfp_p_10_so4_a2_SRF,635,0.981147668,0.953382068,99.2115162,13.04949651,0.999913644
zfp_p_10_so4_a2_SRF,636,0.980635194,0.972667733,99.21332465,8.658647034,0.99991637
zfp_p_10_so4_a2_SRF,637,0.981351325,0.924535722,99.24406829,4.227730864,0.999909443
zfp_p_10_so4_a2_SRF,638,0.979694652,0.972667733,99.20789931,4.522781987,0.99991231
zfp_p_10_so4_a2_SRF,639,0.979453231,0.983593835,99.19704861,5.611265858,0.999902778
zfp_p_10_so4_a2_SRF,640,0.982370623,0.953382068,99.27119502,4.645965665,0.999921441
zfp_p_10_so4_a2_SRF,641,0.984231537,0.933194182,99.16087963,334.5458443,0.99990925
zfp_p_10_so4_a2_SRF,642,0.981505516,0.955606035,99.17534722,4.126121901,0.999918889
zfp_p_10_so4_a2_SRF,643,0.982547461,0.955606035,99.20609086,3.36172727,0.999910933
zfp_p_10_so4_a2_SRF,644,0.981253673,0.95109151,99.2259838,4.853143063,0.999919192
zfp_p_10_so4_a2_SRF,645,0.977232603,0.898661265,99.21332465,4.777258325,0.999907676
zfp_p_10_so4_a2_SRF,646,0.978773301,0.992408142,99.22960069,8.082026116,0.999893115
zfp_p_10_so4_a2_SRF,647,0.983350223,0.999963894,99.23502604,2.614023598,0.999923767
zfp_p_10_so4_a2_SRF,648,0.983900222,0.981212746,99.18619792,9.838073377,0.999916112
zfp_p_10_so4_a2_SRF,649,0.983781457,0.982431307,99.28927951,3.883314549,0.999913008
zfp_p_10_so4_a2_SRF,650,0.981971018,0.955606035,99.29108796,2.643234876,0.999915163
zfp_p_10_so4_a2_SRF,651,0.981118943,0.957763548,99.28566262,6.219485341,0.999919682
zfp_p_10_so4_a2_SRF,652,0.981101829,0.974243371,99.17173032,2.865711549,0.999923891
zfp_p_10_so4_a2_SRF,653,0.981375759,0.988607252,99.29289641,6.132775346,0.999922656
zfp_p_10_so4_a2_SRF,654,0.983274982,0.977210288,99.19524016,4.761200013,0.999920157
zfp_p_10_so4_a2_SRF,655,0.982334685,0.9088268,99.2115162,34.35706823,0.999920619
zfp_p_10_so4_a2_SRF,656,0.980668796,0.969328356,99.11024306,42.53218288,0.999924215
zfp_p_10_so4_a2_SRF,657,0.981769462,0.948734288,99.20428241,17.57461481,0.999927469
zfp_p_10_so4_a2_SRF,658,0.985410793,0.984701462,99.26757813,28.42073163,0.999923326
zfp_p_10_so4_a2_SRF,659,0.986286111,0.938639316,99.19885706,109.3629874,0.999908348
zfp_p_10_so4_a2_SRF,660,0.983846853,0.869025179,99.13375289,29.74101002,0.999915776
zfp_p_10_so4_a2_SRF,661,0.983155455,0.92152034,99.27300347,5.529112145,0.999907085
zfp_p_10_so4_a2_SRF,662,0.98146306,0.955606035,99.27662037,3.418792087,0.999917178
zfp_p_10_so4_a2_SRF,663,0.981936218,0.953382068,99.13556134,3.195394171,0.999906186
zfp_p_10_so4_a2_SRF,664,0.981769462,0.938639316,99.19885706,3.499901699,0.999908046
zfp_p_10_so4_a2_SRF,665,0.979618757,0.959854801,99.26757813,4.187771519,0.999902167
zfp_p_10_so4_a2_SRF,666,0.984104014,0.979937068,99.3145978,1.506974974,0.999912386
zfp_p_10_so4_a2_SRF,667,0.982075971,0.979937068,99.13375289,6.482495194,0.999881406
zfp_p_10_so4_a2_SRF,668,0.983632657,0.946310385,99.17353877,15.05930441,0.999904755
zfp_p_10_so4_a2_SRF,669,0.986020898,0.965733891,99.24045139,5.366134621,0.999902727
zfp_p_10_so4_a2_SRF,670,0.985584586,0.95109151,99.2223669,3.548070306,0.999909543
zfp_p_10_so4_a2_SRF,671,0.986566321,0.965733891,99.21875,2.446557306,0.999900629
zfp_p_10_so4_a2_SRF,672,0.984707296,0.979937068,99.16087963,3.944923896,0.999914467
zfp_p_10_so4_a2_SRF,673,0.982467137,0.974243371,99.26396123,2.353916588,0.999919161
zfp_p_10_so4_a2_SRF,674,0.986931506,0.969328356,99.16811343,4.989276219,0.99990757
zfp_p_10_so4_a2_SRF,675,0.98572986,0.963839623,99.27119502,3.375807984,0.999918372
zfp_p_10_so4_a2_SRF,676,0.985330624,0.955606035,99.24225984,18.45988695,0.999916536
zfp_p_10_so4_a2_SRF,677,0.985628987,0.987706977,99.21332465,11.13488478,0.999914184
zfp_p_10_so4_a2_SRF,678,0.985698433,0.959854801,99.19885706,8.918080799,0.999926982
zfp_p_10_so4_a2_SRF,679,0.980508046,0.977210288,99.14460359,12.03834798,0.999905719
zfp_p_10_so4_a2_SRF,680,0.979720255,0.955606035,99.17715567,9.057938915,0.99991677
zfp_p_10_so4_a2_SRF,681,0.984705388,0.984701462,99.14279514,9.174689324,0.999892872
zfp_p_10_so4_a2_SRF,682,0.982336461,0.975757287,99.20970775,17.03989047,0.999897174
zfp_p_10_so4_a2_SRF,683,0.986044868,0.924535722,99.18258102,9.609352516,0.999907481
zfp_p_10_so4_a2_SRF,684,0.983256006,0.981212746,99.14279514,8.744143001,0.999897478
zfp_p_10_so4_a2_SRF,685,0.986626836,0.981212746,99.21694155,11.15022199,0.999895243
zfp_p_10_so4_a2_SRF,686,0.984619286,0.948734288,99.15907118,4.921945018,0.999903619
zfp_p_10_so4_a2_SRF,687,0.981937277,0.979937068,99.20789931,18.95786742,0.999912355
zfp_p_10_so4_a2_SRF,688,0.982159777,0.986756786,99.18800637,10.26176047,0.999910127
zfp_p_10_so4_a2_SRF,689,0.983892953,0.930373091,99.2259838,294.5375049,0.999918608
zfp_p_10_so4_a2_SRF,690,0.986684037,0.979937068,99.24768519,36.29381148,0.999915387
zfp_p_10_so4_a2_SRF,691,0.987101272,0.971029624,99.27481192,57.7998831,0.999915098
zfp_p_10_so4_a2_SRF,692,0.986806279,0.95109151,99.19885706,17.66833013,0.999914116
zfp_p_10_so4_a2_SRF,693,0.981574625,0.92152034,99.26215278,10.84371593,0.999894383
zfp_p_10_so4_a2_SRF,694,0.981945732,0.986756786,99.22055845,29.63611907,0.999896364
zfp_p_10_so4_a2_SRF,695,0.981016514,0.946310385,99.14641204,4.245282727,0.999910067
zfp_p_10_so4_a2_SRF,696,0.984155933,0.95109151,99.21875,6.418828754,0.999919006
zfp_p_10_so4_a2_SRF,697,0.986537967,0.943819845,99.26215278,11.29209584,0.999916218
zfp_p_10_so4_a2_SRF,698,0.985637485,0.957763548,99.24949363,8.658755415,0.999905421
zfp_p_10_so4_a2_SRF,699,0.985412683,0.876762554,99.16811343,6.974276538,0.999913639
zfp_p_10_so4_a2_SRF,700,0.983978452,0.975757287,99.16449653,9.788696822,0.999893168
zfp_p_10_so4_a2_SRF,701,0.984294991,0.946310385,99.13736979,4.819758706,0.999903475
zfp_p_10_so4_a2_SRF,702,0.983348686,0.961880053,99.2151331,8.661730839,0.999905259
zfp_p_10_so4_a2_SRF,703,0.985042223,0.979937068,99.23502604,1.812002189,0.999918167
zfp_p_10_so4_a2_SRF,704,0.988910565,0.986756786,99.17353877,2.158493517,0.999929485
zfp_p_10_so4_a2_SRF,705,0.986137723,0.969328356,99.18258102,17.37143365,0.999906701
zfp_p_10_so4_a2_SRF,706,0.979039444,0.983593835,99.15364583,82.09256998,0.999897716
zfp_p_10_so4_a2_SRF,707,0.979438633,0.991022216,99.22417535,15.37648003,0.999913251
zfp_p_10_so4_a2_SRF,708,0.986064702,0.95109151,99.20789931,17.14702195,0.99990779
zfp_p_10_so4_a2_SRF,709,0.986795493,0.927486797,99.26396123,8.212744687,0.999902183
zfp_p_10_so4_a2_SRF,710,0.98826101,0.974243371,99.18619792,11.97574118,0.999906327
zfp_p_10_so4_a2_SRF,711,0.987715438,0.979937068,99.2115162,5.530904111,0.999902893
zfp_p_10_so4_a2_SRF,712,0.984960202,0.905498566,99.22960069,11.51693242,0.999896646
zfp_p_10_so4_a2_SRF,713,0.982473623,0.985755371,99.17173032,5.623975349,0.999890178
zfp_p_10_so4_a2_SRF,714,0.982117874,0.963839623,99.16087963,44.89940429,0.999891096
zfp_p_10_so4_a2_SRF,715,0.987212008,0.984701462,99.16087963,3.534713459,0.999906628
zfp_p_10_so4_a2_SRF,716,0.987216794,1,99.21694155,3.152533404,0.99990115
zfp_p_10_so4_a2_SRF,717,0.986184372,0.992408142,99.12832755,2.550339046,0.999912677
zfp_p_10_so4_a2_SRF,718,0.984249958,0.990263477,99.20066551,7.291020559,0.999907943
zfp_p_10_so4_a2_SRF,719,0.980900983,0.982431307,99.25672743,2.711140167,0.999893895
zfp_p_10_so4_a2_SRF,720,0.985010617,0.981212746,99.13375289,14.31070297,0.999912781
zfp_p_10_so4_a2_SRF,721,0.987656349,0.9675633,99.17353877,6.335957571,0.999908795
zfp_p_10_so4_a2_SRF,722,0.984243847,0.971029624,99.22960069,11.86486127,0.999913813
zfp_p_10_so4_a2_SRF,723,0.986098413,0.982431307,99.20970775,14.75130835,0.999918621
zfp_p_10_so4_a2_SRF,724,0.985500827,0.985755371,99.18438947,5.311729941,0.999910841
zfp_p_10_so4_a2_SRF,725,0.985333432,0.977210288,99.24587674,3.342976977,0.999906192
zfp_p_10_so4_a2_SRF,726,0.988467092,0.959854801,99.19885706,3.9573922,0.999912152
zfp_p_10_so4_a2_SRF,727,0.986249213,0.963839623,99.2115162,20.83904921,0.999913286
zfp_p_10_so4_a2_SRF,728,0.98975971,0.981212746,99.11747685,2.695104122,0.99991781
zfp_p_10_so4_a2_SRF,729,0.987127103,0.959854801,99.15907118,3.120784074,0.999916206
zfp_p_12_so4_a2_SRF,0,0.997667134,0.975757287,97.02871817,100.3695847,0.999994458
zfp_p_12_so4_a2_SRF,1,0.9971826,0.985755371,96.82798032,1.450676472,0.999994617
zfp_p_12_so4_a2_SRF,2,0.995347685,0.988607252,96.69958044,1.96508723,0.999993753
zfp_p_12_so4_a2_SRF,3,0.99576257,0.983593835,96.86957465,3.697752183,0.999994412
zfp_p_12_so4_a2_SRF,4,0.997095121,0.975757287,96.91478588,1.472163182,0.999994308
zfp_p_12_so4_a2_SRF,5,0.996139487,0.985755371,96.77372685,1.081983396,0.999993252
zfp_p_12_so4_a2_SRF,6,0.996036534,0.986756786,96.69777199,1.745857094,0.999994495
zfp_p_12_so4_a2_SRF,7,0.996782288,0.985755371,96.70500579,2.110982086,0.999994997
zfp_p_12_so4_a2_SRF,8,0.997309161,0.974243371,96.70862269,3.974743816,0.999994757
zfp_p_12_so4_a2_SRF,9,0.995996725,0.975757287,96.76468461,2.502566367,0.999994425
zfp_p_12_so4_a2_SRF,10,0.997189634,0.988607252,96.83159722,2.338596569,0.99999477
zfp_p_12_so4_a2_SRF,11,0.997093479,0.95109151,96.82436343,2.75012019,0.999995223
zfp_p_12_so4_a2_SRF,12,0.996355876,0.991022216,96.78096065,3.653597815,0.999994223
zfp_p_12_so4_a2_SRF,13,0.995241847,0.986756786,96.69234664,2.084626826,0.999994537
zfp_p_12_so4_a2_SRF,14,0.996268329,0.978603241,96.80627894,0.569326639,0.999993209
zfp_p_12_so4_a2_SRF,15,0.996140773,0.977210288,96.78457755,0.67328198,0.999993845
zfp_p_12_so4_a2_SRF,16,0.99614868,0.985755371,96.67787905,1.668370884,0.999994767
zfp_p_12_so4_a2_SRF,17,0.997078515,0.988607252,96.71585648,11.03854406,0.999994511
zfp_p_12_so4_a2_SRF,18,0.996530403,0.994695369,96.73394097,2.876964707,0.999993543
zfp_p_12_so4_a2_SRF,19,0.996049862,0.996417342,96.77734375,4.342734865,0.999994157
zfp_p_12_so4_a2_SRF,20,0.996175136,0.981212746,96.56575521,2.245312429,0.99999449
zfp_p_12_so4_a2_SRF,21,0.996254415,0.9675633,96.87680845,2.351126711,0.999994917
zfp_p_12_so4_a2_SRF,22,0.996855716,0.986756786,96.54405382,1.367404768,0.999994451
zfp_p_12_so4_a2_SRF,23,0.996009379,0.988607252,96.70681424,1.351104602,0.999994095
zfp_p_12_so4_a2_SRF,24,0.99634003,0.989458959,96.91478588,1.369974527,0.999994039
zfp_p_12_so4_a2_SRF,25,0.996831919,0.965733891,96.69777199,1.477216903,0.999994806
zfp_p_12_so4_a2_SRF,26,0.996162314,0.972667733,96.66702836,0.570903462,0.999994306
zfp_p_12_so4_a2_SRF,27,0.997321844,0.984701462,96.64171007,0.649677651,0.999994246
zfp_p_12_so4_a2_SRF,28,0.995904883,0.983593835,96.50969329,0.650909827,0.999994571
zfp_p_12_so4_a2_SRF,29,0.995700611,0.982431307,96.70500579,2.144674341,0.999994412
zfp_p_12_so4_a2_SRF,30,0.996989218,0.991022216,96.72670718,1.050632515,0.99999489
zfp_p_12_so4_a2_SRF,31,0.996194549,0.9675633,96.65798611,1.337244433,0.999994443
zfp_p_12_so4_a2_SRF,32,0.996710079,0.975757287,96.74840856,0.589712856,0.999994535
zfp_p_12_so4_a2_SRF,33,0.99700501,0.9675633,96.56937211,0.56195576,0.999994566
zfp_p_12_so4_a2_SRF,34,0.996380431,0.965733891,96.76468461,0.781356112,0.999993899
zfp_p_12_so4_a2_SRF,35,0.995425928,0.984701462,96.68149595,3.157977367,0.999994537
zfp_p_12_so4_a2_SRF,36,0.997208988,0.990263477,96.89850984,0.883410945,0.999994776
zfp_p_12_so4_a2_SRF,37,0.995753955,0.943819845,96.82798032,1.940893612,0.999994257
zfp_p_12_so4_a2_SRF,38,0.996192573,0.95109151,96.80627894,2.428050212,0.999994642
zfp_p_12_so4_a2_SRF,39,0.996953545,0.974243371,96.80808738,4.675389322,0.999993506
zfp_p_12_so4_a2_SRF,40,0.996742174,0.984701462,96.68149595,0.636734433,0.999993902
zfp_p_12_so4_a2_SRF,41,0.995794353,0.986756786,96.93648727,1.238090059,0.999994406
zfp_p_12_so4_a2_SRF,42,0.997067948,0.982431307,96.88765914,3.245822816,0.999993218
zfp_p_12_so4_a2_SRF,43,0.997504,0.981212746,96.7791522,4.495041967,0.999994192
zfp_p_12_so4_a2_SRF,44,0.997816707,0.979937068,96.71404803,2.353755135,0.999994397
zfp_p_12_so4_a2_SRF,45,0.997333863,0.981212746,96.84968171,5.000716986,0.999993798
zfp_p_12_so4_a2_SRF,46,0.997008317,0.983593835,96.66883681,3.492584852,0.999994023
zfp_p_12_so4_a2_SRF,47,0.996929758,0.990263477,96.9816985,2.935541617,0.999994737
zfp_p_12_so4_a2_SRF,48,0.997205586,0.975757287,96.7755353,0.452205658,0.999994575
zfp_p_12_so4_a2_SRF,49,0.997578063,0.963839623,96.7827691,0.805727655,0.999994369
zfp_p_12_so4_a2_SRF,50,0.997765722,0.983593835,96.786386,1.074491705,0.999994853
zfp_p_12_so4_a2_SRF,51,0.997415372,0.965733891,96.786386,1.941896114,0.999995089
zfp_p_12_so4_a2_SRF,52,0.997344634,0.991022216,96.85872396,0.740266543,0.999995329
zfp_p_12_so4_a2_SRF,53,0.997600204,0.969328356,96.71223958,0.872501349,0.999994831
zfp_p_12_so4_a2_SRF,54,0.997390118,0.975757287,96.76106771,7.132351911,0.999994549
zfp_p_12_so4_a2_SRF,55,0.99648165,0.983593835,96.83883102,1.970390719,0.999993446
zfp_p_12_so4_a2_SRF,56,0.996252811,0.979937068,96.70681424,0.446007488,0.999994033
zfp_p_12_so4_a2_SRF,57,0.997141761,0.989458959,96.68149595,1.476444406,0.999993903
zfp_p_12_so4_a2_SRF,58,0.996877037,0.933194182,96.76287616,2.994155935,0.999994369
zfp_p_12_so4_a2_SRF,59,0.997366043,0.983593835,96.69415509,0.860118683,0.999994351
zfp_p_12_so4_a2_SRF,60,0.996967619,0.988607252,96.85691551,1.675624077,0.999994334
zfp_p_12_so4_a2_SRF,61,0.997362228,0.978603241,96.91659433,1.393470566,0.999994293
zfp_p_12_so4_a2_SRF,62,0.997439811,0.983593835,96.98531539,1.788547883,0.999994696
zfp_p_12_so4_a2_SRF,63,0.997317277,0.969328356,97.02329282,0.830694323,0.999994497
zfp_p_12_so4_a2_SRF,64,0.997020597,0.986756786,96.77734375,0.512101629,0.999994656
zfp_p_12_so4_a2_SRF,65,0.9964397,0.978603241,96.83159722,4.074213344,0.999993764
zfp_p_12_so4_a2_SRF,66,0.997194202,0.985755371,96.80085359,2.340689094,0.999994793
zfp_p_12_so4_a2_SRF,67,0.996767558,0.985755371,96.88404225,18.22912536,0.999994783
zfp_p_12_so4_a2_SRF,68,0.996844636,0.983593835,96.75925926,0.802623942,0.999994831
zfp_p_12_so4_a2_SRF,69,0.997008078,0.972667733,96.90393519,2.351083222,0.999994358
zfp_p_12_so4_a2_SRF,70,0.997433911,0.971029624,96.84244792,2.42088603,0.999994368
zfp_p_12_so4_a2_SRF,71,0.996938984,0.983593835,96.62724248,0.850771761,0.999994053
zfp_p_12_so4_a2_SRF,72,0.995940225,0.989458959,96.74298322,1.077914551,0.999994568
zfp_p_12_so4_a2_SRF,73,0.99574076,0.957763548,96.78457755,3.970581156,0.999995046
zfp_p_12_so4_a2_SRF,74,0.996520228,0.969328356,96.71043113,0.770137493,0.999994407
zfp_p_12_so4_a2_SRF,75,0.996547022,0.972667733,96.77010995,2.044912537,0.999994947
zfp_p_12_so4_a2_SRF,76,0.996455909,0.982431307,96.85691551,1.175972825,0.999994783
zfp_p_12_so4_a2_SRF,77,0.995351109,0.981212746,96.79000289,1.9169651,0.999994489
zfp_p_12_so4_a2_SRF,78,0.996457162,0.982431307,96.91478588,1.067355993,0.999994775
zfp_p_12_so4_a2_SRF,79,0.995324739,0.988607252,96.7827691,0.667375145,0.999994822
zfp_p_12_so4_a2_SRF,80,0.996903225,0.961880053,96.71947338,0.903847896,0.999994249
zfp_p_12_so4_a2_SRF,81,0.996832122,0.991022216,96.67787905,1.607639116,0.999994513
zfp_p_12_so4_a2_SRF,82,0.996880228,0.985755371,96.875,0.657165426,0.999995189
zfp_p_12_so4_a2_SRF,83,0.995487628,0.984701462,96.81351273,2.879413583,0.999995223
zfp_p_12_so4_a2_SRF,84,0.996864577,0.965733891,96.7719184,3.168014418,0.999995144
zfp_p_12_so4_a2_SRF,85,0.997249508,0.975757287,96.79181134,1.134483855,0.999994934
zfp_p_12_so4_a2_SRF,86,0.99710172,0.953382068,96.75021701,1.107407893,0.999994715
zfp_p_12_so4_a2_SRF,87,0.996327517,0.95109151,96.94191262,1.50268077,0.999995244
zfp_p_12_so4_a2_SRF,88,0.996896676,0.985755371,96.68872975,1.085909376,0.999994885
zfp_p_12_so4_a2_SRF,89,0.995515037,0.984701462,96.93648727,6.195763625,0.99999426
zfp_p_12_so4_a2_SRF,90,0.995452637,0.988607252,96.70319734,3.080372134,0.999994316
zfp_p_12_so4_a2_SRF,91,0.996576745,0.972667733,96.73755787,3.462526616,0.999994409
zfp_p_12_so4_a2_SRF,92,0.996875964,0.963839623,96.69234664,1.407747327,0.999994332
zfp_p_12_so4_a2_SRF,93,0.996412305,0.972667733,96.78819444,1.137360837,0.999993963
zfp_p_12_so4_a2_SRF,94,0.995828264,0.961880053,96.66702836,1.913232799,0.999994425
zfp_p_12_so4_a2_SRF,95,0.9956935,0.977210288,96.72670718,2.087625339,0.999994068
zfp_p_12_so4_a2_SRF,96,0.994736341,0.986756786,96.89670139,0.80170433,0.999994143
zfp_p_12_so4_a2_SRF,97,0.995173831,0.985755371,96.81532118,2.293657866,0.999994251
zfp_p_12_so4_a2_SRF,98,0.994907645,0.974243371,96.83159722,4.544207174,0.999995222
zfp_p_12_so4_a2_SRF,99,0.995130478,0.974243371,96.78457755,1.779202414,0.999994731
zfp_p_12_so4_a2_SRF,100,0.995862258,0.969328356,96.72851563,5.373249888,0.999994308
zfp_p_12_so4_a2_SRF,101,0.996491579,0.990263477,96.71404803,1.123860735,0.999995331
zfp_p_12_so4_a2_SRF,102,0.995582441,0.961880053,96.83883102,2.512100044,0.999994787
zfp_p_12_so4_a2_SRF,103,0.994986587,0.985755371,96.89127604,1.527702233,0.99999543
zfp_p_12_so4_a2_SRF,104,0.996849564,0.977210288,96.81712963,0.582165996,0.999994558
zfp_p_12_so4_a2_SRF,105,0.996056348,0.977210288,96.89850984,2.647774129,0.999995019
zfp_p_12_so4_a2_SRF,106,0.994559655,0.983593835,96.89489294,0.767537838,0.999995286
zfp_p_12_so4_a2_SRF,107,0.995166148,0.987706977,96.83340567,1.054144549,0.999994961
zfp_p_12_so4_a2_SRF,108,0.996175086,0.95109151,96.85149016,3.406956989,0.99999499
zfp_p_12_so4_a2_SRF,109,0.995968275,0.9675633,96.83159722,11.91672424,0.999995492
zfp_p_12_so4_a2_SRF,110,0.995696413,0.981212746,96.80627894,1.949641643,0.99999349
zfp_p_12_so4_a2_SRF,111,0.995506623,0.991022216,96.90936053,8.751939288,0.999994576
zfp_p_12_so4_a2_SRF,112,0.995703838,0.987706977,96.84968171,1.499383495,0.999995316
zfp_p_12_so4_a2_SRF,113,0.995755481,0.974243371,96.76287616,2.371692512,0.999994582
zfp_p_12_so4_a2_SRF,114,0.995267701,0.979937068,96.75745081,1,0.99999453
zfp_p_12_so4_a2_SRF,115,0.994120241,0.977210288,96.93287037,1.561933619,0.999995096
zfp_p_12_so4_a2_SRF,116,0.996715776,0.977210288,96.94914641,1.225463642,0.99999411
zfp_p_12_so4_a2_SRF,117,0.995878167,0.957763548,96.89308449,1.294358792,0.999994521
zfp_p_12_so4_a2_SRF,118,0.996000177,0.975757287,96.88946759,2.10547741,0.999994481
zfp_p_12_so4_a2_SRF,119,0.995901734,0.983593835,96.85872396,1.078879788,0.999993873
zfp_p_12_so4_a2_SRF,120,0.996013155,0.977210288,96.86957465,0.867805195,0.999994449
zfp_p_12_so4_a2_SRF,121,0.995865724,0.983593835,96.81532118,1.96090466,0.99999528
zfp_p_12_so4_a2_SRF,122,0.994867731,0.988607252,96.70319734,1.597552134,0.999993986
zfp_p_12_so4_a2_SRF,123,0.995849761,0.979937068,96.79904514,0.689571409,0.99999439
zfp_p_12_so4_a2_SRF,124,0.995155264,0.994695369,96.85149016,1.125778343,0.999994105
zfp_p_12_so4_a2_SRF,125,0.993514544,0.990263477,96.75925926,3.230014092,0.999994009
zfp_p_12_so4_a2_SRF,126,0.994821292,0.975757287,96.90031829,0.64376298,0.999995225
zfp_p_12_so4_a2_SRF,127,0.995659166,0.978603241,96.75021701,0.658312942,0.999994806
zfp_p_12_so4_a2_SRF,128,0.995854166,0.977210288,96.90031829,2.301558443,0.999994133
zfp_p_12_so4_a2_SRF,129,0.995727913,0.979937068,96.74479167,0.934844747,0.999993962
zfp_p_12_so4_a2_SRF,130,0.996503747,0.959854801,96.92021123,2.215600643,0.999995039
zfp_p_12_so4_a2_SRF,131,0.995564938,0.983593835,96.6833044,5.091457614,0.999994012
zfp_p_12_so4_a2_SRF,132,0.995402337,0.988607252,96.89489294,4.070473759,0.999994286
zfp_p_12_so4_a2_SRF,133,0.99585093,0.989458959,96.89127604,2.729099525,0.999993785
zfp_p_12_so4_a2_SRF,134,0.995226932,0.963839623,96.92925347,3.160016644,0.999994385
zfp_p_12_so4_a2_SRF,135,0.994669965,0.989458959,96.73394097,0.710088632,0.999995622
zfp_p_12_so4_a2_SRF,136,0.996498117,0.977210288,96.73032407,1.890507076,0.999994296
zfp_p_12_so4_a2_SRF,137,0.995750933,0.985755371,96.9672309,1.678439596,0.999994036
zfp_p_12_so4_a2_SRF,138,0.993453853,0.988607252,96.89308449,5.044036876,0.999993309
zfp_p_12_so4_a2_SRF,139,0.995487852,0.972667733,96.80447049,3.62522689,0.999994944
zfp_p_12_so4_a2_SRF,140,0.996321166,0.971029624,96.84606481,6.581471963,0.999995053
zfp_p_12_so4_a2_SRF,141,0.99555641,0.977210288,96.88585069,1.18144211,0.999995284
zfp_p_12_so4_a2_SRF,142,0.996268426,0.975757287,96.81532118,9.342357967,0.999994596
zfp_p_12_so4_a2_SRF,143,0.995627742,0.981212746,96.85691551,15.61778008,0.999994825
zfp_p_12_so4_a2_SRF,144,0.9954829,0.9675633,96.83159722,10.34920601,0.999994328
zfp_p_12_so4_a2_SRF,145,0.996601961,0.965733891,96.94914641,5.171701343,0.999994341
zfp_p_12_so4_a2_SRF,146,0.996083063,0.990263477,97.18786169,8.11340416,0.999994777
zfp_p_12_so4_a2_SRF,147,0.996611787,0.988607252,96.92201968,175.1414632,0.999994577
zfp_p_12_so4_a2_SRF,148,0.996178417,0.971029624,97.00159144,2.77625477,0.999993493
zfp_p_12_so4_a2_SRF,149,0.996211498,0.975757287,97.05765336,2.621985423,0.999991802
zfp_p_12_so4_a2_SRF,150,0.995139799,0.989458959,97.01244213,2.157104761,0.99999354
zfp_p_12_so4_a2_SRF,151,0.994649702,0.99991585,96.83702257,7.713719291,0.999994799
zfp_p_12_so4_a2_SRF,152,0.995991731,0.991022216,96.8677662,1.975427425,0.999994455
zfp_p_12_so4_a2_SRF,153,0.995817122,0.979937068,96.786386,3.133016676,0.999994419
zfp_p_12_so4_a2_SRF,154,0.996300251,1,97.01786748,25.03252302,0.999994254
zfp_p_12_so4_a2_SRF,155,0.996048369,0.987706977,96.95638021,13.28323935,0.99999515
zfp_p_12_so4_a2_SRF,156,0.993728324,0.989458959,96.84968171,13.30796901,0.999992772
zfp_p_12_so4_a2_SRF,157,0.996489511,0.988607252,96.82255498,5.980535557,0.999994487
zfp_p_12_so4_a2_SRF,158,0.995978384,0.984701462,96.97627315,14.12115995,0.999995019
zfp_p_12_so4_a2_SRF,159,0.996222334,0.975757287,96.93648727,12.01701734,0.99999442
zfp_p_12_so4_a2_SRF,160,0.996445205,0.991736617,96.82798032,12.07255256,0.999995208
zfp_p_12_so4_a2_SRF,161,0.994775822,0.991736617,96.97265625,2.412896168,0.999995245
zfp_p_12_so4_a2_SRF,162,0.995919611,0.961880053,96.90574363,18.2507546,0.999994028
zfp_p_12_so4_a2_SRF,163,0.995195112,0.982431307,96.89308449,1.120932198,0.999994767
zfp_p_12_so4_a2_SRF,164,0.996536481,0.902109797,96.89127604,28.3362583,0.999993827
zfp_p_12_so4_a2_SRF,165,0.994746488,0.965733891,96.98350694,3.81531973,0.999993978
zfp_p_12_so4_a2_SRF,166,0.994919443,0.987706977,97.05041956,22.52721823,0.999993925
zfp_p_12_so4_a2_SRF,167,0.995047206,0.990263477,97.08839699,3.995118468,0.999994221
zfp_p_12_so4_a2_SRF,168,0.99595632,0.953382068,96.94914641,4.517331919,0.999994774
zfp_p_12_so4_a2_SRF,169,0.995672569,0.987706977,97.00701678,16.65376413,0.999994748
zfp_p_12_so4_a2_SRF,170,0.995836152,0.974243371,96.95457176,21.18193002,0.999994119
zfp_p_12_so4_a2_SRF,171,0.994897683,0.977210288,96.93829572,63.91273955,0.999994413
zfp_p_12_so4_a2_SRF,172,0.995675684,0.972667733,96.87680845,8.322284945,0.999994888
zfp_p_12_so4_a2_SRF,173,0.996402264,0.990263477,96.75745081,3.592466153,0.999994453
zfp_p_12_so4_a2_SRF,174,0.995429624,0.965733891,96.86957465,3.557202858,0.999993399
zfp_p_12_so4_a2_SRF,175,0.994705645,0.9675633,96.93467882,6.253074247,0.999994586
zfp_p_12_so4_a2_SRF,176,0.995748588,0.978603241,96.95999711,4.058521597,0.999993487
zfp_p_12_so4_a2_SRF,177,0.995345751,0.978603241,96.91478588,2.797546531,0.999994845
zfp_p_12_so4_a2_SRF,178,0.995340576,0.977210288,96.8713831,2.718779812,0.999994245
zfp_p_12_so4_a2_SRF,179,0.994999538,0.974243371,96.96180556,1.886195054,0.999994347
zfp_p_12_so4_a2_SRF,180,0.996238388,0.984701462,96.99978299,1,0.999994905
zfp_p_12_so4_a2_SRF,181,0.995123561,0.961880053,97.01244213,6.79033783,0.999995266
zfp_p_12_so4_a2_SRF,182,0.995598033,0.997096779,96.92925347,11.90545953,0.999994737
zfp_p_12_so4_a2_SRF,183,0.995330654,0.975757287,97.00701678,4.626610788,0.9999947
zfp_p_12_so4_a2_SRF,184,0.99541579,0.987706977,96.82436343,21.83673239,0.999994971
zfp_p_12_so4_a2_SRF,185,0.995168797,0.982431307,96.84606481,5.453865076,0.999994708
zfp_p_12_so4_a2_SRF,186,0.994750627,0.991022216,96.83159722,60.95952954,0.999995591
zfp_p_12_so4_a2_SRF,187,0.994059559,0.979937068,97.03414352,2.640091879,0.999995454
zfp_p_12_so4_a2_SRF,188,0.995289682,0.986756786,96.80808738,2.520795822,0.999994971
zfp_p_12_so4_a2_SRF,189,0.995979994,0.983593835,96.9672309,1.827349473,0.999994669
zfp_p_12_so4_a2_SRF,190,0.994440672,0.978603241,96.81170428,3.966674568,0.99999521
zfp_p_12_so4_a2_SRF,191,0.995809018,0.984701462,97.04137731,86.9461635,0.999995182
zfp_p_12_so4_a2_SRF,192,0.994905803,0.982431307,97.03595197,43.18988245,0.999994818
zfp_p_12_so4_a2_SRF,193,0.995200393,0.982431307,97.12818287,101.2828576,0.999994179
zfp_p_12_so4_a2_SRF,194,0.995767899,0.979937068,97.01786748,5.011694188,0.999993091
zfp_p_12_so4_a2_SRF,195,0.994738535,0.984701462,96.80266204,1.714387454,0.999994662
zfp_p_12_so4_a2_SRF,196,0.996316588,1,96.80989583,3.077238553,0.999993629
zfp_p_12_so4_a2_SRF,197,0.99490935,1,97.10467303,5.680389044,0.999994163
zfp_p_12_so4_a2_SRF,198,0.995945842,0.984701462,96.95276331,12.53731848,0.999995089
zfp_p_12_so4_a2_SRF,199,0.995219287,0.999999999,96.9672309,18.37917967,0.999995945
zfp_p_12_so4_a2_SRF,200,0.996686454,0.999820854,97.05041956,5.158540294,0.999995433
zfp_p_12_so4_a2_SRF,201,0.996249028,0.983593835,97.08839699,3.799657391,0.999994511
zfp_p_12_so4_a2_SRF,202,0.995589349,0.987706977,96.98350694,1.058950645,0.999994872
zfp_p_12_so4_a2_SRF,203,0.996151944,0.990263477,96.9708478,2.072743627,0.999993954
zfp_p_12_so4_a2_SRF,204,0.996559349,0.991022216,96.95095486,1.458402864,0.999994562
zfp_p_12_so4_a2_SRF,205,0.995585575,1,96.99435764,0.721554994,0.999994677
zfp_p_12_so4_a2_SRF,206,0.995551052,1,96.75383391,2.901826964,0.999995456
zfp_p_12_so4_a2_SRF,207,0.995099147,1,96.81170428,0.686368755,0.999994841
zfp_p_12_so4_a2_SRF,208,0.996642775,0.990263477,96.99797454,1,0.999995353
zfp_p_12_so4_a2_SRF,209,0.996445776,0.987706977,96.95276331,3.347093656,0.999995523
zfp_p_12_so4_a2_SRF,210,0.995320978,0.985755371,97.08658854,1.422579608,0.999994786
zfp_p_12_so4_a2_SRF,211,0.995052811,0.987706977,96.9672309,16.71136486,0.999994982
zfp_p_12_so4_a2_SRF,212,0.994757622,0.981212746,96.99074074,3.172410266,0.999994476
zfp_p_12_so4_a2_SRF,213,0.995592349,0.977210288,97.01786748,4.642612806,0.99999375
zfp_p_12_so4_a2_SRF,214,0.994151608,0.985755371,96.97265625,8.134016598,0.999994249
zfp_p_12_so4_a2_SRF,215,0.995851597,0.969328356,96.80808738,2.688081242,0.999993721
zfp_p_12_so4_a2_SRF,216,0.99596338,0.972667733,97.01244213,7.850288692,0.999992971
zfp_p_12_so4_a2_SRF,217,0.996510854,0.972667733,96.89670139,4.851317948,0.999993639
zfp_p_12_so4_a2_SRF,218,0.995174495,0.984701462,96.95818866,2.328087577,0.999994683
zfp_p_12_so4_a2_SRF,219,0.994329765,0.990263477,96.97989005,0.895633382,0.999994243
zfp_p_12_so4_a2_SRF,220,0.994781886,1,96.99435764,3.464240498,0.999994972
zfp_p_12_so4_a2_SRF,221,0.9938061,1,96.97265625,1.716836472,0.999994975
zfp_p_12_so4_a2_SRF,222,0.994377223,0.979937068,96.89308449,1.331087023,0.999994515
zfp_p_12_so4_a2_SRF,223,0.99344547,0.989458959,97.09924769,3.512195755,0.999994601
zfp_p_12_so4_a2_SRF,224,0.993848994,0.981212746,96.94552951,17.63077281,0.999994005
zfp_p_12_so4_a2_SRF,225,0.996415092,0.991022216,96.89127604,1.866075025,0.999993213
zfp_p_12_so4_a2_SRF,226,0.995371839,0.985755371,96.90574363,2.95097899,0.999994585
zfp_p_12_so4_a2_SRF,227,0.99627811,0.984701462,97.0739294,5.942961681,0.999994935
zfp_p_12_so4_a2_SRF,228,0.995843366,0.982431307,97.10467303,0.902197896,0.999993809
zfp_p_12_so4_a2_SRF,229,0.995878188,0.974243371,97.02510127,1.446714532,0.999994556
zfp_p_12_so4_a2_SRF,230,0.99500487,0.988607252,96.93829572,0.499050486,0.99999303
zfp_p_12_so4_a2_SRF,231,0.996084102,0.985755371,96.71043113,0.915454365,0.999994431
zfp_p_12_so4_a2_SRF,232,0.995450801,0.979937068,96.80266204,3.808693181,0.999994474
zfp_p_12_so4_a2_SRF,233,0.995217157,0.978603241,96.85329861,3.268022174,0.999995145
zfp_p_12_so4_a2_SRF,234,0.995871287,0.982431307,96.77372685,1.070784861,0.999995298
zfp_p_12_so4_a2_SRF,235,0.993588441,0.978603241,96.94733796,3.462388191,0.999992236
zfp_p_12_so4_a2_SRF,236,0.995539224,0.989458959,97.05403646,2.386319263,0.999994461
zfp_p_12_so4_a2_SRF,237,0.995335342,0.971029624,97.06488715,1.30197576,0.99999526
zfp_p_12_so4_a2_SRF,238,0.99606448,0.981212746,96.92744502,1.109715617,0.999994768
zfp_p_12_so4_a2_SRF,239,0.99625923,0.985755371,96.95276331,1.138431183,0.999994794
zfp_p_12_so4_a2_SRF,240,0.995744953,0.9675633,96.97989005,3.459501417,0.999994196
zfp_p_12_so4_a2_SRF,241,0.995084608,0.978603241,97.05222801,1.694969574,0.99999388
zfp_p_12_so4_a2_SRF,242,0.995386194,0.978603241,97.08297164,7.236126855,0.999994681
zfp_p_12_so4_a2_SRF,243,0.995878425,0.996034503,96.77734375,1.849220317,0.999995083
zfp_p_12_so4_a2_SRF,244,0.995761194,0.975757287,97.03414352,1.550974982,0.999994153
zfp_p_12_so4_a2_SRF,245,0.994566855,0.984701462,96.93829572,2.965998493,0.999993747
zfp_p_12_so4_a2_SRF,246,0.994085394,0.969328356,96.9780816,2.137830867,0.999994775
zfp_p_12_so4_a2_SRF,247,0.994346959,0.989458959,96.90755208,1.086249971,0.999994824
zfp_p_12_so4_a2_SRF,248,0.995668497,0.990263477,96.85329861,1.426022376,0.99999516
zfp_p_12_so4_a2_SRF,249,0.995319204,0.982431307,97.01786748,1.353154556,0.99999389
zfp_p_12_so4_a2_SRF,250,0.994630103,0.997922462,96.97265625,0.960727867,0.999994341
zfp_p_12_so4_a2_SRF,251,0.995999565,0.989458959,96.80085359,1.367351257,0.999995043
zfp_p_12_so4_a2_SRF,252,0.993359774,0.987706977,96.9708478,1.654813844,0.999994441
zfp_p_12_so4_a2_SRF,253,0.994937075,0.971029624,97.02510127,2.686600576,0.999994196
zfp_p_12_so4_a2_SRF,254,0.994518027,0.969328356,96.98712384,2.788391562,0.99999204
zfp_p_12_so4_a2_SRF,255,0.994957244,0.988607252,96.75021701,0.273018731,0.999994192
zfp_p_12_so4_a2_SRF,256,0.994622045,0.975757287,96.83340567,1.041603763,0.99999487
zfp_p_12_so4_a2_SRF,257,0.995927076,0.943819845,96.95095486,2.722743483,0.999994623
zfp_p_12_so4_a2_SRF,258,0.995666707,0.969328356,96.88404225,1.171501976,0.999992338
zfp_p_12_so4_a2_SRF,259,0.994958581,0.977210288,96.97627315,1.40492392,0.99999424
zfp_p_12_so4_a2_SRF,260,0.995893275,0.989458959,96.77010995,0.844201322,0.999994844
zfp_p_12_so4_a2_SRF,261,0.995035709,0.983593835,96.86053241,0.603594379,0.99999486
zfp_p_12_so4_a2_SRF,262,0.994778835,0.994180369,96.92925347,1.088958025,0.999994502
zfp_p_12_so4_a2_SRF,263,0.994197873,0.999995238,96.93467882,1.260613013,0.999994057
zfp_p_12_so4_a2_SRF,264,0.995097802,0.983593835,97.02510127,1.452309019,0.999993775
zfp_p_12_so4_a2_SRF,265,0.996154311,0.989458959,97.05584491,0.803525026,0.999995026
zfp_p_12_so4_a2_SRF,266,0.994829147,0.987706977,96.95638021,3.754310843,0.999994262
zfp_p_12_so4_a2_SRF,267,0.995549287,0.981212746,96.79904514,0.803990216,0.999994781
zfp_p_12_so4_a2_SRF,268,0.9944083,0.979937068,96.90574363,0.714996403,0.999992414
zfp_p_12_so4_a2_SRF,269,0.995046968,0.986756786,96.92925347,1.677767101,0.999994397
zfp_p_12_so4_a2_SRF,270,0.996176926,0.979937068,97.01244213,4.701957159,0.999994535
zfp_p_12_so4_a2_SRF,271,0.995061901,0.979937068,96.74479167,6.112539196,0.999994681
zfp_p_12_so4_a2_SRF,272,0.995711949,0.991022216,96.84425637,3.067559098,0.999993557
zfp_p_12_so4_a2_SRF,273,0.994865981,0.986756786,96.80447049,4.478184465,0.999994313
zfp_p_12_so4_a2_SRF,274,0.995937919,0.991022216,96.92382813,2.075266938,0.999994902
zfp_p_12_so4_a2_SRF,275,0.995612284,0.982431307,96.9672309,2.152204463,0.999994844
zfp_p_12_so4_a2_SRF,276,0.995357618,0.989458959,96.92744502,1.80185657,0.999994823
zfp_p_12_so4_a2_SRF,277,0.994905232,0.965733891,96.88585069,1.531137968,0.99999453
zfp_p_12_so4_a2_SRF,278,0.995602672,0.989458959,96.91478588,4.712467486,0.999995217
zfp_p_12_so4_a2_SRF,279,0.994878974,0.953382068,96.80447049,1,0.999994534
zfp_p_12_so4_a2_SRF,280,0.995958724,0.978603241,96.89850984,1.480185099,0.999994675
zfp_p_12_so4_a2_SRF,281,0.995421464,0.977210288,96.98350694,3.783146617,0.999994502
zfp_p_12_so4_a2_SRF,282,0.995965898,0.984701462,96.92563657,2.141581536,0.999994249
zfp_p_12_so4_a2_SRF,283,0.996317383,0.983593835,96.94372106,4.634406043,0.999994811
zfp_p_12_so4_a2_SRF,284,0.995895499,0.9675633,96.83702257,3.570006408,0.999994773
zfp_p_12_so4_a2_SRF,285,0.995455687,0.987706977,96.96542245,4.856187863,0.999994696
zfp_p_12_so4_a2_SRF,286,0.994862746,1,96.92382813,1.420736056,0.999995161
zfp_p_12_so4_a2_SRF,287,0.995695167,0.999999838,96.99616609,3.540712174,0.99999471
zfp_p_12_so4_a2_SRF,288,0.994850503,0.986756786,96.89850984,10.84486349,0.999994892
zfp_p_12_so4_a2_SRF,289,0.995910512,0.978603241,96.97265625,5.000742511,0.999994766
zfp_p_12_so4_a2_SRF,290,0.99524241,0.971029624,96.98893229,12.87384599,0.999994362
zfp_p_12_so4_a2_SRF,291,0.994573922,0.978603241,96.78819444,2.771013679,0.999994454
zfp_p_12_so4_a2_SRF,292,0.995483748,0.986756786,96.97989005,7.872309196,0.99999492
zfp_p_12_so4_a2_SRF,293,0.996919363,0.983593835,96.82617188,2.126617952,0.999994909
zfp_p_12_so4_a2_SRF,294,0.995925158,0.990263477,96.90936053,2.913757132,0.999995237
zfp_p_12_so4_a2_SRF,295,0.996115073,0.982431307,97.04318576,1.592276199,0.999994607
zfp_p_12_so4_a2_SRF,296,0.996203089,0.938639316,96.95818866,45.86045133,0.999995046
zfp_p_12_so4_a2_SRF,297,0.99683608,0.991736617,96.91297743,28.7375664,0.999994467
zfp_p_12_so4_a2_SRF,298,0.99552716,0.991022216,97.06127025,2.504012592,0.999994585
zfp_p_12_so4_a2_SRF,299,0.995958461,0.961880053,96.97627315,8.110973014,0.99999447
zfp_p_12_so4_a2_SRF,300,0.9956731,0.982431307,96.89489294,3.80147113,0.999994139
zfp_p_12_so4_a2_SRF,301,0.995061831,0.981212746,97.01244213,1.455769603,0.999994347
zfp_p_12_so4_a2_SRF,302,0.995321392,0.957763548,96.86053241,1.657055563,0.999994859
zfp_p_12_so4_a2_SRF,303,0.996389086,0.988607252,97.03052662,2.467273937,0.999994694
zfp_p_12_so4_a2_SRF,304,0.995975899,0.977210288,96.94191262,12.20400513,0.999994998
zfp_p_12_so4_a2_SRF,305,0.996290869,0.977210288,96.963614,7.437698332,0.999993928
zfp_p_12_so4_a2_SRF,306,0.995912637,0.982431307,96.83340567,10.35405302,0.999993312
zfp_p_12_so4_a2_SRF,307,0.996240053,0.977210288,96.94372106,14.35551066,0.999994108
zfp_p_12_so4_a2_SRF,308,0.996557671,0.979937068,97.01063368,1.933610664,0.999994642
zfp_p_12_so4_a2_SRF,309,0.995337942,0.972667733,96.90212674,1.815597089,0.999993435
zfp_p_12_so4_a2_SRF,310,0.995573516,0.984701462,96.98350694,4.125558215,0.99999405
zfp_p_12_so4_a2_SRF,311,0.996703647,0.978603241,96.99797454,6.335140841,0.999994321
zfp_p_12_so4_a2_SRF,312,0.996479337,0.983593835,96.84244792,1.761377355,0.999993655
zfp_p_12_so4_a2_SRF,313,0.996237503,0.977210288,96.94552951,3.844204196,0.999993861
zfp_p_12_so4_a2_SRF,314,0.996369077,0.984701462,96.93106192,1.75734842,0.999993264
zfp_p_12_so4_a2_SRF,315,0.99508098,0.983593835,96.85691551,1.356154447,0.999994269
zfp_p_12_so4_a2_SRF,316,0.996215404,0.974243371,96.94372106,0.932577762,0.999994028
zfp_p_12_so4_a2_SRF,317,0.996341265,0.982431307,96.85329861,4.975191447,0.999994975
zfp_p_12_so4_a2_SRF,318,0.996347804,0.975757287,96.93467882,2.373996977,0.999993713
zfp_p_12_so4_a2_SRF,319,0.996170623,0.979937068,96.67426215,0.961911822,0.999994533
zfp_p_12_so4_a2_SRF,320,0.995653922,0.977210288,96.81893808,0.792453659,0.999994642
zfp_p_12_so4_a2_SRF,321,0.995161669,0.985755371,96.77010995,3.814079037,0.999993034
zfp_p_12_so4_a2_SRF,322,0.996051317,0.969328356,96.75021701,0.931360679,0.999994552
zfp_p_12_so4_a2_SRF,323,0.996567085,1,96.89308449,0.499326611,0.999994102
zfp_p_12_so4_a2_SRF,324,0.996505483,1,96.94191262,1.069743183,0.999994145
zfp_p_12_so4_a2_SRF,325,0.996843444,0.988607252,96.74479167,0.731425081,0.999994155
zfp_p_12_so4_a2_SRF,326,0.996849787,0.991022216,96.72128183,3.153045786,0.999995314
zfp_p_12_so4_a2_SRF,327,0.994939647,0.988607252,96.73032407,1.662067228,0.999994389
zfp_p_12_so4_a2_SRF,328,0.994811392,0.993038273,96.85510706,2.186997131,0.999990178
zfp_p_12_so4_a2_SRF,329,0.996084414,0.986756786,96.85510706,2.620999269,0.999993003
zfp_p_12_so4_a2_SRF,330,0.997248471,0.982431307,96.84968171,3.112167398,0.99999438
zfp_p_12_so4_a2_SRF,331,0.997001118,0.982431307,96.72128183,7.264872939,0.999994834
zfp_p_12_so4_a2_SRF,332,0.996768047,0.963839623,96.7683015,0.926582777,0.999994214
zfp_p_12_so4_a2_SRF,333,0.996347343,0.983593835,96.79361979,0.331000602,0.999994714
zfp_p_12_so4_a2_SRF,334,0.997141076,0.989458959,96.89850984,0.878828737,0.999993798
zfp_p_12_so4_a2_SRF,335,0.996259428,0.987706977,96.82978877,0.616467009,0.999993641
zfp_p_12_so4_a2_SRF,336,0.996048929,0.998151838,96.76649306,0.436439386,0.999993672
zfp_p_12_so4_a2_SRF,337,0.99682174,0.978603241,96.80085359,0.483997148,0.999994238
zfp_p_12_so4_a2_SRF,338,0.997227883,0.999971236,96.76287616,2.277164958,0.999994805
zfp_p_12_so4_a2_SRF,339,0.996829794,0.985755371,96.8713831,2.000896022,0.999994416
zfp_p_12_so4_a2_SRF,340,0.996928758,0.974243371,96.82978877,0.854320255,0.999994571
zfp_p_12_so4_a2_SRF,341,0.997041767,0.946310385,96.90936053,2.350347143,0.999994147
zfp_p_12_so4_a2_SRF,342,0.99769128,0.987706977,96.85510706,1.539548963,0.999993668
zfp_p_12_so4_a2_SRF,343,0.996929222,0.990263477,96.92382813,2.502345319,0.99999443
zfp_p_12_so4_a2_SRF,344,0.996720769,0.983593835,96.82978877,4.601121562,0.999994167
zfp_p_12_so4_a2_SRF,345,0.996568175,0.975757287,96.86595775,2.783044125,0.999994343
zfp_p_12_so4_a2_SRF,346,0.995197093,0.982431307,96.93287037,1.312478347,0.999994866
zfp_p_12_so4_a2_SRF,347,0.996883307,0.982431307,96.74117477,1.724232903,0.999995066
zfp_p_12_so4_a2_SRF,348,0.997626338,0.984701462,96.61820023,1.620759021,0.999994647
zfp_p_12_so4_a2_SRF,349,0.997288815,0.972667733,96.84244792,2.228174219,0.999994749
zfp_p_12_so4_a2_SRF,350,0.996021985,1,96.83702257,4.906528385,0.999993683
zfp_p_12_so4_a2_SRF,351,0.995480601,0.974243371,96.81351273,1.291459447,0.9999937
zfp_p_12_so4_a2_SRF,352,0.996811301,0.988607252,96.71947338,12.97847632,0.999994613
zfp_p_12_so4_a2_SRF,353,0.99707435,0.981212746,96.71043113,1.477779292,0.999994505
zfp_p_12_so4_a2_SRF,354,0.997297647,0.984701462,96.79361979,2.035103507,0.999994066
zfp_p_12_so4_a2_SRF,355,0.997037692,0.983593835,96.65436921,5.319498058,0.99999407
zfp_p_12_so4_a2_SRF,356,0.99711795,0.959854801,96.85510706,2.203988144,0.999993843
zfp_p_12_so4_a2_SRF,357,0.996865238,0.974243371,96.75564236,7.732490213,0.999993931
zfp_p_12_so4_a2_SRF,358,0.99577078,0.979937068,96.88765914,2.142950416,0.999994879
zfp_p_12_so4_a2_SRF,359,0.994765256,0.971029624,96.88765914,3.068845757,0.999994657
zfp_p_12_so4_a2_SRF,360,0.996661121,0.987706977,96.81532118,2.915874363,0.999994603
zfp_p_12_so4_a2_SRF,361,0.997560016,0.943819845,96.76649306,7.374271168,0.999994072
zfp_p_12_so4_a2_SRF,362,0.997199204,0.9976711,96.87680845,3.357640642,0.999994151
zfp_p_12_so4_a2_SRF,363,0.997686365,0.997922462,96.90212674,2.140800602,0.999994381
zfp_p_12_so4_a2_SRF,364,0.996914554,0.986756786,96.87319155,1.261744817,0.999995039
zfp_p_12_so4_a2_SRF,365,0.996889806,0.989458959,96.70319734,2.292478205,0.999994827
zfp_p_12_so4_a2_SRF,366,0.996905265,0.983593835,96.68872975,1.150260888,0.999994781
zfp_p_12_so4_a2_SRF,367,0.997108542,0.985755371,96.63266782,1.347984551,0.999994886
zfp_p_12_so4_a2_SRF,368,0.997571824,0.977210288,96.7827691,2.113915104,0.999995043
zfp_p_12_so4_a2_SRF,369,0.997520046,0.978603241,96.82617188,6.337232795,0.999994652
zfp_p_12_so4_a2_SRF,370,0.997657082,0.979937068,96.73755787,2.720583917,0.999994478
zfp_p_12_so4_a2_SRF,371,0.997098189,0.986756786,96.90393519,32.02249011,0.999994341
zfp_p_12_so4_a2_SRF,372,0.996303166,0.969328356,96.6869213,34.74317105,0.999993831
zfp_p_12_so4_a2_SRF,373,0.995069766,0.965733891,96.68872975,1.88803152,0.999994409
zfp_p_12_so4_a2_SRF,374,0.993763339,0.988607252,96.6833044,2.240809778,0.99999431
zfp_p_12_so4_a2_SRF,375,0.995479603,0.987706977,96.89850984,1.18819039,0.999992871
zfp_p_12_so4_a2_SRF,376,0.997359822,0.965733891,96.69234664,2.489075999,0.999994063
zfp_p_12_so4_a2_SRF,377,0.996493315,0.955606035,96.63085938,0.447555279,0.999994533
zfp_p_12_so4_a2_SRF,378,0.996672248,0.987706977,96.78819444,0.69696791,0.999993794
zfp_p_12_so4_a2_SRF,379,0.997316016,0.987706977,96.71766493,0.604794922,0.999993855
zfp_p_12_so4_a2_SRF,380,0.997171085,0.989458959,96.82798032,0.697141039,0.999994826
zfp_p_12_so4_a2_SRF,381,0.996589945,0.983593835,96.74479167,7.027269178,0.999994467
zfp_p_12_so4_a2_SRF,382,0.99657439,0.983593835,96.83702257,3.851722934,0.999994829
zfp_p_12_so4_a2_SRF,383,0.997035519,0.983593835,96.83883102,2.023817366,0.999994463
zfp_p_12_so4_a2_SRF,384,0.99729663,0.985755371,96.90755208,2.524135896,0.999994261
zfp_p_12_so4_a2_SRF,385,0.996539514,0.972667733,96.66883681,3.768065213,0.999994156
zfp_p_12_so4_a2_SRF,386,0.996568458,0.965733891,96.76106771,3.824553999,0.999994452
zfp_p_12_so4_a2_SRF,387,0.99699213,0.972667733,96.68872975,3.59787827,0.999993623
zfp_p_12_so4_a2_SRF,388,0.996261645,0.969328356,96.82436343,1.381735565,0.99999404
zfp_p_12_so4_a2_SRF,389,0.996685514,0.989458959,96.7755353,1.456718894,0.999994124
zfp_p_12_so4_a2_SRF,390,0.99615497,0.9675633,96.69596354,0.798459889,0.999994713
zfp_p_12_so4_a2_SRF,391,0.997475384,0.984701462,96.65256076,2.941526339,0.999994589
zfp_p_12_so4_a2_SRF,392,0.996662812,0.961880053,96.92201968,11.99673473,0.999994353
zfp_p_12_so4_a2_SRF,393,0.99729479,0.978603241,96.73394097,7.079471138,0.999994098
zfp_p_12_so4_a2_SRF,394,0.996867761,0.982431307,96.77010995,4.255250075,0.999993619
zfp_p_12_so4_a2_SRF,395,0.996636914,0.987706977,96.74298322,0.524851075,0.999994124
zfp_p_12_so4_a2_SRF,396,0.996214036,0.978603241,96.65075231,0.938102293,0.999994496
zfp_p_12_so4_a2_SRF,397,0.996715703,0.961880053,96.72128183,4.552472521,0.999994285
zfp_p_12_so4_a2_SRF,398,0.995727673,0.999517971,96.69234664,2.530796488,0.999994261
zfp_p_12_so4_a2_SRF,399,0.996606899,1,96.85329861,1,0.999994927
zfp_p_12_so4_a2_SRF,400,0.996634429,0.988607252,96.78096065,1.586146699,0.999994503
zfp_p_12_so4_a2_SRF,401,0.996023832,0.9675633,96.7719184,2.152930725,0.999993731
zfp_p_12_so4_a2_SRF,402,0.996377151,0.981212746,96.76649306,0.676934341,0.999994104
zfp_p_12_so4_a2_SRF,403,0.996064865,0.999700262,96.62905093,1.814494501,0.999994029
zfp_p_12_so4_a2_SRF,404,0.995335353,0.972667733,96.82255498,1.489522732,0.999993607
zfp_p_12_so4_a2_SRF,405,0.996852821,0.989458959,96.61639178,3.942667681,0.999994432
zfp_p_12_so4_a2_SRF,406,0.997009261,0.982431307,96.82617188,2.100783309,0.999994274
zfp_p_12_so4_a2_SRF,407,0.996780106,0.975757287,96.82617188,3.128208809,0.999993951
zfp_p_12_so4_a2_SRF,408,0.997167972,0.991022216,96.85510706,6.423678317,0.999994326
zfp_p_12_so4_a2_SRF,409,0.997190677,0.982431307,96.90936053,0.534508707,0.999994403
zfp_p_12_so4_a2_SRF,410,0.996691822,0.982431307,96.87680845,0.557279023,0.999994215
zfp_p_12_so4_a2_SRF,411,0.99546722,0.984701462,96.72128183,0.864737134,0.999994451
zfp_p_12_so4_a2_SRF,412,0.996827271,0.965733891,96.86053241,1.471529789,0.999994486
zfp_p_12_so4_a2_SRF,413,0.997294196,0.983593835,96.73213252,1.185826487,0.999994208
zfp_p_12_so4_a2_SRF,414,0.997162163,0.986756786,96.75202546,3.340710617,0.999994325
zfp_p_12_so4_a2_SRF,415,0.997642769,0.948734288,96.73574942,1.213656957,0.999994638
zfp_p_12_so4_a2_SRF,416,0.996825163,0.981212746,96.81351273,1.067896041,0.999994017
zfp_p_12_so4_a2_SRF,417,0.996660476,0.987706977,96.96180556,0.941301298,0.999994304
zfp_p_12_so4_a2_SRF,418,0.996390198,0.981212746,96.74117477,1.893062362,0.999994107
zfp_p_12_so4_a2_SRF,419,0.996865232,0.989458959,96.84606481,0.710985105,0.999994276
zfp_p_12_so4_a2_SRF,420,0.996766166,0.990263477,96.78819444,0.960668493,0.999994142
zfp_p_12_so4_a2_SRF,421,0.997035393,0.986756786,96.89127604,0.913063167,0.999995017
zfp_p_12_so4_a2_SRF,422,0.995830534,0.955606035,96.786386,0.654745483,0.999994279
zfp_p_12_so4_a2_SRF,423,0.99746093,0.978603241,96.79542824,0.531972701,0.999993885
zfp_p_12_so4_a2_SRF,424,0.997124462,0.979937068,96.78457755,1.196834212,0.999994393
zfp_p_12_so4_a2_SRF,425,0.997019848,0.985755371,96.85691551,4.785241044,0.999994408
zfp_p_12_so4_a2_SRF,426,0.997465534,0.982431307,96.86414931,4.520744699,0.999994229
zfp_p_12_so4_a2_SRF,427,0.996340825,0.978603241,96.81170428,1.88300858,0.999994981
zfp_p_12_so4_a2_SRF,428,0.997596945,0.986756786,96.91840278,3.779662268,0.999994762
zfp_p_12_so4_a2_SRF,429,0.99711819,0.989458959,96.99978299,5.440888488,0.999994591
zfp_p_12_so4_a2_SRF,430,0.996592372,0.989458959,96.85691551,6.186655039,0.999994557
zfp_p_12_so4_a2_SRF,431,0.995026736,0.948734288,96.85510706,1.627337519,0.999994905
zfp_p_12_so4_a2_SRF,432,0.996526538,0.985755371,96.71585648,2.447363387,0.999994437
zfp_p_12_so4_a2_SRF,433,0.99737938,0.965733891,96.81712963,1.542427242,0.999994399
zfp_p_12_so4_a2_SRF,434,0.995909316,0.982431307,96.83883102,1.813397605,0.99999427
zfp_p_12_so4_a2_SRF,435,0.996880253,0.975757287,96.89850984,3.79056485,0.999994659
zfp_p_12_so4_a2_SRF,436,0.996294077,0.981212746,96.82436343,1.081052942,0.999994621
zfp_p_12_so4_a2_SRF,437,0.996642569,0.981212746,96.99978299,2.229423885,0.999994501
zfp_p_12_so4_a2_SRF,438,0.996469378,0.981212746,96.70681424,0.922736866,0.999994902
zfp_p_12_so4_a2_SRF,439,0.995886609,0.975757287,96.76649306,1.084829685,0.999994565
zfp_p_12_so4_a2_SRF,440,0.997941393,0.989458959,96.88585069,1.036477614,0.999994738
zfp_p_12_so4_a2_SRF,441,0.996055514,0.969328356,96.87319155,0.920794957,0.999995204
zfp_p_12_so4_a2_SRF,442,0.995592627,0.972667733,96.83159722,3.487386095,0.99999371
zfp_p_12_so4_a2_SRF,443,0.994295601,0.971029624,96.80627894,1.272430522,0.999992988
zfp_p_12_so4_a2_SRF,444,0.995089099,0.987706977,96.90031829,1.95448125,0.999994287
zfp_p_12_so4_a2_SRF,445,0.99665994,0.978603241,96.88946759,0.81451848,0.999994391
zfp_p_12_so4_a2_SRF,446,0.99652691,0.982431307,96.75564236,0.924055826,0.999994999
zfp_p_12_so4_a2_SRF,447,0.997069075,0.981212746,96.8713831,0.391026949,0.999995124
zfp_p_12_so4_a2_SRF,448,0.995506508,0.982431307,96.70681424,0.378570421,0.999994382
zfp_p_12_so4_a2_SRF,449,0.995538914,0.990263477,96.86234086,2.609089801,0.99999435
zfp_p_12_so4_a2_SRF,450,0.996588252,0.991022216,96.71947338,1.495131033,0.999994904
zfp_p_12_so4_a2_SRF,451,0.99672202,0.987706977,96.62362558,2.622954479,0.999994095
zfp_p_12_so4_a2_SRF,452,0.995617771,0.985755371,96.83340567,2.031267027,0.999995056
zfp_p_12_so4_a2_SRF,453,0.995425264,0.987706977,96.79542824,9.532516772,0.999994022
zfp_p_12_so4_a2_SRF,454,0.99559858,0.974243371,96.90755208,0.857667801,0.999994823
zfp_p_12_so4_a2_SRF,455,0.994905615,0.984701462,96.69958044,0.834449321,0.999994663
zfp_p_12_so4_a2_SRF,456,0.994733452,0.984701462,96.79181134,1.672444557,0.999994559
zfp_p_12_so4_a2_SRF,457,0.996988272,0.990263477,96.5910735,1.270941245,0.999995009
zfp_p_12_so4_a2_SRF,458,0.996661721,0.982431307,96.87319155,0.884641894,0.999994635
zfp_p_12_so4_a2_SRF,459,0.996379181,0.991022216,96.88946759,0.437739187,0.999994059
zfp_p_12_so4_a2_SRF,460,0.996287772,0.990263477,96.83159722,1.08719022,0.999994728
zfp_p_12_so4_a2_SRF,461,0.995968324,0.974243371,96.875,0.90292651,0.999995111
zfp_p_12_so4_a2_SRF,462,0.995492414,0.990263477,96.76287616,1.903447866,0.999994624
zfp_p_12_so4_a2_SRF,463,0.996776271,0.987706977,96.93467882,0.877135886,0.999994502
zfp_p_12_so4_a2_SRF,464,0.996644238,0.988607252,96.78819444,2.022190038,0.999994885
zfp_p_12_so4_a2_SRF,465,0.996319876,0.979937068,96.89127604,0.691892491,0.999994433
zfp_p_12_so4_a2_SRF,466,0.997057375,0.988607252,96.7755353,1.136753635,0.99999435
zfp_p_12_so4_a2_SRF,467,0.99688914,0.982431307,96.86234086,0.797142017,0.999995103
zfp_p_12_so4_a2_SRF,468,0.996386426,0.972667733,96.83702257,3.523544282,0.999994643
zfp_p_12_so4_a2_SRF,469,0.996454908,0.975757287,96.85149016,0.894945065,0.999994663
zfp_p_12_so4_a2_SRF,470,0.995565092,0.990263477,96.77010995,1.654002128,0.99999502
zfp_p_12_so4_a2_SRF,471,0.995981985,0.974243371,96.80627894,2.308910947,0.999995015
zfp_p_12_so4_a2_SRF,472,0.995627899,0.987706977,96.75925926,0.679574043,0.999994902
zfp_p_12_so4_a2_SRF,473,0.996116382,0.984701462,96.77010995,6.157066991,0.999994068
zfp_p_12_so4_a2_SRF,474,0.994461336,0.974243371,96.74840856,0.4887666,0.999993542
zfp_p_12_so4_a2_SRF,475,0.995202031,0.979937068,96.78457755,1.687392009,0.999995127
zfp_p_12_so4_a2_SRF,476,0.994551948,0.978603241,96.93829572,1.154097644,0.9999949
zfp_p_12_so4_a2_SRF,477,0.996233541,0.987706977,96.84606481,4.617007846,0.999994895
zfp_p_12_so4_a2_SRF,478,0.995349011,0.953382068,96.93106192,0.86707725,0.999993972
zfp_p_12_so4_a2_SRF,479,0.996832255,0.981212746,96.8677662,1.116137981,0.999994128
zfp_p_12_so4_a2_SRF,480,0.994815622,0.978603241,96.86595775,1.529834473,0.999994319
zfp_p_12_so4_a2_SRF,481,0.996380746,0.987706977,96.82978877,3.340093755,0.999994215
zfp_p_12_so4_a2_SRF,482,0.995617242,0.955606035,96.79361979,1.515011611,0.99999481
zfp_p_12_so4_a2_SRF,483,0.995424537,0.991736617,96.63809317,2.709454547,0.999994874
zfp_p_12_so4_a2_SRF,484,0.996017404,0.9675633,96.875,4.007436754,0.999995105
zfp_p_12_so4_a2_SRF,485,0.996079561,0.985755371,96.88946759,2.526974689,0.999994795
zfp_p_12_so4_a2_SRF,486,0.99504049,0.991022216,96.78096065,1.036203842,0.999995042
zfp_p_12_so4_a2_SRF,487,0.996214763,0.983593835,96.87319155,4.574692322,0.999994375
zfp_p_12_so4_a2_SRF,488,0.99559453,0.985755371,96.8713831,1.67800809,0.999994572
zfp_p_12_so4_a2_SRF,489,0.995607996,0.988607252,96.83340567,0.909969602,0.999993711
zfp_p_12_so4_a2_SRF,490,0.995017466,0.986756786,96.81532118,1.794477249,0.999993787
zfp_p_12_so4_a2_SRF,491,0.995429032,0.991736617,96.79181134,0.802349757,0.99999414
zfp_p_12_so4_a2_SRF,492,0.995483818,1,96.80808738,0.86639831,0.999994578
zfp_p_12_so4_a2_SRF,493,0.996056734,0.974243371,96.86957465,0.463245783,0.999994252
zfp_p_12_so4_a2_SRF,494,0.995294376,0.963839623,96.82798032,2.085934312,0.999994489
zfp_p_12_so4_a2_SRF,495,0.995215455,0.984701462,96.89850984,1.300564374,0.999994573
zfp_p_12_so4_a2_SRF,496,0.995724751,0.977210288,97.02510127,4.693527751,0.999994179
zfp_p_12_so4_a2_SRF,497,0.996350158,0.985755371,96.98350694,1.468465339,0.99999452
zfp_p_12_so4_a2_SRF,498,0.996027598,0.991022216,96.55852141,9.109831985,0.999995103
zfp_p_12_so4_a2_SRF,499,0.99697122,0.959854801,96.76287616,25.15619658,0.99999499
zfp_p_12_so4_a2_SRF,500,0.996579071,0.985755371,96.90212674,3.896574776,0.999994657
zfp_p_12_so4_a2_SRF,501,0.996041427,0.985755371,96.99074074,14.98842054,0.999994567
zfp_p_12_so4_a2_SRF,502,0.996266502,0.988607252,96.93106192,2.436117928,0.999994741
zfp_p_12_so4_a2_SRF,503,0.995700205,0.975757287,96.94914641,6.950304232,0.999994286
zfp_p_12_so4_a2_SRF,504,0.994944759,0.991022216,96.86053241,6.911927167,0.999995014
zfp_p_12_so4_a2_SRF,505,0.994666176,0.984701462,97.09924769,4.035949032,0.999993419
zfp_p_12_so4_a2_SRF,506,0.996226167,0.984701462,97.01425058,1,0.999994558
zfp_p_12_so4_a2_SRF,507,0.996309307,0.988607252,96.80989583,9.486806223,0.999993902
zfp_p_12_so4_a2_SRF,508,0.995687211,0.961880053,96.89670139,84.87646333,0.999994595
zfp_p_12_so4_a2_SRF,509,0.996337163,0.977210288,96.95818866,15.25574704,0.999994226
zfp_p_12_so4_a2_SRF,510,0.996025708,0.986756786,96.73936632,1.10211771,0.999994383
zfp_p_12_so4_a2_SRF,511,0.995654068,0.959854801,96.88042535,25.16876342,0.99999475
zfp_p_12_so4_a2_SRF,512,0.99496706,0.977210288,97.01786748,6.256475498,0.999994835
zfp_p_12_so4_a2_SRF,513,0.996231309,0.977210288,96.96542245,1.229265218,0.999994645
zfp_p_12_so4_a2_SRF,514,0.995893748,0.983593835,96.98712384,13.30450639,0.999993874
zfp_p_12_so4_a2_SRF,515,0.995389134,0.983593835,96.86234086,0.727720234,0.999993858
zfp_p_12_so4_a2_SRF,516,0.994969061,0.984701462,97.03052662,1.433281935,0.999994356
zfp_p_12_so4_a2_SRF,517,0.996283515,0.977210288,97.0630787,11.6083342,0.999994333
zfp_p_12_so4_a2_SRF,518,0.995983127,0.986756786,96.88765914,0.795059978,0.999995074
zfp_p_12_so4_a2_SRF,519,0.996505309,0.975757287,96.963614,0.679668271,0.999994924
zfp_p_12_so4_a2_SRF,520,0.996212532,0.987706977,97.05584491,1,0.999993927
zfp_p_12_so4_a2_SRF,521,0.995867315,0.957763548,96.89489294,8.829973637,0.999993961
zfp_p_12_so4_a2_SRF,522,0.995581343,0.988607252,96.94733796,4.51941293,0.99999473
zfp_p_12_so4_a2_SRF,523,0.995266423,0.981212746,96.94191262,5.632473876,0.999993814
zfp_p_12_so4_a2_SRF,524,0.995559591,0.982431307,97.02871817,8.382886383,0.999994276
zfp_p_12_so4_a2_SRF,525,0.995966031,0.984701462,96.72128183,78.78947917,0.99999486
zfp_p_12_so4_a2_SRF,526,0.996432446,0.987706977,96.80808738,7.073054389,0.999994793
zfp_p_12_so4_a2_SRF,527,0.995444629,0.986756786,96.85872396,7.892670075,0.999994678
zfp_p_12_so4_a2_SRF,528,0.995277219,0.982431307,96.83340567,0.912060308,0.999994266
zfp_p_12_so4_a2_SRF,529,0.99566253,0.990263477,97.00520833,0.928537986,0.999994307
zfp_p_12_so4_a2_SRF,530,0.996317656,0.998151838,96.90936053,1.103483249,0.999994229
zfp_p_12_so4_a2_SRF,531,0.996113312,0.989458959,97.02329282,1.856055681,0.999993845
zfp_p_12_so4_a2_SRF,532,0.996598507,0.986756786,96.98350694,12.5608385,0.999994188
zfp_p_12_so4_a2_SRF,533,0.996444168,0.9675633,96.97265625,13.46718609,0.99999472
zfp_p_12_so4_a2_SRF,534,0.996845425,0.985755371,97.12818287,0.891769661,0.999994687
zfp_p_12_so4_a2_SRF,535,0.996492241,0.961880053,96.90393519,2.760963684,0.999994299
zfp_p_12_so4_a2_SRF,536,0.995402633,0.983593835,96.98712384,15.96802206,0.999993772
zfp_p_12_so4_a2_SRF,537,0.995663835,0.982431307,97.02329282,3.813237904,0.999993569
zfp_p_12_so4_a2_SRF,538,0.993567015,0.979937068,96.96180556,12.44852606,0.999995052
zfp_p_12_so4_a2_SRF,539,0.995684218,0.9675633,96.96180556,3.859321013,0.999994512
zfp_p_12_so4_a2_SRF,540,0.995956134,0.989458959,97.00882523,1.36144003,0.999994918
zfp_p_12_so4_a2_SRF,541,0.994680116,0.989458959,96.98712384,0.479416059,0.999994602
zfp_p_12_so4_a2_SRF,542,0.993063689,1,97.01425058,0.467884923,0.999994821
zfp_p_12_so4_a2_SRF,543,0.995308741,0.961880053,96.99074074,0.65435485,0.999994051
zfp_p_12_so4_a2_SRF,544,0.995810826,0.991022216,96.99797454,1.565720522,0.999993814
zfp_p_12_so4_a2_SRF,545,0.995989664,0.978603241,96.94552951,5.571162156,0.999993925
zfp_p_12_so4_a2_SRF,546,0.99492091,0.983593835,97.05041956,46.82417977,0.999993716
zfp_p_12_so4_a2_SRF,547,0.994633955,0.982431307,97.01063368,1.727704354,0.999993595
zfp_p_12_so4_a2_SRF,548,0.995487584,0.986756786,96.96903935,9.159536625,0.99999439
zfp_p_12_so4_a2_SRF,549,0.996142105,0.990263477,96.79361979,28.70000615,0.999995541
zfp_p_12_so4_a2_SRF,550,0.995219839,0.985755371,96.92563657,2.99572498,0.999994415
zfp_p_12_so4_a2_SRF,551,0.994975969,0.971029624,96.8786169,55.45287092,0.999994645
zfp_p_12_so4_a2_SRF,552,0.995262395,0.969328356,97.08839699,2.033984582,0.999994664
zfp_p_12_so4_a2_SRF,553,0.995940047,0.988607252,97.01786748,6.658049182,0.999994483
zfp_p_12_so4_a2_SRF,554,0.996253129,0.981212746,96.92021123,5.466803802,0.999994797
zfp_p_12_so4_a2_SRF,555,0.995664544,0.986756786,96.9708478,8.037126513,0.999993851
zfp_p_12_so4_a2_SRF,556,0.995016594,0.979937068,97.0666956,53.96932437,0.999994067
zfp_p_12_so4_a2_SRF,557,0.995978321,0.987706977,97.02871817,1.579490347,0.99999456
zfp_p_12_so4_a2_SRF,558,0.996439402,0.977210288,97.00520833,68.89707717,0.999993499
zfp_p_12_so4_a2_SRF,559,0.992909751,0.981212746,96.71947338,6.733512425,0.999994551
zfp_p_12_so4_a2_SRF,560,0.996724542,0.971029624,96.96542245,14.95755049,0.999995031
zfp_p_12_so4_a2_SRF,561,0.994856123,0.957763548,96.90393519,1.111345845,0.999995467
zfp_p_12_so4_a2_SRF,562,0.996442444,0.975757287,97.02148438,1,0.999994847
zfp_p_12_so4_a2_SRF,563,0.996526405,0.981212746,97.0775463,5.94460145,0.999994556
zfp_p_12_so4_a2_SRF,564,0.995450988,0.9675633,96.96180556,5.851375232,0.999994316
zfp_p_12_so4_a2_SRF,565,0.995815314,0.990263477,97.02329282,1.498542174,0.999994289
zfp_p_12_so4_a2_SRF,566,0.99524048,0.987706977,97.13541667,6.150813501,0.999993911
zfp_p_12_so4_a2_SRF,567,0.996078674,0.984701462,97.01786748,285.1932198,0.99999465
zfp_p_12_so4_a2_SRF,568,0.995721772,0.979937068,97.08478009,1.27239726,0.999994193
zfp_p_12_so4_a2_SRF,569,0.997029251,0.955606035,97.0630787,5.251012938,0.999992692
zfp_p_12_so4_a2_SRF,570,0.996807429,0.989458959,96.91840278,0.875624757,0.999994366
zfp_p_12_so4_a2_SRF,571,0.995399382,0.979937068,96.96903935,2.964896222,0.99999528
zfp_p_12_so4_a2_SRF,572,0.994786632,0.972667733,96.8822338,1.658983807,0.999994441
zfp_p_12_so4_a2_SRF,573,0.994469739,0.989458959,96.84606481,1.844380209,0.999993864
zfp_p_12_so4_a2_SRF,574,0.996137849,0.985755371,96.94191262,7.993447343,0.999993758
zfp_p_12_so4_a2_SRF,575,0.995754327,0.972667733,96.88404225,3.834773146,0.999994954
zfp_p_12_so4_a2_SRF,576,0.995997706,0.9675633,97.02690972,3.249032407,0.999993904
zfp_p_12_so4_a2_SRF,577,0.995626919,0.989458959,96.92563657,1.706555844,0.999992867
zfp_p_12_so4_a2_SRF,578,0.995366886,0.981212746,96.8786169,0.887265518,0.999994064
zfp_p_12_so4_a2_SRF,579,0.995111165,0.974243371,96.92201968,2.140425049,0.999994793
zfp_p_12_so4_a2_SRF,580,0.996024804,0.969328356,96.94010417,6.118777078,0.999994142
zfp_p_12_so4_a2_SRF,581,0.995128097,0.990263477,96.79000289,2.05610772,0.999995262
zfp_p_12_so4_a2_SRF,582,0.996066368,0.991022216,97.0630787,5.980847349,0.999995483
zfp_p_12_so4_a2_SRF,583,0.995886842,0.990263477,97.05765336,4.534366598,0.999994242
zfp_p_12_so4_a2_SRF,584,0.996390335,0.975757287,96.88404225,14.75507428,0.999995473
zfp_p_12_so4_a2_SRF,585,0.995802781,0.979937068,96.86053241,6.743187619,0.999994867
zfp_p_12_so4_a2_SRF,586,0.995186068,0.955606035,96.93287037,3.014881694,0.999994333
zfp_p_12_so4_a2_SRF,587,0.994253692,0.978603241,96.89127604,3.979083118,0.999995059
zfp_p_12_so4_a2_SRF,588,0.994827703,0.981212746,96.95276331,2.29727135,0.999992097
zfp_p_12_so4_a2_SRF,589,0.993543146,0.986756786,96.93648727,0.812220052,0.999993804
zfp_p_12_so4_a2_SRF,590,0.994525544,0.986756786,96.9744647,4.75412458,0.999994406
zfp_p_12_so4_a2_SRF,591,0.99518551,0.983593835,97.00520833,185.7709816,0.999994747
zfp_p_12_so4_a2_SRF,592,0.995027923,0.955606035,97.07573785,1.051810089,0.999994268
zfp_p_12_so4_a2_SRF,593,0.995084096,0.989458959,96.76649306,1.308772463,0.999993762
zfp_p_12_so4_a2_SRF,594,0.993651085,0.990263477,97.01605903,0.839404868,0.999994585
zfp_p_12_so4_a2_SRF,595,0.994981301,0.983593835,96.80989583,0.732506481,0.99999529
zfp_p_12_so4_a2_SRF,596,0.99455938,0.985755371,96.86414931,1.196616061,0.999994573
zfp_p_12_so4_a2_SRF,597,0.995523779,0.984701462,96.94372106,0.79113303,0.999994526
zfp_p_12_so4_a2_SRF,598,0.994232116,0.961880053,96.9672309,2.737314011,0.999994722
zfp_p_12_so4_a2_SRF,599,0.993923411,0.986756786,96.94191262,1.243147281,0.999994894
zfp_p_12_so4_a2_SRF,600,0.995137559,0.982431307,96.82798032,1.40886245,0.999994686
zfp_p_12_so4_a2_SRF,601,0.99670157,0.977210288,96.97265625,2.544043012,0.999994296
zfp_p_12_so4_a2_SRF,602,0.996309247,0.987706977,96.99616609,2.093335136,0.999993131
zfp_p_12_so4_a2_SRF,603,0.994972928,0.9675633,96.8713831,0.660705371,0.999993622
zfp_p_12_so4_a2_SRF,604,0.99426171,0.987706977,96.91116898,1.018719668,0.999994249
zfp_p_12_so4_a2_SRF,605,0.994260437,0.987706977,96.94372106,1.417065577,0.999995119
zfp_p_12_so4_a2_SRF,606,0.995681665,0.979937068,96.94733796,5.129687694,0.999994148
zfp_p_12_so4_a2_SRF,607,0.995014669,0.986756786,97.0739294,1.907901271,0.9999943
zfp_p_12_so4_a2_SRF,608,0.994796163,0.984701462,96.90212674,3.108007315,0.99999362
zfp_p_12_so4_a2_SRF,609,0.993605212,0.991736617,96.9744647,0.700135523,0.999993381
zfp_p_12_so4_a2_SRF,610,0.995854964,0.984701462,97.05584491,2.012885543,0.999994779
zfp_p_12_so4_a2_SRF,611,0.995064739,0.977210288,97.09201389,0.735104906,0.99999452
zfp_p_12_so4_a2_SRF,612,0.995925342,0.978603241,96.6796875,0.486489892,0.999994395
zfp_p_12_so4_a2_SRF,613,0.993708907,0.988607252,96.92382813,6.799288173,0.999994608
zfp_p_12_so4_a2_SRF,614,0.99574529,0.999995238,96.80808738,1,0.999994533
zfp_p_12_so4_a2_SRF,615,0.992366471,1,96.82617188,2.047223615,0.999993274
zfp_p_12_so4_a2_SRF,616,0.994918324,0.998360595,96.81351273,0.800758132,0.99999398
zfp_p_12_so4_a2_SRF,617,0.995378715,0.977210288,96.82798032,1.302264056,0.999993656
zfp_p_12_so4_a2_SRF,618,0.995845756,0.989458959,96.94733796,0.74119158,0.999994518
zfp_p_12_so4_a2_SRF,619,0.995704741,0.982431307,96.99616609,10.85566766,0.999994452
zfp_p_12_so4_a2_SRF,620,0.996271077,0.974243371,96.93648727,0.649343566,0.999994884
zfp_p_12_so4_a2_SRF,621,0.995171652,0.972667733,96.8713831,0.664825784,0.99999434
zfp_p_12_so4_a2_SRF,622,0.995359549,0.983593835,96.96180556,1.280906444,0.999994488
zfp_p_12_so4_a2_SRF,623,0.995046704,0.975757287,96.99797454,0.793548225,0.999994905
zfp_p_12_so4_a2_SRF,624,0.994787298,0.987706977,96.98350694,0.517738871,0.999993631
zfp_p_12_so4_a2_SRF,625,0.995122485,0.986756786,96.99978299,0.650714742,0.999994595
zfp_p_12_so4_a2_SRF,626,0.995547395,0.984701462,96.90574363,1.169106003,0.999993769
zfp_p_12_so4_a2_SRF,627,0.994635787,0.985755371,96.93829572,1.155256212,0.999994995
zfp_p_12_so4_a2_SRF,628,0.995609537,0.994180369,96.93648727,1.184935458,0.999995049
zfp_p_12_so4_a2_SRF,629,0.99625984,0.971029624,97.09563079,2.385911625,0.999995124
zfp_p_12_so4_a2_SRF,630,0.995951331,0.977210288,97.13903356,1.139221671,0.999994829
zfp_p_12_so4_a2_SRF,631,0.996007318,0.989458959,96.82436343,1.848777823,0.999994422
zfp_p_12_so4_a2_SRF,632,0.99557857,0.983593835,96.9816985,3.671149347,0.999994766
zfp_p_12_so4_a2_SRF,633,0.995529579,0.982431307,96.79361979,1.653320551,0.999994943
zfp_p_12_so4_a2_SRF,634,0.995473627,0.969328356,96.87319155,4.610224017,0.999994536
zfp_p_12_so4_a2_SRF,635,0.995487467,0.986756786,96.91659433,4.62496758,0.999994238
zfp_p_12_so4_a2_SRF,636,0.995872134,0.978603241,96.86414931,1.139297019,0.999994379
zfp_p_12_so4_a2_SRF,637,0.997183498,0.953382068,96.80627894,2.55660117,0.999994123
zfp_p_12_so4_a2_SRF,638,0.994632964,0.982431307,96.8713831,1.045248528,0.999994338
zfp_p_12_so4_a2_SRF,639,0.995329729,0.985755371,96.97265625,2.876683561,0.999994028
zfp_p_12_so4_a2_SRF,640,0.995203173,0.975757287,96.85691551,1,0.999994855
zfp_p_12_so4_a2_SRF,641,0.993852454,0.975757287,96.85510706,123.1016037,0.99999464
zfp_p_12_so4_a2_SRF,642,0.995324793,0.985755371,96.89850984,0.641878852,0.999994449
zfp_p_12_so4_a2_SRF,643,0.995833963,0.979937068,96.91478588,0.614935771,0.999994132
zfp_p_12_so4_a2_SRF,644,0.995060469,0.969328356,97.09924769,0.936458677,0.999994491
zfp_p_12_so4_a2_SRF,645,0.995253491,0.963839623,96.77010995,0.674105824,0.999994107
zfp_p_12_so4_a2_SRF,646,0.995339671,0.996770936,96.93648727,5.047088536,0.999993449
zfp_p_12_so4_a2_SRF,647,0.996542631,1,96.91840278,2.138616874,0.999994835
zfp_p_12_so4_a2_SRF,648,0.995608919,0.983593835,96.92201968,1.371913273,0.999994571
zfp_p_12_so4_a2_SRF,649,0.996266328,0.977210288,96.91116898,1,0.999994692
zfp_p_12_so4_a2_SRF,650,0.995478676,0.971029624,96.79542824,0.675642467,0.999994534
zfp_p_12_so4_a2_SRF,651,0.995733859,0.981212746,96.91297743,0.506078087,0.999995004
zfp_p_12_so4_a2_SRF,652,0.995629034,0.989458959,96.73574942,1.068877895,0.999995107
zfp_p_12_so4_a2_SRF,653,0.993875422,0.985755371,96.89489294,0.875819951,0.999995079
zfp_p_12_so4_a2_SRF,654,0.996259417,0.983593835,96.89489294,1.523869341,0.999994587
zfp_p_12_so4_a2_SRF,655,0.994585487,0.977210288,96.84606481,0.627152792,0.999995083
zfp_p_12_so4_a2_SRF,656,0.995540703,0.984701462,96.90755208,1.757369793,0.999995043
zfp_p_12_so4_a2_SRF,657,0.996230971,0.979937068,96.963614,6.250645451,0.999995561
zfp_p_12_so4_a2_SRF,658,0.99585396,0.986756786,96.90574363,21.95524367,0.999995435
zfp_p_12_so4_a2_SRF,659,0.995946823,0.987706977,96.86957465,48.408807,0.999994563
zfp_p_12_so4_a2_SRF,660,0.995623665,0.959854801,96.89850984,3.87469864,0.999994793
zfp_p_12_so4_a2_SRF,661,0.996222999,0.963839623,96.84063947,1.499540933,0.999994161
zfp_p_12_so4_a2_SRF,662,0.99426798,0.990263477,97.01425058,4.853173447,0.999994837
zfp_p_12_so4_a2_SRF,663,0.994196845,0.987706977,96.76106771,0.751537655,0.999994453
zfp_p_12_so4_a2_SRF,664,0.995292162,0.971029624,96.95457176,0.881008742,0.999993794
zfp_p_12_so4_a2_SRF,665,0.995498842,0.983593835,96.79904514,0.790814775,0.999994123
zfp_p_12_so4_a2_SRF,666,0.995176663,0.986756786,96.86234086,3.141418693,0.999994674
zfp_p_12_so4_a2_SRF,667,0.996062815,0.986756786,96.83340567,1.348055657,0.999992891
zfp_p_12_so4_a2_SRF,668,0.995976706,0.983593835,96.79181134,2.740560715,0.999993487
zfp_p_12_so4_a2_SRF,669,0.996845445,0.984701462,96.81532118,0.709515671,0.999994079
zfp_p_12_so4_a2_SRF,670,0.996643707,0.990263477,96.68511285,1.309929638,0.999994419
zfp_p_12_so4_a2_SRF,671,0.995972304,0.935949698,96.90212674,1.099162256,0.999994283
zfp_p_12_so4_a2_SRF,672,0.995941297,0.94126277,96.77734375,0.669965425,0.999994354
zfp_p_12_so4_a2_SRF,673,0.995626831,0.985755371,96.98712384,0.680183664,0.999994018
zfp_p_12_so4_a2_SRF,674,0.996503776,0.985755371,96.79904514,2.126431369,0.999994536
zfp_p_12_so4_a2_SRF,675,0.996657762,0.986756786,96.85510706,1.557109305,0.999994626
zfp_p_12_so4_a2_SRF,676,0.996189716,0.972667733,96.78457755,5.816591793,0.999995081
zfp_p_12_so4_a2_SRF,677,0.995635356,0.971029624,96.94552951,7.475657061,0.999994759
zfp_p_12_so4_a2_SRF,678,0.996362036,0.978603241,97.01786748,2.354863135,0.999995261
zfp_p_12_so4_a2_SRF,679,0.995319356,0.988607252,96.69777199,3.346579985,0.999994338
zfp_p_12_so4_a2_SRF,680,0.99559603,0.9988763,96.86595775,1.942147275,0.999994695
zfp_p_12_so4_a2_SRF,681,0.99508583,0.991022216,96.92021123,5.704610779,0.99999369
zfp_p_12_so4_a2_SRF,682,0.995690143,0.990263477,96.875,10.71234885,0.999993005
zfp_p_12_so4_a2_SRF,683,0.996875543,0.982431307,96.84425637,8.888697926,0.999993973
zfp_p_12_so4_a2_SRF,684,0.996380337,0.957763548,96.94191262,1.996894023,0.99999397
zfp_p_12_so4_a2_SRF,685,0.996465948,0.984701462,96.65436921,1.943043831,0.999993385
zfp_p_12_so4_a2_SRF,686,0.994727489,0.957763548,96.83883102,6.038625158,0.999993605
zfp_p_12_so4_a2_SRF,687,0.994492245,0.981212746,96.73755787,6.748071965,0.999994387
zfp_p_12_so4_a2_SRF,688,0.996028666,0.982431307,96.92925347,1.314371162,0.99999492
zfp_p_12_so4_a2_SRF,689,0.996601041,0.972667733,96.99616609,41.7690979,0.999994855
zfp_p_12_so4_a2_SRF,690,0.996688074,0.987706977,96.74117477,6.798345897,0.99999464
zfp_p_12_so4_a2_SRF,691,0.996555836,0.982431307,96.83340567,7.316778942,0.999994821
zfp_p_12_so4_a2_SRF,692,0.996573995,0.994180369,96.94010417,2.663944623,0.999994548
zfp_p_12_so4_a2_SRF,693,0.996232913,0.991022216,96.89670139,2.039837208,0.999993807
zfp_p_12_so4_a2_SRF,694,0.99602197,0.988607252,96.88404225,3.478125689,0.999993875
zfp_p_12_so4_a2_SRF,695,0.996141407,0.988607252,96.96180556,1.02838112,0.999994134
zfp_p_12_so4_a2_SRF,696,0.996660468,0.984701462,96.79723669,1.051713366,0.999994824
zfp_p_12_so4_a2_SRF,697,0.996717298,0.986756786,96.8677662,1.850118157,0.999994833
zfp_p_12_so4_a2_SRF,698,0.996487104,0.987706977,96.78096065,2.952828684,0.999994142
zfp_p_12_so4_a2_SRF,699,0.995611131,0.95109151,96.79904514,15.11076292,0.999994785
zfp_p_12_so4_a2_SRF,700,0.996847274,0.987706977,96.71947338,4.173696075,0.999993442
zfp_p_12_so4_a2_SRF,701,0.996305994,0.992408142,96.80085359,2.41375331,0.999994155
zfp_p_12_so4_a2_SRF,702,0.996162007,0.977210288,96.90031829,1.406602472,0.999993893
zfp_p_12_so4_a2_SRF,703,0.995569133,0.971029624,96.80447049,0.730039662,0.999994193
zfp_p_12_so4_a2_SRF,704,0.997162024,0.985755371,96.83340567,0.766256741,0.999995483
zfp_p_12_so4_a2_SRF,705,0.99687337,0.989458959,96.8677662,4.584305401,0.999994715
zfp_p_12_so4_a2_SRF,706,0.995136565,0.983593835,96.76468461,6.043545627,0.999994315
zfp_p_12_so4_a2_SRF,707,0.995143632,0.999999996,96.88765914,1.472910527,0.999993856
zfp_p_12_so4_a2_SRF,708,0.996708633,0.977210288,96.79000289,4.129340716,0.999994327
zfp_p_12_so4_a2_SRF,709,0.996343177,0.984701462,96.90574363,1.725084042,0.999993923
zfp_p_12_so4_a2_SRF,710,0.996803104,0.981212746,96.95818866,1.693570888,0.999993974
zfp_p_12_so4_a2_SRF,711,0.996498207,0.987706977,96.7791522,2.513646178,0.99999363
zfp_p_12_so4_a2_SRF,712,0.996564954,0.977210288,96.85149016,2.115267668,0.999993545
zfp_p_12_so4_a2_SRF,713,0.996045688,0.92152034,96.6833044,1.361248074,0.999993213
zfp_p_12_so4_a2_SRF,714,0.994994581,0.977210288,96.84968171,2.867973292,0.999993265
zfp_p_12_so4_a2_SRF,715,0.996644188,0.975757287,96.75564236,1.3928759,0.999994223
zfp_p_12_so4_a2_SRF,716,0.996628431,1,96.77372685,1.85003817,0.99999357
zfp_p_12_so4_a2_SRF,717,0.996630024,0.99517504,96.85329861,0.723270544,0.999994662
zfp_p_12_so4_a2_SRF,718,0.996593129,0.998360595,96.77734375,0.805755436,0.999994583
zfp_p_12_so4_a2_SRF,719,0.995526148,0.984701462,96.72128183,0.972044528,0.999993891
zfp_p_12_so4_a2_SRF,720,0.996586212,0.971029624,96.61820023,2.371367557,0.999994584
zfp_p_12_so4_a2_SRF,721,0.997371296,0.975757287,96.74298322,1.838519429,0.999994385
zfp_p_12_so4_a2_SRF,722,0.996626574,0.975757287,96.58926505,2.071253499,0.999994656
zfp_p_12_so4_a2_SRF,723,0.995034812,0.990263477,96.71404803,2.928537146,0.999994454
zfp_p_12_so4_a2_SRF,724,0.996549143,0.981212746,96.55128762,1,0.999994375
zfp_p_12_so4_a2_SRF,725,0.996813522,0.969328356,96.73394097,0.652658385,0.999994223
zfp_p_12_so4_a2_SRF,726,0.997316325,0.975757287,96.50065104,1,0.999994206
zfp_p_12_so4_a2_SRF,727,0.996866515,0.981212746,96.71404803,1.622202131,0.999994793
zfp_p_12_so4_a2_SRF,728,0.997411229,0.969328356,96.7755353,1.462301124,0.999994886
zfp_p_12_so4_a2_SRF,729,0.997107701,0.971029624,96.73213252,2.060392037,0.999994522
zfp_p_14_so4_a2_SRF,0,0.99949102,0.985755371,88.17093461,125.2119809,0.999999666
zfp_p_14_so4_a2_SRF,1,0.999305768,0.990263477,87.16905382,0.195246334,0.999999656
zfp_p_14_so4_a2_SRF,2,0.998757564,0.979937068,86.78204572,0.505170057,0.999999624
zfp_p_14_so4_a2_SRF,3,0.99887419,0.985755371,87.16724537,1.578089754,0.999999625
zfp_p_14_so4_a2_SRF,4,0.999353487,0.975757287,87.06778067,0.264515043,0.999999636
zfp_p_14_so4_a2_SRF,5,0.998939296,0.990263477,87.14554398,0.637898292,0.999999602
zfp_p_14_so4_a2_SRF,6,0.999051003,0.979937068,87.41500289,1.221580293,0.999999666
zfp_p_14_so4_a2_SRF,7,0.999159359,0.989458959,87.20341435,1,0.999999688
zfp_p_14_so4_a2_SRF,8,0.99907468,0.986756786,87.47106481,2.168174786,0.999999683
zfp_p_14_so4_a2_SRF,9,0.999086513,0.985755371,87.32458044,1.72730379,0.999999659
zfp_p_14_so4_a2_SRF,10,0.998897106,0.974243371,87.17086227,0.297324464,0.999999668
zfp_p_14_so4_a2_SRF,11,0.999146404,0.983593835,87.10756655,0.840898165,0.999999681
zfp_p_14_so4_a2_SRF,12,0.998938268,0.987706977,87.04246238,1.196942576,0.999999613
zfp_p_14_so4_a2_SRF,13,0.998594079,0.997922462,87.26671007,0.212508743,0.999999635
zfp_p_14_so4_a2_SRF,14,0.999241123,0.991736617,87.56691262,0.17405755,0.999999599
zfp_p_14_so4_a2_SRF,15,0.998804045,0.988607252,87.29202836,1.686854152,0.999999605
zfp_p_14_so4_a2_SRF,16,0.999278966,0.988607252,87.44936343,0.463054788,0.999999675
zfp_p_14_so4_a2_SRF,17,0.999285329,0.988607252,87.36436632,0.880493523,0.999999653
zfp_p_14_so4_a2_SRF,18,0.999137388,0.999850532,86.99905961,0.309969583,0.999999607
zfp_p_14_so4_a2_SRF,19,0.999139475,0.999944204,87.18532986,0.153441594,0.999999652
zfp_p_14_so4_a2_SRF,20,0.999235351,0.988607252,87.26490162,0.214761815,0.999999625
zfp_p_14_so4_a2_SRF,21,0.999108469,0.982431307,87.0099103,0.425771148,0.99999968
zfp_p_14_so4_a2_SRF,22,0.999202884,0.974243371,87.18532986,0.169790661,0.999999649
zfp_p_14_so4_a2_SRF,23,0.999256092,0.986756786,87.24139178,0.184502867,0.999999604
zfp_p_14_so4_a2_SRF,24,0.999241254,0.991736617,87.32096354,0.290207737,0.999999646
zfp_p_14_so4_a2_SRF,25,0.999234869,0.988607252,87.0099103,0.370657216,0.999999692
zfp_p_14_so4_a2_SRF,26,0.999162467,0.991022216,86.89597801,0.291990713,0.99999966
zfp_p_14_so4_a2_SRF,27,0.999320109,0.979937068,87.04246238,0.09702074,0.999999647
zfp_p_14_so4_a2_SRF,28,0.999145703,0.985755371,86.74406829,0.510669296,0.999999662
zfp_p_14_so4_a2_SRF,29,0.998664771,0.986756786,86.8109809,0.127291033,0.99999965
zfp_p_14_so4_a2_SRF,30,0.999160361,0.989458959,86.83087384,0.154284927,0.999999677
zfp_p_14_so4_a2_SRF,31,0.99929864,0.989458959,87.08767361,0.465976472,0.999999642
zfp_p_14_so4_a2_SRF,32,0.999115773,0.991022216,87.06054688,0.30097247,0.999999658
zfp_p_14_so4_a2_SRF,33,0.99910559,0.984701462,87.05512153,0.093972954,0.999999669
zfp_p_14_so4_a2_SRF,34,0.999086971,0.989458959,87.19979745,0.15960834,0.999999634
zfp_p_14_so4_a2_SRF,35,0.999075122,0.981212746,87.0026765,0.92013488,0.999999651
zfp_p_14_so4_a2_SRF,36,0.999140416,0.988607252,87.26128472,1.265109001,0.999999677
zfp_p_14_so4_a2_SRF,37,0.999051972,0.963839623,87.26490162,0.231603551,0.999999658
zfp_p_14_so4_a2_SRF,38,0.998894645,0.986756786,87.44393808,0.628226794,0.99999965
zfp_p_14_so4_a2_SRF,39,0.999360682,0.989458959,87.23596644,2.041033669,0.999999607
zfp_p_14_so4_a2_SRF,40,0.998952433,0.990263477,86.93757234,0.264747242,0.999999631
zfp_p_14_so4_a2_SRF,41,0.999194151,0.991022216,87.25585938,0.346191547,0.999999653
zfp_p_14_so4_a2_SRF,42,0.999125527,0.987706977,87.411386,2.2277969,0.999999601
zfp_p_14_so4_a2_SRF,43,0.999230424,0.985755371,87.38425926,3.223582272,0.999999639
zfp_p_14_so4_a2_SRF,44,0.999291298,0.984701462,87.38787616,0.905464055,0.999999646
zfp_p_14_so4_a2_SRF,45,0.99940017,0.988607252,87.35170718,1.108535045,0.999999642
zfp_p_14_so4_a2_SRF,46,0.999429361,0.982431307,87.48010706,0.787116137,0.999999614
zfp_p_14_so4_a2_SRF,47,0.999349494,0.990263477,87.37521701,0.636630868,0.999999669
zfp_p_14_so4_a2_SRF,48,0.999433864,0.984701462,87.43127894,0.582184754,0.999999646
zfp_p_14_so4_a2_SRF,49,0.999094023,0.975757287,87.43308738,0.17264588,0.99999967
zfp_p_14_so4_a2_SRF,50,0.999451767,0.972667733,87.31372975,0.21073654,0.99999969
zfp_p_14_so4_a2_SRF,51,0.999113112,0.977210288,87.26851852,0.579576934,0.999999693
zfp_p_14_so4_a2_SRF,52,0.999516924,0.981212746,87.33543113,0.113851169,0.99999971
zfp_p_14_so4_a2_SRF,53,0.999349557,0.978603241,87.09671586,0.863129164,0.99999968
zfp_p_14_so4_a2_SRF,54,0.999552747,0.985755371,87.25585938,1.766543989,0.999999646
zfp_p_14_so4_a2_SRF,55,0.998879578,0.989458959,87.27394387,0.25545014,0.9999996
zfp_p_14_so4_a2_SRF,56,0.999151617,0.959854801,86.93576389,0.176895093,0.999999623
zfp_p_14_so4_a2_SRF,57,0.999023984,0.987706977,87.26671007,0.600843207,0.999999626
zfp_p_14_so4_a2_SRF,58,0.999262244,0.983593835,87.11841725,0.361568402,0.999999648
zfp_p_14_so4_a2_SRF,59,0.999120255,0.977210288,87.17267072,0.216643532,0.999999634
zfp_p_14_so4_a2_SRF,60,0.998989126,0.990263477,87.60850694,0.530111587,0.999999651
zfp_p_14_so4_a2_SRF,61,0.999365058,0.983593835,87.91051794,0.665550019,0.999999643
zfp_p_14_so4_a2_SRF,62,0.999421224,0.983593835,87.72786458,1.056232936,0.99999965
zfp_p_14_so4_a2_SRF,63,0.999355354,0.957763548,87.70978009,0.21381535,0.999999637
zfp_p_14_so4_a2_SRF,64,0.999289581,0.989458959,87.75137442,0.140599455,0.999999641
zfp_p_14_so4_a2_SRF,65,0.998658981,0.988607252,87.55787037,0.903930833,0.999999602
zfp_p_14_so4_a2_SRF,66,0.999406914,0.977210288,87.411386,0.46912344,0.99999967
zfp_p_14_so4_a2_SRF,67,0.999234326,0.986756786,87.58499711,7.83972165,0.999999662
zfp_p_14_so4_a2_SRF,68,0.999085355,0.983593835,87.16543692,0.308451126,0.999999662
zfp_p_14_so4_a2_SRF,69,0.999489492,0.985755371,87.75318287,0.788712525,0.999999652
zfp_p_14_so4_a2_SRF,70,0.99947969,0.974243371,87.52712674,0.415928766,0.999999646
zfp_p_14_so4_a2_SRF,71,0.999347664,0.977210288,87.08043981,0.231474756,0.999999614
zfp_p_14_so4_a2_SRF,72,0.9986803,0.979937068,87.40596065,0.560037823,0.999999636
zfp_p_14_so4_a2_SRF,73,0.999324191,0.971029624,87.14554398,1.04908531,0.999999681
zfp_p_14_so4_a2_SRF,74,0.998977171,0.978603241,87.4041522,0.210332585,0.999999651
zfp_p_14_so4_a2_SRF,75,0.999177751,0.986756786,87.49457465,0.651695821,0.999999688
zfp_p_14_so4_a2_SRF,76,0.998898576,0.981212746,87.3969184,0.438105052,0.999999677
zfp_p_14_so4_a2_SRF,77,0.998558768,0.972667733,87.31372975,0.187544987,0.999999669
zfp_p_14_so4_a2_SRF,78,0.998888832,0.990263477,87.65190972,0.173341696,0.999999685
zfp_p_14_so4_a2_SRF,79,0.998593031,0.961880053,87.59765625,0.112402666,0.999999682
zfp_p_14_so4_a2_SRF,80,0.998669336,0.972667733,87.47106481,0.600242772,0.999999641
zfp_p_14_so4_a2_SRF,81,0.99905182,0.983593835,87.09671586,0.179732594,0.999999641
zfp_p_14_so4_a2_SRF,82,0.999182666,0.985755371,87.37160012,0.832130062,0.999999697
zfp_p_14_so4_a2_SRF,83,0.999259155,0.984701462,87.20703125,0.240726672,0.999999708
zfp_p_14_so4_a2_SRF,84,0.99940502,0.989458959,87.41319444,0.551605369,0.999999703
zfp_p_14_so4_a2_SRF,85,0.999094905,0.979937068,87.16543692,0.273263307,0.999999677
zfp_p_14_so4_a2_SRF,86,0.99925904,0.975757287,87.09671586,0.147449849,0.999999662
zfp_p_14_so4_a2_SRF,87,0.999134705,0.972667733,87.56329572,0.143366988,0.99999969
zfp_p_14_so4_a2_SRF,88,0.99905105,0.991736617,87.44936343,0.176727726,0.999999683
zfp_p_14_so4_a2_SRF,89,0.998961431,0.983593835,87.42766204,0.694022458,0.999999643
zfp_p_14_so4_a2_SRF,90,0.998830985,0.986756786,87.18171296,0.661939528,0.999999619
zfp_p_14_so4_a2_SRF,91,0.999105087,0.965733891,87.24681713,0.616311049,0.999999656
zfp_p_14_so4_a2_SRF,92,0.999298827,0.974243371,87.54159433,0.578905397,0.999999648
zfp_p_14_so4_a2_SRF,93,0.998759104,0.984701462,87.53616898,0.28165679,0.999999623
zfp_p_14_so4_a2_SRF,94,0.999314464,0.9675633,87.22330729,0.139072878,0.999999664
zfp_p_14_so4_a2_SRF,95,0.999079897,0.975757287,87.1021412,0.31722861,0.999999647
zfp_p_14_so4_a2_SRF,96,0.998745208,0.987706977,87.44755498,0.224296672,0.999999659
zfp_p_14_so4_a2_SRF,97,0.998950318,0.984701462,87.22149884,0.831884274,0.999999638
zfp_p_14_so4_a2_SRF,98,0.998796147,0.974243371,87.42042824,0.541032934,0.999999705
zfp_p_14_so4_a2_SRF,99,0.99853695,0.981212746,87.55606192,1,0.999999681
zfp_p_14_so4_a2_SRF,100,0.998770764,0.991022216,87.3933015,2.301390959,0.999999669
zfp_p_14_so4_a2_SRF,101,0.999201178,0.984701462,87.25766782,0.336638678,0.999999703
zfp_p_14_so4_a2_SRF,102,0.998574006,0.975757287,87.51627604,0.402359909,0.999999688
zfp_p_14_so4_a2_SRF,103,0.99819235,0.977210288,87.56148727,0.357305819,0.999999721
zfp_p_14_so4_a2_SRF,104,0.99909792,0.986756786,87.31553819,0.402308464,0.999999668
zfp_p_14_so4_a2_SRF,105,0.998547614,0.975757287,87.08948206,0.819774705,0.999999697
zfp_p_14_so4_a2_SRF,106,0.998738503,0.991022216,87.65190972,0.293273166,0.999999699
zfp_p_14_so4_a2_SRF,107,0.998647393,0.978603241,87.47829861,0.28258473,0.999999703
zfp_p_14_so4_a2_SRF,108,0.998890714,0.984701462,87.48010706,0.264721955,0.999999675
zfp_p_14_so4_a2_SRF,109,0.999123553,0.987706977,87.65552662,1.836772782,0.999999704
zfp_p_14_so4_a2_SRF,110,0.998688828,0.993628511,87.66999421,0.949105407,0.999999611
zfp_p_14_so4_a2_SRF,111,0.999192306,0.981212746,87.52712674,2.440363684,0.999999612
zfp_p_14_so4_a2_SRF,112,0.998776044,0.981212746,87.23777488,0.656673847,0.999999725
zfp_p_14_so4_a2_SRF,113,0.999145999,0.985755371,87.46383102,0.26408203,0.999999657
zfp_p_14_so4_a2_SRF,114,0.998942601,0.988607252,87.69350405,0.201439318,0.999999626
zfp_p_14_so4_a2_SRF,115,0.997507929,0.989458959,87.65371817,0.150607758,0.999999724
zfp_p_14_so4_a2_SRF,116,0.999295501,0.982431307,87.64105903,0.171067431,0.999999634
zfp_p_14_so4_a2_SRF,117,0.998955597,0.983593835,87.72605613,0.473078676,0.999999664
zfp_p_14_so4_a2_SRF,118,0.9991563,0.975757287,87.52712674,0.636849394,0.999999651
zfp_p_14_so4_a2_SRF,119,0.998980949,0.969328356,87.27756076,0.163073021,0.99999964
zfp_p_14_so4_a2_SRF,120,0.999309019,0.981212746,87.3969184,0.152451221,0.999999658
zfp_p_14_so4_a2_SRF,121,0.998593511,0.989458959,87.411386,0.394800452,0.999999657
zfp_p_14_so4_a2_SRF,122,0.999120129,0.996417342,87.40234375,0.301526307,0.99999962
zfp_p_14_so4_a2_SRF,123,0.998976792,0.983593835,87.65552662,0.176046595,0.999999637
zfp_p_14_so4_a2_SRF,124,0.999102276,0.999993691,87.56329572,0.191020969,0.999999615
zfp_p_14_so4_a2_SRF,125,0.998941145,0.987706977,87.3083044,0.727362301,0.999999622
zfp_p_14_so4_a2_SRF,126,0.998754059,0.991022216,87.28660301,0.262294162,0.999999714
zfp_p_14_so4_a2_SRF,127,0.998321413,0.981212746,87.67180266,0.343282647,0.999999669
zfp_p_14_so4_a2_SRF,128,0.999194479,0.979937068,87.65552662,0.238861252,0.999999649
zfp_p_14_so4_a2_SRF,129,0.998339461,0.983593835,87.58318866,0.426935991,0.999999649
zfp_p_14_so4_a2_SRF,130,0.999075856,0.982431307,87.890625,0.526864599,0.999999681
zfp_p_14_so4_a2_SRF,131,0.998749261,0.981212746,87.6916956,1.29790225,0.999999623
zfp_p_14_so4_a2_SRF,132,0.998769725,0.984701462,87.6030816,0.846313548,0.999999654
zfp_p_14_so4_a2_SRF,133,0.999172243,0.990263477,87.58138021,0.281464332,0.999999581
zfp_p_14_so4_a2_SRF,134,0.998189212,0.983593835,87.44936343,0.429151794,0.99999964
zfp_p_14_so4_a2_SRF,135,0.999042527,0.986756786,87.5072338,0.196729486,0.999999701
zfp_p_14_so4_a2_SRF,136,0.999233055,0.984701462,87.52712674,0.31247629,0.999999668
zfp_p_14_so4_a2_SRF,137,0.99905738,0.983593835,87.47649016,0.191225377,0.999999637
zfp_p_14_so4_a2_SRF,138,0.99908506,0.993628511,87.9828559,1.187223929,0.999999605
zfp_p_14_so4_a2_SRF,139,0.999143785,0.994180369,87.67903646,0.76134301,0.999999703
zfp_p_14_so4_a2_SRF,140,0.998835382,0.991736617,87.51808449,1,0.999999709
zfp_p_14_so4_a2_SRF,141,0.998717372,0.975757287,87.94126157,1.364885076,0.999999685
zfp_p_14_so4_a2_SRF,142,0.999324516,0.982431307,87.78573495,0.804818401,0.99999966
zfp_p_14_so4_a2_SRF,143,0.998318977,0.975757287,87.76222512,1.153571097,0.99999966
zfp_p_14_so4_a2_SRF,144,0.99933775,0.984701462,87.8942419,2.776349142,0.999999671
zfp_p_14_so4_a2_SRF,145,0.999242717,0.969328356,87.7839265,1.375529884,0.999999649
zfp_p_14_so4_a2_SRF,146,0.998770223,0.986756786,87.83637153,1.232139299,0.999999673
zfp_p_14_so4_a2_SRF,147,0.999325999,0.972667733,88.07146991,30.68320395,0.999999657
zfp_p_14_so4_a2_SRF,148,0.999550496,0.987706977,87.8870081,0.524083391,0.999999552
zfp_p_14_so4_a2_SRF,149,0.998587055,0.984701462,87.9973235,0.718954746,0.999999546
zfp_p_14_so4_a2_SRF,150,0.999326028,0.988607252,87.61935764,0.543492569,0.999999616
zfp_p_14_so4_a2_SRF,151,0.998954399,1,87.83637153,0.747032333,0.99999969
zfp_p_14_so4_a2_SRF,152,0.998993144,0.988607252,87.91956019,0.878178788,0.99999968
zfp_p_14_so4_a2_SRF,153,0.999283178,0.963839623,87.57233796,0.637112612,0.999999653
zfp_p_14_so4_a2_SRF,154,0.999073818,1,87.81828704,0.411057864,0.999999643
zfp_p_14_so4_a2_SRF,155,0.999207601,0.996770936,87.91594329,0.500024068,0.999999684
zfp_p_14_so4_a2_SRF,156,0.997965838,0.989458959,87.76403356,17.51227505,0.999999614
zfp_p_14_so4_a2_SRF,157,0.998869964,0.986756786,87.63925058,5.402000803,0.999999675
zfp_p_14_so4_a2_SRF,158,0.998828382,0.987706977,87.85807292,2.763044356,0.999999673
zfp_p_14_so4_a2_SRF,159,0.999031186,0.982431307,87.88519965,2.766180557,0.999999657
zfp_p_14_so4_a2_SRF,160,0.998966783,0.987706977,87.5,2.557622791,0.99999968
zfp_p_14_so4_a2_SRF,161,0.998572951,0.986756786,87.83094618,6.629469342,0.999999703
zfp_p_14_so4_a2_SRF,162,0.999342121,0.977210288,87.59042245,3.695430407,0.999999653
zfp_p_14_so4_a2_SRF,163,0.998717598,0.971029624,87.6880787,2.012327716,0.999999686
zfp_p_14_so4_a2_SRF,164,0.998937849,0.977210288,87.8870081,1.891743698,0.999999578
zfp_p_14_so4_a2_SRF,165,0.99909215,0.985755371,87.65552662,0.639725228,0.999999689
zfp_p_14_so4_a2_SRF,166,0.999108581,0.979937068,87.76222512,8.399541859,0.99999965
zfp_p_14_so4_a2_SRF,167,0.998628534,0.975757287,87.93221933,1.573186813,0.999999649
zfp_p_14_so4_a2_SRF,168,0.999051327,0.986756786,87.82009549,0.564359957,0.999999649
zfp_p_14_so4_a2_SRF,169,0.998996044,0.961880053,87.94849537,3.807961369,0.999999675
zfp_p_14_so4_a2_SRF,170,0.998960888,0.983593835,88.02625868,3.055566946,0.999999637
zfp_p_14_so4_a2_SRF,171,0.998932357,0.983593835,87.8942419,18.46109734,0.999999657
zfp_p_14_so4_a2_SRF,172,0.998996688,0.990263477,87.84179688,2.830571236,0.999999648
zfp_p_14_so4_a2_SRF,173,0.998818548,0.985755371,87.47106481,3.01474144,0.99999967
zfp_p_14_so4_a2_SRF,174,0.998791587,0.985755371,87.86349826,0.563184511,0.999999576
zfp_p_14_so4_a2_SRF,175,0.999339851,0.986756786,87.87073206,0.617566735,0.999999717
zfp_p_14_so4_a2_SRF,176,0.998387229,0.985755371,88.00998264,0.354716437,0.999999616
zfp_p_14_so4_a2_SRF,177,0.998627488,0.965733891,87.72786458,1.273173944,0.999999671
zfp_p_14_so4_a2_SRF,178,0.999158028,0.982431307,87.87615741,0.371227567,0.999999668
zfp_p_14_so4_a2_SRF,179,0.998950598,0.990263477,87.93945313,0.843173769,0.999999666
zfp_p_14_so4_a2_SRF,180,0.999285243,0.988607252,87.93402778,0.874589043,0.9999997
zfp_p_14_so4_a2_SRF,181,0.998631283,0.987706977,88.22880498,1.071194305,0.99999969
zfp_p_14_so4_a2_SRF,182,0.998802689,1,87.90147569,4.700066627,0.999999664
zfp_p_14_so4_a2_SRF,183,0.999175275,0.996770936,87.76765046,1.041460322,0.999999678
zfp_p_14_so4_a2_SRF,184,0.99934023,0.986756786,87.75679977,5.673884252,0.999999674
zfp_p_14_so4_a2_SRF,185,0.998956271,0.984701462,87.81286169,0.906822476,0.999999668
zfp_p_14_so4_a2_SRF,186,0.998841221,0.985755371,87.66456887,3.322830808,0.999999731
zfp_p_14_so4_a2_SRF,187,0.998452205,0.981212746,87.77126736,0.974818471,0.999999692
zfp_p_14_so4_a2_SRF,188,0.999036939,0.977210288,88.0931713,0.89954359,0.999999711
zfp_p_14_so4_a2_SRF,189,0.999030191,0.991736617,87.97200521,0.644130396,0.999999672
zfp_p_14_so4_a2_SRF,190,0.998808542,0.984701462,87.93402778,1,0.999999688
zfp_p_14_so4_a2_SRF,191,0.999222184,0.983593835,88.61219618,25.55604671,0.999999724
zfp_p_14_so4_a2_SRF,192,0.999025633,0.986756786,88.19082755,6.467721241,0.999999668
zfp_p_14_so4_a2_SRF,193,0.999234649,0.985755371,88.26135706,13.915214,0.999999657
zfp_p_14_so4_a2_SRF,194,0.99870408,0.989458959,87.72967303,1.595515034,0.999999575
zfp_p_14_so4_a2_SRF,195,0.998963322,0.982431307,87.8833912,0.689088764,0.99999963
zfp_p_14_so4_a2_SRF,196,0.999182805,1,87.9900897,0.32489747,0.999999575
zfp_p_14_so4_a2_SRF,197,0.998831761,1,87.84722222,0.958347279,0.999999679
zfp_p_14_so4_a2_SRF,198,0.998720945,0.979937068,87.80381944,17.02405344,0.999999703
zfp_p_14_so4_a2_SRF,199,0.99919479,1,88.03168403,7.061886304,0.999999734
zfp_p_14_so4_a2_SRF,200,0.998847561,0.999517971,87.95392072,1.129954384,0.999999733
zfp_p_14_so4_a2_SRF,201,0.998789871,0.971029624,87.98466435,0.722720091,0.999999653
zfp_p_14_so4_a2_SRF,202,0.999322434,0.990263477,88.19986979,0.460145034,0.999999671
zfp_p_14_so4_a2_SRF,203,0.999253561,0.988607252,88.07327836,0.42092148,0.999999606
zfp_p_14_so4_a2_SRF,204,0.999375885,0.990263477,87.65371817,1.842475943,0.999999659
zfp_p_14_so4_a2_SRF,205,0.998750123,1,88.09678819,0.513849676,0.999999662
zfp_p_14_so4_a2_SRF,206,0.998891582,1,87.63563368,0.374399025,0.999999713
zfp_p_14_so4_a2_SRF,207,0.998746209,1,87.46383102,0.174924088,0.999999694
zfp_p_14_so4_a2_SRF,208,0.998832737,0.990263477,87.52712674,0.089345849,0.999999702
zfp_p_14_so4_a2_SRF,209,0.998933828,0.974243371,87.91051794,1.059081832,0.999999744
zfp_p_14_so4_a2_SRF,210,0.999163757,0.991022216,87.82190394,0.665934302,0.999999677
zfp_p_14_so4_a2_SRF,211,0.999124343,0.989458959,88.17997685,0.922251929,0.999999691
zfp_p_14_so4_a2_SRF,212,0.998924175,0.975757287,88.33550347,0.480925018,0.999999661
zfp_p_14_so4_a2_SRF,213,0.998965744,0.985755371,87.80562789,1.18213064,0.999999646
zfp_p_14_so4_a2_SRF,214,0.998694048,0.983593835,87.93402778,2.133479264,0.999999639
zfp_p_14_so4_a2_SRF,215,0.999174529,0.989458959,88.05519387,2.346523761,0.999999628
zfp_p_14_so4_a2_SRF,216,0.99915033,0.991736617,88.32465278,1.059757257,0.999999565
zfp_p_14_so4_a2_SRF,217,0.997892079,0.972667733,87.7947772,1.690213755,0.999999635
zfp_p_14_so4_a2_SRF,218,0.999055243,0.984701462,88.03891782,0.263597401,0.999999663
zfp_p_14_so4_a2_SRF,219,0.999009685,0.977210288,87.61393229,0.191648828,0.999999619
zfp_p_14_so4_a2_SRF,220,0.999074581,1,87.87977431,0.764443251,0.999999659
zfp_p_14_so4_a2_SRF,221,0.998276964,1,87.74233218,0.609663357,0.999999706
zfp_p_14_so4_a2_SRF,222,0.99861984,0.965733891,87.87977431,0.539576747,0.999999688
zfp_p_14_so4_a2_SRF,223,0.998669635,0.975757287,87.95753762,0.497560849,0.999999678
zfp_p_14_so4_a2_SRF,224,0.998874913,0.986756786,88.1854022,1.394999422,0.999999634
zfp_p_14_so4_a2_SRF,225,0.99914154,0.991736617,88.00998264,0.467158653,0.999999535
zfp_p_14_so4_a2_SRF,226,0.998675835,0.983593835,88.11487269,0.418342082,0.99999963
zfp_p_14_so4_a2_SRF,227,0.99882273,0.974243371,87.80562789,1.980468517,0.999999679
zfp_p_14_so4_a2_SRF,228,0.998637424,0.986756786,88.01359954,0.160929181,0.999999595
zfp_p_14_so4_a2_SRF,229,0.998923451,0.965733891,87.7983941,1.503696791,0.999999612
zfp_p_14_so4_a2_SRF,230,0.998804222,0.983593835,87.58680556,0.256311724,0.99999957
zfp_p_14_so4_a2_SRF,231,0.999070285,0.979937068,87.19979745,0.29984895,0.999999619
zfp_p_14_so4_a2_SRF,232,0.99917666,0.965733891,87.69712095,0.354197688,0.99999962
zfp_p_14_so4_a2_SRF,233,0.999110297,0.989458959,87.55787037,1.481045026,0.999999657
zfp_p_14_so4_a2_SRF,234,0.999176224,0.987706977,87.75137442,1.793342932,0.999999684
zfp_p_14_so4_a2_SRF,235,0.998732837,0.990263477,87.81828704,0.795404995,0.999999561
zfp_p_14_so4_a2_SRF,236,0.99818369,0.974243371,88.03168403,0.291026155,0.999999639
zfp_p_14_so4_a2_SRF,237,0.999596096,0.983593835,87.59042245,0.418721648,0.999999694
zfp_p_14_so4_a2_SRF,238,0.998701769,0.981212746,87.61031539,0.307172149,0.9999997
zfp_p_14_so4_a2_SRF,239,0.998833015,0.993628511,87.93764468,0.241492181,0.999999678
zfp_p_14_so4_a2_SRF,240,0.998582712,0.989458959,87.77126736,1.776976583,0.99999966
zfp_p_14_so4_a2_SRF,241,0.998734199,0.971029624,88.11306424,1.400549128,0.999999616
zfp_p_14_so4_a2_SRF,242,0.998945486,0.999015527,87.9828559,0.771410851,0.999999655
zfp_p_14_so4_a2_SRF,243,0.99891773,0.9976711,87.71520544,0.218039838,0.999999683
zfp_p_14_so4_a2_SRF,244,0.998638081,0.979937068,87.84360532,0.245801393,0.999999654
zfp_p_14_so4_a2_SRF,245,0.998792888,0.981212746,87.95572917,0.843836625,0.999999658
zfp_p_14_so4_a2_SRF,246,0.998987117,0.975757287,88.01721644,0.322014731,0.999999679
zfp_p_14_so4_a2_SRF,247,0.99902986,0.988607252,87.69712095,0.318155453,0.999999688
zfp_p_14_so4_a2_SRF,248,0.998416794,0.999140398,87.55244502,0.201829875,0.99999969
zfp_p_14_so4_a2_SRF,249,0.99902668,0.987706977,88.15646701,0.640789046,0.999999619
zfp_p_14_so4_a2_SRF,250,0.999005568,0.9988763,87.890625,0.270655839,0.999999658
zfp_p_14_so4_a2_SRF,251,0.998741034,0.983593835,87.83094618,1.598544988,0.999999667
zfp_p_14_so4_a2_SRF,252,0.998619287,0.961880053,87.59403935,0.466366981,0.999999632
zfp_p_14_so4_a2_SRF,253,0.998896182,0.987706977,87.51627604,0.161202034,0.999999664
zfp_p_14_so4_a2_SRF,254,0.998742634,0.965733891,87.7875434,0.597263549,0.999999504
zfp_p_14_so4_a2_SRF,255,0.998906671,0.985755371,87.71701389,0.05261787,0.999999605
zfp_p_14_so4_a2_SRF,256,0.998834914,0.975757287,87.62297454,0.291554256,0.999999684
zfp_p_14_so4_a2_SRF,257,0.999109935,0.989458959,87.72967303,1.047951054,0.999999663
zfp_p_14_so4_a2_SRF,258,0.997894089,0.989458959,87.85083912,0.198049378,0.99999955
zfp_p_14_so4_a2_SRF,259,0.998715215,0.981212746,87.68084491,0.192428278,0.999999601
zfp_p_14_so4_a2_SRF,260,0.998869055,0.985755371,87.54521123,0.221836983,0.99999965
zfp_p_14_so4_a2_SRF,261,0.998609879,0.977210288,87.588614,0.181690502,0.999999677
zfp_p_14_so4_a2_SRF,262,0.998566928,0.999999954,87.42947049,0.505433348,0.999999647
zfp_p_14_so4_a2_SRF,263,0.998947656,1,87.76041667,1.050519438,0.999999629
zfp_p_14_so4_a2_SRF,264,0.998323803,0.991736617,87.4077691,0.27146484,0.999999612
zfp_p_14_so4_a2_SRF,265,0.99901898,0.979937068,87.94487847,0.849952259,0.999999666
zfp_p_14_so4_a2_SRF,266,0.998987324,0.9675633,87.99551505,0.479602929,0.999999601
zfp_p_14_so4_a2_SRF,267,0.998657397,0.986756786,87.78573495,0.47021722,0.99999963
zfp_p_14_so4_a2_SRF,268,0.997280654,0.984701462,87.49457465,0.198021381,0.999999606
zfp_p_14_so4_a2_SRF,269,0.99842496,0.982431307,87.97381366,0.752416886,0.999999628
zfp_p_14_so4_a2_SRF,270,0.999220588,0.986756786,88.09497975,0.319794286,0.999999671
zfp_p_14_so4_a2_SRF,271,0.99882084,0.986756786,87.7875434,0.918807768,0.999999664
zfp_p_14_so4_a2_SRF,272,0.998655421,0.971029624,87.94668692,0.352005014,0.999999571
zfp_p_14_so4_a2_SRF,273,0.998972965,0.979937068,87.87073206,0.420302589,0.999999592
zfp_p_14_so4_a2_SRF,274,0.999239402,0.979937068,87.98104745,0.474084713,0.999999697
zfp_p_14_so4_a2_SRF,275,0.998870949,0.986756786,87.7875434,0.711948884,0.999999689
zfp_p_14_so4_a2_SRF,276,0.99856597,0.989458959,87.65733507,0.508129138,0.999999661
zfp_p_14_so4_a2_SRF,277,0.998706589,0.981212746,87.85264757,0.259602121,0.999999664
zfp_p_14_so4_a2_SRF,278,0.999168103,0.985755371,87.83094618,0.856661304,0.999999702
zfp_p_14_so4_a2_SRF,279,0.998934946,0.981212746,87.67541956,0.407300102,0.999999662
zfp_p_14_so4_a2_SRF,280,0.998859012,0.986756786,87.83637153,0.385623204,0.999999656
zfp_p_14_so4_a2_SRF,281,0.999119489,0.987706977,87.81105324,1,0.999999624
zfp_p_14_so4_a2_SRF,282,0.999006297,0.986756786,87.55606192,0.35568643,0.999999673
zfp_p_14_so4_a2_SRF,283,0.998962796,0.978603241,87.89966725,0.496872949,0.999999664
zfp_p_14_so4_a2_SRF,284,0.999146749,0.990263477,87.55967882,0.678613274,0.999999685
zfp_p_14_so4_a2_SRF,285,0.998628153,0.991736617,87.85988137,0.468112019,0.999999648
zfp_p_14_so4_a2_SRF,286,0.999085042,1,87.56329572,0.308323481,0.999999685
zfp_p_14_so4_a2_SRF,287,0.998418717,1,88.09859664,0.441062072,0.999999692
zfp_p_14_so4_a2_SRF,288,0.998535622,0.988607252,87.65914352,0.589797355,0.99999967
zfp_p_14_so4_a2_SRF,289,0.998487058,0.986756786,87.95753762,2.676668896,0.999999652
zfp_p_14_so4_a2_SRF,290,0.999178214,0.982431307,87.890625,0.840940737,0.999999632
zfp_p_14_so4_a2_SRF,291,0.998985372,0.989458959,87.58138021,0.407242192,0.99999966
zfp_p_14_so4_a2_SRF,292,0.999034209,0.978603241,87.65010127,3.03045499,0.999999641
zfp_p_14_so4_a2_SRF,293,0.999251406,0.982431307,87.76403356,0.720988602,0.99999968
zfp_p_14_so4_a2_SRF,294,0.998898557,0.986756786,87.63382523,0.471334364,0.999999689
zfp_p_14_so4_a2_SRF,295,0.999187458,0.983593835,87.72786458,0.503553337,0.999999659
zfp_p_14_so4_a2_SRF,296,0.999086421,0.989458959,87.61754919,17.57016037,0.99999968
zfp_p_14_so4_a2_SRF,297,0.999205059,0.990263477,87.62297454,3.774928013,0.999999655
zfp_p_14_so4_a2_SRF,298,0.99888638,0.986756786,87.83456308,1.744665778,0.999999654
zfp_p_14_so4_a2_SRF,299,0.999032618,0.981212746,87.86892361,1.767709485,0.999999662
zfp_p_14_so4_a2_SRF,300,0.998685201,0.984701462,88.09859664,0.489923068,0.999999632
zfp_p_14_so4_a2_SRF,301,0.999383555,0.989458959,87.76584201,0.26175717,0.99999963
zfp_p_14_so4_a2_SRF,302,0.99920022,0.987706977,87.56872106,0.530380575,0.99999966
zfp_p_14_so4_a2_SRF,303,0.999088209,0.991022216,87.71158854,0.547380248,0.999999663
zfp_p_14_so4_a2_SRF,304,0.999192448,0.985755371,87.53978588,0.674302177,0.999999656
zfp_p_14_so4_a2_SRF,305,0.998782697,0.991022216,87.7911603,0.903853474,0.999999611
zfp_p_14_so4_a2_SRF,306,0.998514299,0.988607252,87.74052373,1.41267881,0.999999609
zfp_p_14_so4_a2_SRF,307,0.999083045,0.979937068,87.55244502,3.191613272,0.999999623
zfp_p_14_so4_a2_SRF,308,0.998962526,0.965733891,87.76765046,1.78299442,0.999999663
zfp_p_14_so4_a2_SRF,309,0.998888305,0.969328356,87.66276042,1.143679666,0.999999675
zfp_p_14_so4_a2_SRF,310,0.998429576,0.986756786,87.65914352,1.423015399,0.999999646
zfp_p_14_so4_a2_SRF,311,0.998980956,0.989458959,88.06785301,0.434950555,0.999999662
zfp_p_14_so4_a2_SRF,312,0.999015408,0.984701462,87.53074363,0.555679954,0.999999624
zfp_p_14_so4_a2_SRF,313,0.998891708,0.9675633,87.46021412,1,0.999999622
zfp_p_14_so4_a2_SRF,314,0.999215259,0.982431307,87.72967303,0.7413935,0.999999591
zfp_p_14_so4_a2_SRF,315,0.999125932,0.986756786,87.36617477,0.220449712,0.999999634
zfp_p_14_so4_a2_SRF,316,0.998778328,0.978603241,87.57957176,0.290221505,0.999999599
zfp_p_14_so4_a2_SRF,317,0.99861105,0.983593835,87.4005353,0.383159948,0.999999689
zfp_p_14_so4_a2_SRF,318,0.998952486,0.989458959,87.41500289,0.779823563,0.999999632
zfp_p_14_so4_a2_SRF,319,0.998710493,0.983593835,87.22873264,0.662843852,0.999999659
zfp_p_14_so4_a2_SRF,320,0.999142786,0.984701462,87.20341435,0.641944549,0.999999639
zfp_p_14_so4_a2_SRF,321,0.99910086,0.987706977,87.45659722,0.244496674,0.999999584
zfp_p_14_so4_a2_SRF,322,0.998625638,0.977210288,87.36436632,0.220743729,0.999999625
zfp_p_14_so4_a2_SRF,323,0.999301629,1,87.42223669,0.234110683,0.999999652
zfp_p_14_so4_a2_SRF,324,0.999338231,1,87.48553241,0.236862458,0.999999658
zfp_p_14_so4_a2_SRF,325,0.998971652,0.988607252,87.2160735,0.451815338,0.999999627
zfp_p_14_so4_a2_SRF,326,0.999228793,0.989458959,87.49819155,0.390826964,0.999999679
zfp_p_14_so4_a2_SRF,327,0.999179206,0.990263477,87.31011285,0.297855774,0.999999645
zfp_p_14_so4_a2_SRF,328,0.998667888,0.984701462,87.61754919,0.327648998,0.999999482
zfp_p_14_so4_a2_SRF,329,0.999102999,0.982431307,87.70978009,1.117681322,0.999999558
zfp_p_14_so4_a2_SRF,330,0.999325403,0.978603241,87.44755498,4.401125979,0.999999647
zfp_p_14_so4_a2_SRF,331,0.999429983,0.978603241,87.58680556,3.532632572,0.999999656
zfp_p_14_so4_a2_SRF,332,0.999077027,0.979937068,87.76584201,0.19492394,0.999999663
zfp_p_14_so4_a2_SRF,333,0.99893144,0.982431307,87.33362269,0.359758701,0.99999967
zfp_p_14_so4_a2_SRF,334,0.998984022,0.982431307,87.54159433,0.20894553,0.999999597
zfp_p_14_so4_a2_SRF,335,0.99934738,0.984701462,87.44393808,0.471027343,0.999999623
zfp_p_14_so4_a2_SRF,336,0.998798428,0.994180369,87.15820313,0.082508015,0.999999614
zfp_p_14_so4_a2_SRF,337,0.99921079,0.989458959,87.08767361,0.113048174,0.999999636
zfp_p_14_so4_a2_SRF,338,0.999165428,0.999995238,87.16182002,0.493820845,0.999999662
zfp_p_14_so4_a2_SRF,339,0.999162135,0.979937068,87.48734086,0.413405934,0.999999627
zfp_p_14_so4_a2_SRF,340,0.999144557,0.988607252,87.21788194,0.310799949,0.99999966
zfp_p_14_so4_a2_SRF,341,0.999304785,0.984701462,87.28660301,0.488797589,0.999999618
zfp_p_14_so4_a2_SRF,342,0.999501598,0.988607252,87.63563368,0.978027368,0.999999589
zfp_p_14_so4_a2_SRF,343,0.999290434,0.984701462,87.71701389,1.38286672,0.999999652
zfp_p_14_so4_a2_SRF,344,0.999153168,0.978603241,87.45298032,0.300768159,0.999999662
zfp_p_14_so4_a2_SRF,345,0.999020661,0.989458959,87.42766204,1.622253115,0.999999662
zfp_p_14_so4_a2_SRF,346,0.998796938,0.977210288,87.05873843,0.814203729,0.999999652
zfp_p_14_so4_a2_SRF,347,0.99925773,0.990263477,87.29202836,0.17808115,0.99999969
zfp_p_14_so4_a2_SRF,348,0.999361452,0.984701462,87.14554398,0.533437335,0.999999687
zfp_p_14_so4_a2_SRF,349,0.999448543,0.986756786,87.33723958,0.517554597,0.999999659
zfp_p_14_so4_a2_SRF,350,0.999112775,1,87.19256366,0.286307314,0.999999617
zfp_p_14_so4_a2_SRF,351,0.998765718,0.989458959,87.26490162,1.364324308,0.999999641
zfp_p_14_so4_a2_SRF,352,0.998759072,0.979937068,87.19618056,0.6065961,0.999999663
zfp_p_14_so4_a2_SRF,353,0.99938142,0.989458959,87.06778067,0.560048785,0.99999966
zfp_p_14_so4_a2_SRF,354,0.999214774,0.988607252,87.26490162,1.642957983,0.999999632
zfp_p_14_so4_a2_SRF,355,0.999367823,0.989458959,87.12926794,2.309649634,0.999999629
zfp_p_14_so4_a2_SRF,356,0.999030294,0.983593835,87.36074942,1.732493604,0.999999614
zfp_p_14_so4_a2_SRF,357,0.999310668,0.987706977,87.29564525,1.685750939,0.999999633
zfp_p_14_so4_a2_SRF,358,0.998349601,0.982431307,87.40596065,0.214244408,0.999999674
zfp_p_14_so4_a2_SRF,359,0.998879615,0.9675633,87.45659722,0.375894966,0.999999676
zfp_p_14_so4_a2_SRF,360,0.998901863,0.986756786,87.28479456,1.13748467,0.999999655
zfp_p_14_so4_a2_SRF,361,0.999237202,0.971029624,87.50180845,1.342946078,0.999999615
zfp_p_14_so4_a2_SRF,362,0.998898898,0.999993691,87.27213542,0.811919072,0.999999624
zfp_p_14_so4_a2_SRF,363,0.999457275,0.99991585,87.46383102,0.451093798,0.999999653
zfp_p_14_so4_a2_SRF,364,0.998970168,0.979937068,87.08043981,0.40994995,0.999999672
zfp_p_14_so4_a2_SRF,365,0.999481246,0.965733891,87.3046875,0.279169016,0.999999674
zfp_p_14_so4_a2_SRF,366,0.998772391,0.977210288,87.0062934,0.561278443,0.999999667
zfp_p_14_so4_a2_SRF,367,0.99937803,0.990263477,87.24681713,0.268256893,0.999999674
zfp_p_14_so4_a2_SRF,368,0.999436205,0.983593835,87.25224248,1.458111143,0.999999698
zfp_p_14_so4_a2_SRF,369,0.999007569,0.994180369,87.44574653,1.195283187,0.99999967
zfp_p_14_so4_a2_SRF,370,0.999395428,0.985755371,87.35894097,0.634319918,0.99999964
zfp_p_14_so4_a2_SRF,371,0.99955624,0.986756786,87.41681134,2.21872923,0.999999645
zfp_p_14_so4_a2_SRF,372,0.998996292,0.991022216,87.10756655,3.530737829,0.999999627
zfp_p_14_so4_a2_SRF,373,0.998853681,0.984701462,86.96469907,1.437822354,0.999999646
zfp_p_14_so4_a2_SRF,374,0.998678628,0.987706977,87.18713831,0.213450592,0.999999644
zfp_p_14_so4_a2_SRF,375,0.998269894,0.986756786,87.27032697,0.511408459,0.999999544
zfp_p_14_so4_a2_SRF,376,0.999205286,0.983593835,87.61212384,0.219882367,0.999999649
zfp_p_14_so4_a2_SRF,377,0.998668838,0.988607252,87.32096354,0.167475028,0.999999656
zfp_p_14_so4_a2_SRF,378,0.999006374,0.983593835,87.30287905,0.270403419,0.999999608
zfp_p_14_so4_a2_SRF,379,0.99933037,0.990263477,86.97554977,1.121538434,0.999999616
zfp_p_14_so4_a2_SRF,380,0.999441416,0.993038273,87.14373553,0.268184299,0.999999676
zfp_p_14_so4_a2_SRF,381,0.999192894,0.989458959,87.33904803,0.338470456,0.999999661
zfp_p_14_so4_a2_SRF,382,0.999114204,0.978603241,87.64648438,0.607024673,0.999999671
zfp_p_14_so4_a2_SRF,383,0.999217089,0.988607252,87.33904803,0.246356661,0.999999663
zfp_p_14_so4_a2_SRF,384,0.99853186,0.988607252,87.31734664,0.317705184,0.999999625
zfp_p_14_so4_a2_SRF,385,0.998961245,0.985755371,87.42947049,0.869200286,0.999999639
zfp_p_14_so4_a2_SRF,386,0.999407559,0.974243371,87.17809606,0.759524256,0.999999642
zfp_p_14_so4_a2_SRF,387,0.999084505,0.983593835,87.22149884,1.265639012,0.999999625
zfp_p_14_so4_a2_SRF,388,0.999140009,0.986756786,87.15277778,0.379679706,0.999999622
zfp_p_14_so4_a2_SRF,389,0.999108698,0.969328356,87.19979745,0.198605029,0.999999636
zfp_p_14_so4_a2_SRF,390,0.998997161,0.977210288,87.11841725,0.170709514,0.999999644
zfp_p_14_so4_a2_SRF,391,0.999406287,0.978603241,87.08586516,0.292818065,0.999999667
zfp_p_14_so4_a2_SRF,392,0.999349537,0.982431307,87.22149884,0.853148,0.999999635
zfp_p_14_so4_a2_SRF,393,0.999188505,0.986756786,87.00086806,0.301437505,0.999999628
zfp_p_14_so4_a2_SRF,394,0.999174727,0.990263477,87.55063657,0.198540888,0.999999602
zfp_p_14_so4_a2_SRF,395,0.999061645,0.989458959,87.23234954,0.158607557,0.999999633
zfp_p_14_so4_a2_SRF,396,0.999398735,0.989458959,87.27032697,0.200092212,0.999999649
zfp_p_14_so4_a2_SRF,397,0.998959136,0.985755371,86.81640625,1.313453458,0.999999608
zfp_p_14_so4_a2_SRF,398,0.99884018,0.999140398,87.16362847,0.540761054,0.999999665
zfp_p_14_so4_a2_SRF,399,0.99919253,1,87.17447917,0.167823621,0.999999686
zfp_p_14_so4_a2_SRF,400,0.999399314,0.982431307,87.38425926,0.358903711,0.999999671
zfp_p_14_so4_a2_SRF,401,0.998882299,0.975757287,87.00810185,0.56873287,0.99999962
zfp_p_14_so4_a2_SRF,402,0.999153501,0.981212746,86.70970775,0.302212046,0.999999632
zfp_p_14_so4_a2_SRF,403,0.999092779,1,87.11480035,0.921328502,0.999999623
zfp_p_14_so4_a2_SRF,404,0.998927904,0.988607252,87.06054688,0.461514464,0.999999604
zfp_p_14_so4_a2_SRF,405,0.999399694,0.984701462,87.07139757,1.054461991,0.999999649
zfp_p_14_so4_a2_SRF,406,0.999314471,0.984701462,86.93395544,0.325637559,0.999999631
zfp_p_14_so4_a2_SRF,407,0.999077218,0.9675633,86.97374132,0.702098296,0.999999612
zfp_p_14_so4_a2_SRF,408,0.999151169,0.975757287,87.48010706,0.614457033,0.999999623
zfp_p_14_so4_a2_SRF,409,0.999241754,0.982431307,87.6030816,0.343249652,0.999999651
zfp_p_14_so4_a2_SRF,410,0.998925353,0.986756786,87.23415799,0.187857624,0.999999658
zfp_p_14_so4_a2_SRF,411,0.999162959,0.990263477,87.08405671,0.158338332,0.999999644
zfp_p_14_so4_a2_SRF,412,0.998943263,0.978603241,87.23054109,0.126899948,0.999999642
zfp_p_14_so4_a2_SRF,413,0.999427071,0.984701462,87.32458044,0.797160589,0.99999964
zfp_p_14_so4_a2_SRF,414,0.999217893,0.974243371,87.28298611,0.466899545,0.999999641
zfp_p_14_so4_a2_SRF,415,0.999395684,0.985755371,87.26309317,0.386409914,0.999999665
zfp_p_14_so4_a2_SRF,416,0.999122866,0.985755371,87.30649595,0.189902371,0.999999616
zfp_p_14_so4_a2_SRF,417,0.999391751,0.953382068,87.44212963,0.49987431,0.999999642
zfp_p_14_so4_a2_SRF,418,0.999165407,0.965733891,87.59403935,0.315545209,0.999999622
zfp_p_14_so4_a2_SRF,419,0.999328293,0.991022216,87.44755498,0.361014839,0.999999639
zfp_p_14_so4_a2_SRF,420,0.999060774,0.991736617,87.75318287,0.194780621,0.999999644
zfp_p_14_so4_a2_SRF,421,0.998737583,0.982431307,87.31734664,0.208462339,0.999999672
zfp_p_14_so4_a2_SRF,422,0.999301395,0.984701462,87.17990451,0.118638994,0.999999645
zfp_p_14_so4_a2_SRF,423,0.999426356,0.984701462,87.42947049,0.194241961,0.999999587
zfp_p_14_so4_a2_SRF,424,0.999425021,0.977210288,87.28117766,0.350161651,0.999999645
zfp_p_14_so4_a2_SRF,425,0.999298532,0.975757287,87.34447338,0.552568546,0.999999647
zfp_p_14_so4_a2_SRF,426,0.999304098,0.981212746,87.75499132,1,0.999999644
zfp_p_14_so4_a2_SRF,427,0.99934361,0.984701462,87.73328993,0.634755585,0.999999668
zfp_p_14_so4_a2_SRF,428,0.998817722,0.977210288,87.70616319,0.452324868,0.99999968
zfp_p_14_so4_a2_SRF,429,0.998912771,0.999252033,87.57414641,0.679121565,0.999999671
zfp_p_14_so4_a2_SRF,430,0.999371395,0.982431307,87.26128472,11.04914414,0.999999657
zfp_p_14_so4_a2_SRF,431,0.99910415,0.979937068,87.3010706,0.274640993,0.999999662
zfp_p_14_so4_a2_SRF,432,0.998704348,0.972667733,87.42223669,0.490366854,0.999999668
zfp_p_14_so4_a2_SRF,433,0.999283535,0.975757287,87.45478877,1.181972587,0.99999966
zfp_p_14_so4_a2_SRF,434,0.998808764,0.990263477,87.64829282,0.45773493,0.999999651
zfp_p_14_so4_a2_SRF,435,0.999129618,0.986756786,87.53436053,1.205188592,0.999999667
zfp_p_14_so4_a2_SRF,436,0.998989877,0.978603241,87.56148727,0.229563751,0.999999661
zfp_p_14_so4_a2_SRF,437,0.999059019,0.989458959,87.64467593,0.184635,0.99999966
zfp_p_14_so4_a2_SRF,438,0.998867317,0.981212746,87.39510995,0.122221131,0.999999682
zfp_p_14_so4_a2_SRF,439,0.999296223,0.969328356,87.4927662,0.113338382,0.999999664
zfp_p_14_so4_a2_SRF,440,0.999522915,0.983593835,87.71701389,0.306925339,0.999999672
zfp_p_14_so4_a2_SRF,441,0.998782798,0.985755371,87.14735243,0.152775989,0.999999677
zfp_p_14_so4_a2_SRF,442,0.998847736,0.987706977,87.43670428,0.186976158,0.999999622
zfp_p_14_so4_a2_SRF,443,0.998838224,0.977210288,87.15458623,0.216444901,0.999999604
zfp_p_14_so4_a2_SRF,444,0.999210309,0.977210288,87.33543113,0.516899935,0.999999622
zfp_p_14_so4_a2_SRF,445,0.999099519,0.975757287,87.57595486,0.182442961,0.99999964
zfp_p_14_so4_a2_SRF,446,0.999405659,0.984701462,87.41861979,0.091331052,0.999999676
zfp_p_14_so4_a2_SRF,447,0.9991238,0.957763548,87.28479456,0.234217777,0.99999968
zfp_p_14_so4_a2_SRF,448,0.99904878,0.978603241,87.42766204,0.362324296,0.999999601
zfp_p_14_so4_a2_SRF,449,0.999058968,0.978603241,87.39510995,0.290461589,0.999999634
zfp_p_14_so4_a2_SRF,450,0.999287082,0.991736617,87.59765625,1.361650368,0.999999684
zfp_p_14_so4_a2_SRF,451,0.999027738,0.979937068,87.10033275,0.940702927,0.999999638
zfp_p_14_so4_a2_SRF,452,0.999142599,0.985755371,87.33543113,0.484366487,0.999999687
zfp_p_14_so4_a2_SRF,453,0.999145105,0.989458959,87.31011285,0.460863771,0.999999658
zfp_p_14_so4_a2_SRF,454,0.998392953,0.985755371,87.19256366,0.167356635,0.999999715
zfp_p_14_so4_a2_SRF,455,0.998972927,0.972667733,87.29926215,0.29572235,0.999999674
zfp_p_14_so4_a2_SRF,456,0.998896478,0.991022216,87.3010706,0.554208686,0.999999653
zfp_p_14_so4_a2_SRF,457,0.999353901,0.977210288,87.44936343,0.254878928,0.999999675
zfp_p_14_so4_a2_SRF,458,0.999075071,0.986756786,87.17990451,0.311736334,0.999999644
zfp_p_14_so4_a2_SRF,459,0.999098849,0.975757287,87.27032697,0.205921963,0.99999966
zfp_p_14_so4_a2_SRF,460,0.999036891,0.972667733,87.35894097,0.411466017,0.999999671
zfp_p_14_so4_a2_SRF,461,0.998652396,0.990263477,87.76945891,0.116137862,0.999999707
zfp_p_14_so4_a2_SRF,462,0.999266123,0.977210288,87.5,1.510604812,0.999999662
zfp_p_14_so4_a2_SRF,463,0.999306461,0.965733891,87.45298032,0.141048527,0.999999646
zfp_p_14_so4_a2_SRF,464,0.998924539,0.969328356,87.4005353,0.142230478,0.999999663
zfp_p_14_so4_a2_SRF,465,0.999004624,0.983593835,87.3969184,0.507027986,0.99999964
zfp_p_14_so4_a2_SRF,466,0.999018843,0.987706977,87.46383102,0.236458872,0.999999664
zfp_p_14_so4_a2_SRF,467,0.999342636,0.983593835,87.36617477,1.045383961,0.999999681
zfp_p_14_so4_a2_SRF,468,0.999184809,0.990263477,87.54701968,0.220753927,0.999999668
zfp_p_14_so4_a2_SRF,469,0.999182258,0.987706977,87.23234954,0.48707352,0.999999668
zfp_p_14_so4_a2_SRF,470,0.999098919,0.989458959,87.3933015,0.247897553,0.999999708
zfp_p_14_so4_a2_SRF,471,0.998814755,0.95109151,87.4041522,0.369301223,0.999999701
zfp_p_14_so4_a2_SRF,472,0.999235826,0.984701462,87.51085069,0.408876586,0.999999682
zfp_p_14_so4_a2_SRF,473,0.999078109,0.969328356,87.63201678,0.418104378,0.999999642
zfp_p_14_so4_a2_SRF,474,0.998559102,0.979937068,87.38606771,0.15640879,0.999999647
zfp_p_14_so4_a2_SRF,475,0.998143345,0.983593835,87.76945891,0.796393642,0.999999675
zfp_p_14_so4_a2_SRF,476,0.998755071,0.979937068,87.56691262,0.459146507,0.999999689
zfp_p_14_so4_a2_SRF,477,0.999122926,0.986756786,87.30287905,0.21981017,0.999999696
zfp_p_14_so4_a2_SRF,478,0.99867466,0.985755371,87.19437211,0.15397974,0.999999645
zfp_p_14_so4_a2_SRF,479,0.998940446,0.977210288,87.46744792,0.388737179,0.999999627
zfp_p_14_so4_a2_SRF,480,0.998967829,0.957763548,87.36074942,0.283606889,0.999999639
zfp_p_14_so4_a2_SRF,481,0.999170574,0.991736617,87.53074363,0.310955766,0.99999966
zfp_p_14_so4_a2_SRF,482,0.998659992,0.985755371,87.30649595,0.294034206,0.999999663
zfp_p_14_so4_a2_SRF,483,0.999133361,0.9675633,87.109375,2.086298893,0.999999675
zfp_p_14_so4_a2_SRF,484,0.998911388,0.991022216,87.38968461,0.459610243,0.999999686
zfp_p_14_so4_a2_SRF,485,0.998980735,0.988607252,87.42404514,2.218811999,0.999999685
zfp_p_14_so4_a2_SRF,486,0.998850018,0.969328356,87.46563947,0.28601102,0.999999681
zfp_p_14_so4_a2_SRF,487,0.99892213,0.979937068,87.31553819,0.343662316,0.99999966
zfp_p_14_so4_a2_SRF,488,0.999078006,0.989458959,87.6916956,0.597335771,0.999999643
zfp_p_14_so4_a2_SRF,489,0.999095306,0.991736617,87.51265914,0.874769741,0.999999595
zfp_p_14_so4_a2_SRF,490,0.998434385,0.994695369,87.45659722,0.155174413,0.999999583
zfp_p_14_so4_a2_SRF,491,0.997754637,0.991736617,87.63925058,0.187037848,0.999999596
zfp_p_14_so4_a2_SRF,492,0.999203235,1,87.5994647,0.30103935,0.999999675
zfp_p_14_so4_a2_SRF,493,0.999090199,0.986756786,87.24320023,0.753641032,0.999999633
zfp_p_14_so4_a2_SRF,494,0.998334692,0.988607252,87.26671007,0.312734305,0.999999615
zfp_p_14_so4_a2_SRF,495,0.998335532,0.986756786,87.61031539,0.217176877,0.999999623
zfp_p_14_so4_a2_SRF,496,0.998986629,0.985755371,87.93221933,2.846763876,0.999999624
zfp_p_14_so4_a2_SRF,497,0.998536114,0.990263477,87.74594907,0.294706681,0.999999643
zfp_p_14_so4_a2_SRF,498,0.999120062,0.972667733,87.52350984,30.04871875,0.999999672
zfp_p_14_so4_a2_SRF,499,0.999227117,0.985755371,87.01895255,4.430761872,0.999999685
zfp_p_14_so4_a2_SRF,500,0.999027747,0.979937068,87.96477141,1.502750134,0.999999632
zfp_p_14_so4_a2_SRF,501,0.999436658,0.983593835,87.53797743,9.63244307,0.999999674
zfp_p_14_so4_a2_SRF,502,0.999078547,0.985755371,87.87615741,0.531875976,0.999999668
zfp_p_14_so4_a2_SRF,503,0.998975725,0.987706977,88.0895544,4.570855907,0.999999634
zfp_p_14_so4_a2_SRF,504,0.998877703,0.974243371,88.02987558,7.086908404,0.999999651
zfp_p_14_so4_a2_SRF,505,0.998925892,0.982431307,88.00636574,6.022500525,0.999999581
zfp_p_14_so4_a2_SRF,506,0.999096623,0.988607252,87.67722801,2.095431176,0.999999657
zfp_p_14_so4_a2_SRF,507,0.999202769,0.983593835,87.55425347,4.819357659,0.999999637
zfp_p_14_so4_a2_SRF,508,0.999100038,0.975757287,87.81467014,4.981692972,0.999999673
zfp_p_14_so4_a2_SRF,509,0.999287152,0.986756786,87.802011,1.569020401,0.999999672
zfp_p_14_so4_a2_SRF,510,0.999151837,0.971029624,87.49819155,0.186098737,0.999999655
zfp_p_14_so4_a2_SRF,511,0.999246165,0.988607252,87.67180266,1.302109543,0.999999681
zfp_p_14_so4_a2_SRF,512,0.999055074,0.972667733,88.05700231,7.114559568,0.999999692
zfp_p_14_so4_a2_SRF,513,0.999221924,0.991022216,87.84179688,0.464018609,0.999999678
zfp_p_14_so4_a2_SRF,514,0.998164689,0.985755371,88.12753183,3.036280253,0.99999965
zfp_p_14_so4_a2_SRF,515,0.999248633,0.955606035,87.98466435,0.289760404,0.999999599
zfp_p_14_so4_a2_SRF,516,0.999220217,0.990263477,87.86892361,0.692240214,0.9999996
zfp_p_14_so4_a2_SRF,517,0.998784941,0.965733891,88.23242188,4.468109258,0.999999635
zfp_p_14_so4_a2_SRF,518,0.99906849,0.986756786,87.74414063,0.471593339,0.999999712
zfp_p_14_so4_a2_SRF,519,0.999320992,0.978603241,87.88519965,0.525325114,0.999999684
zfp_p_14_so4_a2_SRF,520,0.998533042,0.986756786,87.95934606,0.725032737,0.999999622
zfp_p_14_so4_a2_SRF,521,0.998726638,0.990263477,87.8833912,1.281096718,0.999999606
zfp_p_14_so4_a2_SRF,522,0.998858386,0.994180369,87.92498553,2.715821957,0.999999629
zfp_p_14_so4_a2_SRF,523,0.999018916,0.985755371,87.92136863,0.22893337,0.999999627
zfp_p_14_so4_a2_SRF,524,0.998831889,0.977210288,87.73148148,2.378009858,0.999999619
zfp_p_14_so4_a2_SRF,525,0.99873851,0.979937068,87.38968461,3.650175953,0.999999683
zfp_p_14_so4_a2_SRF,526,0.99905621,0.982431307,87.3119213,1.631039349,0.999999636
zfp_p_14_so4_a2_SRF,527,0.999306325,0.990263477,87.81286169,2.651434351,0.999999636
zfp_p_14_so4_a2_SRF,528,0.998889069,0.985755371,87.24862558,0.358862067,0.99999963
zfp_p_14_so4_a2_SRF,529,0.998794147,0.984701462,87.54521123,0.464034892,0.999999614
zfp_p_14_so4_a2_SRF,530,0.998970784,0.99999965,87.6880787,0.078332545,0.999999657
zfp_p_14_so4_a2_SRF,531,0.998790788,0.990263477,87.92498553,0.59999972,0.999999618
zfp_p_14_so4_a2_SRF,532,0.999252406,0.991736617,88.01721644,13.52424171,0.999999651
zfp_p_14_so4_a2_SRF,533,0.998927232,0.979937068,88.04072627,1.365934742,0.999999663
zfp_p_14_so4_a2_SRF,534,0.998897617,0.989458959,88.24869792,0.437551762,0.999999653
zfp_p_14_so4_a2_SRF,535,0.999157848,0.990263477,87.78573495,0.233641283,0.999999669
zfp_p_14_so4_a2_SRF,536,0.998366071,0.990263477,87.88881655,0.399459523,0.999999622
zfp_p_14_so4_a2_SRF,537,0.999131065,0.981212746,87.87615741,0.686326549,0.999999613
zfp_p_14_so4_a2_SRF,538,0.99831603,0.982431307,87.85445602,0.390702214,0.999999683
zfp_p_14_so4_a2_SRF,539,0.998857847,0.990263477,88.12391493,0.78589773,0.999999671
zfp_p_14_so4_a2_SRF,540,0.99879744,0.985755371,87.87434896,0.428067276,0.999999681
zfp_p_14_so4_a2_SRF,541,0.998378212,0.981212746,87.77669271,0.273513787,0.999999694
zfp_p_14_so4_a2_SRF,542,0.998491809,1,88.22518808,0.476892938,0.999999652
zfp_p_14_so4_a2_SRF,543,0.999043393,0.975757287,87.77850116,0.186898924,0.99999964
zfp_p_14_so4_a2_SRF,544,0.999081314,0.972667733,87.92136863,0.319394946,0.999999605
zfp_p_14_so4_a2_SRF,545,0.998843629,0.985755371,88.13476563,1.222965621,0.999999637
zfp_p_14_so4_a2_SRF,546,0.99838384,0.991736617,88.25050637,3.506009831,0.999999602
zfp_p_14_so4_a2_SRF,547,0.99924666,0.988607252,88.14561632,0.589540267,0.999999615
zfp_p_14_so4_a2_SRF,548,0.99887939,0.975757287,87.97200521,1.92838229,0.99999964
zfp_p_14_so4_a2_SRF,549,0.998515061,0.977210288,87.83275463,41.41783538,0.999999665
zfp_p_14_so4_a2_SRF,550,0.999257556,0.977210288,87.80020255,0.846970483,0.999999644
zfp_p_14_so4_a2_SRF,551,0.99891038,0.972667733,87.83817998,23.94691874,0.999999654
zfp_p_14_so4_a2_SRF,552,0.999004908,0.988607252,87.90870949,0.590714436,0.999999644
zfp_p_14_so4_a2_SRF,553,0.999354068,0.991022216,87.94849537,0.253089034,0.999999623
zfp_p_14_so4_a2_SRF,554,0.998994958,0.989458959,87.98104745,0.736961379,0.999999677
zfp_p_14_so4_a2_SRF,555,0.999245506,0.981212746,87.99189815,0.730017578,0.999999618
zfp_p_14_so4_a2_SRF,556,0.999121235,0.981212746,87.802011,2.138651356,0.999999618
zfp_p_14_so4_a2_SRF,557,0.999112888,0.987706977,88.10763889,0.482657802,0.999999635
zfp_p_14_so4_a2_SRF,558,0.998626432,0.984701462,87.96477141,6.990918574,0.999999551
zfp_p_14_so4_a2_SRF,559,0.998870084,0.991022216,88.1854022,1.191117081,0.999999654
zfp_p_14_so4_a2_SRF,560,0.998924664,0.990263477,87.72424769,3.235359827,0.999999693
zfp_p_14_so4_a2_SRF,561,0.998593772,0.983593835,88.00274884,0.273888215,0.999999738
zfp_p_14_so4_a2_SRF,562,0.998967242,0.990263477,88.04072627,0.3993754,0.99999967
zfp_p_14_so4_a2_SRF,563,0.99849856,0.988607252,87.93764468,0.932230745,0.999999681
zfp_p_14_so4_a2_SRF,564,0.998831041,0.989458959,87.95211227,19.11004721,0.999999609
zfp_p_14_so4_a2_SRF,565,0.999096943,0.982431307,88.28667535,2.658822478,0.999999669
zfp_p_14_so4_a2_SRF,566,0.998777247,0.990263477,88.33188657,2.362173375,0.999999646
zfp_p_14_so4_a2_SRF,567,0.999146139,0.963839623,87.93945313,30.16912021,0.999999678
zfp_p_14_so4_a2_SRF,568,0.998768756,0.982431307,88.19625289,0.565023357,0.999999625
zfp_p_14_so4_a2_SRF,569,0.999038941,0.987706977,88.21976273,0.409309358,0.999999575
zfp_p_14_so4_a2_SRF,570,0.999284979,0.982431307,87.74775752,0.169004646,0.99999965
zfp_p_14_so4_a2_SRF,571,0.998610615,0.986756786,87.74052373,0.222317258,0.999999689
zfp_p_14_so4_a2_SRF,572,0.998390988,0.987706977,87.6989294,0.673056378,0.999999679
zfp_p_14_so4_a2_SRF,573,0.999160045,0.972667733,87.87434896,0.235217437,0.999999642
zfp_p_14_so4_a2_SRF,574,0.998771507,0.988607252,88.14561632,3.599378702,0.99999964
zfp_p_14_so4_a2_SRF,575,0.999207668,0.991022216,88.0895544,0.598052494,0.999999673
zfp_p_14_so4_a2_SRF,576,0.997821566,0.984701462,87.79658565,1,0.999999639
zfp_p_14_so4_a2_SRF,577,0.998680591,0.984701462,87.80743634,0.759697299,0.999999549
zfp_p_14_so4_a2_SRF,578,0.99877668,0.961880053,87.90509259,0.590931382,0.999999601
zfp_p_14_so4_a2_SRF,579,0.99912225,0.987706977,87.79296875,0.345726166,0.999999683
zfp_p_14_so4_a2_SRF,580,0.999048595,0.986756786,87.7983941,0.451559599,0.999999661
zfp_p_14_so4_a2_SRF,581,0.998935912,0.990263477,88.44401042,0.209296187,0.999999705
zfp_p_14_so4_a2_SRF,582,0.999208503,0.983593835,88.00094039,0.552517125,0.999999706
zfp_p_14_so4_a2_SRF,583,0.999053578,0.991022216,87.90147569,13.56378543,0.999999627
zfp_p_14_so4_a2_SRF,584,0.998986512,0.988607252,87.80562789,5.116475625,0.999999681
zfp_p_14_so4_a2_SRF,585,0.99796897,0.978603241,88.04434317,7.93968504,0.999999688
zfp_p_14_so4_a2_SRF,586,0.998920388,0.990263477,87.93402778,0.622209682,0.999999645
zfp_p_14_so4_a2_SRF,587,0.998924247,0.990263477,88.02083333,1.905441101,0.999999684
zfp_p_14_so4_a2_SRF,588,0.999535851,0.986756786,88.06966146,0.151592829,0.999999503
zfp_p_14_so4_a2_SRF,589,0.998798574,0.988607252,87.99913194,0.550919656,0.999999616
zfp_p_14_so4_a2_SRF,590,0.997882227,0.985755371,87.83456308,2.742986412,0.9999997
zfp_p_14_so4_a2_SRF,591,0.99874157,0.987706977,87.89605035,3.955919469,0.999999675
zfp_p_14_so4_a2_SRF,592,0.998901669,0.979937068,87.75318287,0.427283347,0.999999657
zfp_p_14_so4_a2_SRF,593,0.998830022,0.975757287,87.87796586,0.338498841,0.999999644
zfp_p_14_so4_a2_SRF,594,0.998530705,0.983593835,87.92498553,0.26946704,0.999999592
zfp_p_14_so4_a2_SRF,595,0.998474201,0.982431307,87.66276042,0.136683206,0.999999721
zfp_p_14_so4_a2_SRF,596,0.998596725,0.990263477,87.66276042,0.529523152,0.999999642
zfp_p_14_so4_a2_SRF,597,0.998892498,0.991022216,87.76222512,0.145754975,0.999999656
zfp_p_14_so4_a2_SRF,598,0.998951275,0.983593835,87.87977431,0.944026529,0.999999685
zfp_p_14_so4_a2_SRF,599,0.99909685,0.988607252,87.46563947,0.778134718,0.999999678
zfp_p_14_so4_a2_SRF,600,0.998716067,0.986756786,87.97200521,0.400811366,0.999999677
zfp_p_14_so4_a2_SRF,601,0.998833291,0.983593835,87.86711516,0.479260566,0.999999582
zfp_p_14_so4_a2_SRF,602,0.998841011,0.984701462,87.96477141,1.12990102,0.999999634
zfp_p_14_so4_a2_SRF,603,0.998975452,0.979937068,87.90328414,0.160811418,0.999999564
zfp_p_14_so4_a2_SRF,604,0.998944632,0.989458959,88.0859375,0.138881644,0.99999965
zfp_p_14_so4_a2_SRF,605,0.998170128,0.981212746,87.95753762,0.31641087,0.999999683
zfp_p_14_so4_a2_SRF,606,0.999097768,0.977210288,87.94126157,1.044305097,0.999999681
zfp_p_14_so4_a2_SRF,607,0.999018804,0.987706977,87.96115451,2.717971332,0.999999593
zfp_p_14_so4_a2_SRF,608,0.999098904,0.981212746,87.88519965,0.528158362,0.99999961
zfp_p_14_so4_a2_SRF,609,0.998624074,0.986756786,87.73148148,0.775101642,0.999999606
zfp_p_14_so4_a2_SRF,610,0.998795651,0.986756786,87.95572917,0.315321574,0.999999667
zfp_p_14_so4_a2_SRF,611,0.999039413,0.971029624,87.82552083,0.713759769,0.999999657
zfp_p_14_so4_a2_SRF,612,0.998536664,0.986756786,87.90690104,0.193992914,0.999999645
zfp_p_14_so4_a2_SRF,613,0.998891313,0.990263477,87.72063079,0.567127703,0.999999667
zfp_p_14_so4_a2_SRF,614,0.998282489,1,87.83456308,1,0.999999679
zfp_p_14_so4_a2_SRF,615,0.999552986,1,87.29383681,0.816735867,0.999999494
zfp_p_14_so4_a2_SRF,616,0.998732947,0.999991714,87.53074363,0.174590596,0.999999658
zfp_p_14_so4_a2_SRF,617,0.998995862,0.985755371,87.4005353,0.212534475,0.999999608
zfp_p_14_so4_a2_SRF,618,0.998907908,0.986756786,87.50904225,0.404354184,0.999999659
zfp_p_14_so4_a2_SRF,619,0.999255927,0.984701462,88.09678819,4.887137964,0.999999624
zfp_p_14_so4_a2_SRF,620,0.998825749,0.989458959,87.72605613,0.286005361,0.999999679
zfp_p_14_so4_a2_SRF,621,0.998783338,0.985755371,87.94307002,0.115157183,0.999999604
zfp_p_14_so4_a2_SRF,622,0.999006062,0.988607252,88.14561632,0.259715895,0.999999651
zfp_p_14_so4_a2_SRF,623,0.998876532,0.982431307,87.96657986,0.697790471,0.999999728
zfp_p_14_so4_a2_SRF,624,0.998546338,0.984701462,87.67903646,0.565760781,0.999999618
zfp_p_14_so4_a2_SRF,625,0.998278276,0.989458959,87.46202257,0.330572037,0.99999969
zfp_p_14_so4_a2_SRF,626,0.998902741,0.988607252,87.86711516,0.179835884,0.999999606
zfp_p_14_so4_a2_SRF,627,0.999283044,0.982431307,87.70435475,0.306639582,0.999999682
zfp_p_14_so4_a2_SRF,628,0.999005926,0.990263477,87.61031539,0.302209112,0.999999706
zfp_p_14_so4_a2_SRF,629,0.999001396,0.984701462,87.95211227,0.229206481,0.999999713
zfp_p_14_so4_a2_SRF,630,0.99907672,0.975757287,87.79658565,0.276662388,0.999999682
zfp_p_14_so4_a2_SRF,631,0.999137583,0.983593835,87.67722801,0.401273936,0.999999695
zfp_p_14_so4_a2_SRF,632,0.998995807,0.988607252,87.51446759,0.390113801,0.999999692
zfp_p_14_so4_a2_SRF,633,0.998503765,0.990263477,87.68084491,0.340016365,0.999999649
zfp_p_14_so4_a2_SRF,634,0.998880893,0.979937068,87.67180266,0.456206952,0.999999677
zfp_p_14_so4_a2_SRF,635,0.998855421,0.990263477,88.1745515,0.410622453,0.999999642
zfp_p_14_so4_a2_SRF,636,0.999044172,0.977210288,87.66999421,0.77201767,0.999999671
zfp_p_14_so4_a2_SRF,637,0.998898128,0.948734288,87.44755498,0.31795311,0.999999626
zfp_p_14_so4_a2_SRF,638,0.998720798,0.982431307,87.82913773,0.230959476,0.999999631
zfp_p_14_so4_a2_SRF,639,0.998688488,0.994180369,87.91956019,0.217731685,0.999999616
zfp_p_14_so4_a2_SRF,640,0.998759173,0.986756786,87.81286169,0.241460671,0.999999681
zfp_p_14_so4_a2_SRF,641,0.999083882,0.977210288,87.78935185,0.255478026,0.999999664
zfp_p_14_so4_a2_SRF,642,0.998843658,0.975757287,87.55063657,0.371400867,0.999999678
zfp_p_14_so4_a2_SRF,643,0.999028624,0.978603241,87.87796586,0.176678343,0.999999639
zfp_p_14_so4_a2_SRF,644,0.998421544,0.987706977,87.75860822,0.175285754,0.999999662
zfp_p_14_so4_a2_SRF,645,0.998531222,0.990263477,87.48553241,0.349159717,0.999999624
zfp_p_14_so4_a2_SRF,646,0.999021894,0.9988763,87.96296296,1.415151352,0.999999649
zfp_p_14_so4_a2_SRF,647,0.998980688,1,87.75679977,0.187354011,0.9999997
zfp_p_14_so4_a2_SRF,648,0.999020973,0.985755371,87.72063079,0.255109109,0.999999649
zfp_p_14_so4_a2_SRF,649,0.999030901,0.988607252,87.56329572,0.157031056,0.999999671
zfp_p_14_so4_a2_SRF,650,0.998573891,0.984701462,87.75860822,0.214815579,0.999999648
zfp_p_14_so4_a2_SRF,651,0.998873233,0.990263477,87.59765625,0.141468527,0.999999684
zfp_p_14_so4_a2_SRF,652,0.998567577,0.987706977,87.26128472,0.192862667,0.999999691
zfp_p_14_so4_a2_SRF,653,0.99889765,0.983593835,87.64648438,0.133940331,0.999999702
zfp_p_14_so4_a2_SRF,654,0.999004837,0.984701462,87.46021412,0.30969453,0.999999654
zfp_p_14_so4_a2_SRF,655,0.9991789,0.986756786,87.87977431,0.739397904,0.999999679
zfp_p_14_so4_a2_SRF,656,0.998845256,0.988607252,87.63201678,0.514888974,0.999999692
zfp_p_14_so4_a2_SRF,657,0.998968902,0.977210288,87.99913194,2.208565664,0.999999726
zfp_p_14_so4_a2_SRF,658,0.99895008,0.981212746,87.74956597,12.19321534,0.9999997
zfp_p_14_so4_a2_SRF,659,0.999182116,0.987706977,87.6916956,0.945685318,0.999999663
zfp_p_14_so4_a2_SRF,660,0.998861528,0.979937068,87.78030961,1.888102207,0.999999677
zfp_p_14_so4_a2_SRF,661,0.998866888,0.984701462,88.20529514,0.521252539,0.999999628
zfp_p_14_so4_a2_SRF,662,0.999034569,0.988607252,87.53436053,0.386995133,0.999999681
zfp_p_14_so4_a2_SRF,663,0.998572726,0.986756786,87.6880787,0.138159661,0.999999634
zfp_p_14_so4_a2_SRF,664,0.999065099,0.985755371,87.17809606,0.123963649,0.999999667
zfp_p_14_so4_a2_SRF,665,0.998908856,0.984701462,87.4041522,0.254675027,0.999999607
zfp_p_14_so4_a2_SRF,666,0.99849367,0.986756786,87.54882813,0.236233366,0.999999672
zfp_p_14_so4_a2_SRF,667,0.999006668,0.986756786,87.46563947,0.394739468,0.999999579
zfp_p_14_so4_a2_SRF,668,0.998587165,0.987706977,87.67180266,0.631045974,0.999999615
zfp_p_14_so4_a2_SRF,669,0.999268188,0.991022216,87.58138021,0.243407823,0.999999611
zfp_p_14_so4_a2_SRF,670,0.999133685,0.988607252,87.37160012,0.294974988,0.999999641
zfp_p_14_so4_a2_SRF,671,0.999245821,0.979937068,87.60850694,0.160201231,0.999999637
zfp_p_14_so4_a2_SRF,672,0.999186332,0.981212746,87.22692419,0.157169563,0.999999645
zfp_p_14_so4_a2_SRF,673,0.998898987,0.979937068,87.66818576,0.173953812,0.999999659
zfp_p_14_so4_a2_SRF,674,0.999256001,0.990263477,87.61393229,0.191918843,0.999999627
zfp_p_14_so4_a2_SRF,675,0.999147461,0.988607252,87.56329572,0.721445347,0.999999659
zfp_p_14_so4_a2_SRF,676,0.999078594,0.975757287,87.71520544,1,0.999999686
zfp_p_14_so4_a2_SRF,677,0.999321604,0.977210288,87.45840567,2.992509865,0.99999967
zfp_p_14_so4_a2_SRF,678,0.999117558,0.957763548,87.63020833,0.621435301,0.999999711
zfp_p_14_so4_a2_SRF,679,0.999013956,0.989458959,87.63563368,3.026452469,0.99999961
zfp_p_14_so4_a2_SRF,680,0.999159465,0.999999999,87.60127315,0.543439468,0.999999685
zfp_p_14_so4_a2_SRF,681,0.998595493,0.987706977,87.51085069,2.490177741,0.9999996
zfp_p_14_so4_a2_SRF,682,0.998882363,0.994695369,87.73148148,1.616948987,0.999999605
zfp_p_14_so4_a2_SRF,683,0.998925911,0.987706977,87.60127315,0.398545465,0.999999631
zfp_p_14_so4_a2_SRF,684,0.999272087,0.959854801,87.28117766,2.076026188,0.99999961
zfp_p_14_so4_a2_SRF,685,0.999019845,0.983593835,87.3083044,0.412324212,0.999999598
zfp_p_14_so4_a2_SRF,686,0.998636154,0.982431307,87.58680556,0.874034371,0.99999962
zfp_p_14_so4_a2_SRF,687,0.99882893,0.982431307,87.47468171,1.125292847,0.999999652
zfp_p_14_so4_a2_SRF,688,0.99874561,0.991022216,87.53255208,1.829127424,0.999999676
zfp_p_14_so4_a2_SRF,689,0.998966651,0.988607252,87.25585938,2.881198904,0.999999682
zfp_p_14_so4_a2_SRF,690,0.999450557,0.975757287,87.68446181,1.534058175,0.999999671
zfp_p_14_so4_a2_SRF,691,0.998846171,0.986756786,87.63382523,0.897314436,0.999999676
zfp_p_14_so4_a2_SRF,692,0.999333805,0.993628511,87.31915509,1.833416507,0.999999665
zfp_p_14_so4_a2_SRF,693,0.998933142,0.989458959,87.64105903,0.551648658,0.999999581
zfp_p_14_so4_a2_SRF,694,0.999117459,0.981212746,87.47287326,0.518621102,0.999999628
zfp_p_14_so4_a2_SRF,695,0.999121311,0.994180369,87.55063657,0.253216191,0.999999655
zfp_p_14_so4_a2_SRF,696,0.999238527,0.983593835,87.63744213,0.551277563,0.999999668
zfp_p_14_so4_a2_SRF,697,0.999125574,0.9675633,87.43851273,0.703509973,0.999999672
zfp_p_14_so4_a2_SRF,698,0.998681216,0.988607252,87.31553819,1.693654325,0.99999963
zfp_p_14_so4_a2_SRF,699,0.998950017,0.985755371,87.53436053,0.815290922,0.999999666
zfp_p_14_so4_a2_SRF,700,0.999239511,0.984701462,87.26490162,0.774735417,0.999999573
zfp_p_14_so4_a2_SRF,701,0.99900152,0.986756786,87.30287905,0.528748897,0.999999658
zfp_p_14_so4_a2_SRF,702,0.999435256,0.979937068,87.48553241,0.337810051,0.999999642
zfp_p_14_so4_a2_SRF,703,0.99909798,0.933194182,87.54701968,0.09444271,0.999999642
zfp_p_14_so4_a2_SRF,704,0.999393273,0.987706977,87.28298611,0.093496486,0.999999729
zfp_p_14_so4_a2_SRF,705,0.999080226,0.975757287,87.411386,0.34025578,0.999999632
zfp_p_14_so4_a2_SRF,706,0.998556898,0.986756786,87.25947627,8.372051816,0.999999622
zfp_p_14_so4_a2_SRF,707,0.999283955,1,87.44393808,1.757718023,0.999999638
zfp_p_14_so4_a2_SRF,708,0.999236735,0.975757287,87.05512153,0.527425582,0.999999664
zfp_p_14_so4_a2_SRF,709,0.999081836,0.975757287,87.35170718,0.410331828,0.999999642
zfp_p_14_so4_a2_SRF,710,0.998902631,0.974243371,87.1129919,0.515348984,0.999999629
zfp_p_14_so4_a2_SRF,711,0.999326243,0.987706977,87.27394387,0.283009705,0.999999576
zfp_p_14_so4_a2_SRF,712,0.999029086,0.989458959,87.45659722,0.286228692,0.99999959
zfp_p_14_so4_a2_SRF,713,0.999237468,0.961880053,87.37340856,0.856721782,0.999999563
zfp_p_14_so4_a2_SRF,714,0.999135126,0.991022216,87.16001157,1.211054828,0.99999957
zfp_p_14_so4_a2_SRF,715,0.999343552,0.987706977,87.06235532,0.195393739,0.999999642
zfp_p_14_so4_a2_SRF,716,0.999110241,1,87.31915509,0.507055724,0.999999621
zfp_p_14_so4_a2_SRF,717,0.999214179,0.999954974,87.19256366,0.350795524,0.999999665
zfp_p_14_so4_a2_SRF,718,0.999215818,0.999786331,87.43127894,0.156187746,0.999999654
zfp_p_14_so4_a2_SRF,719,0.998979033,0.978603241,87.27394387,0.164936958,0.999999615
zfp_p_14_so4_a2_SRF,720,0.999317239,0.991022216,87.15458623,0.729234993,0.999999653
zfp_p_14_so4_a2_SRF,721,0.999270733,0.987706977,86.93757234,0.457885841,0.999999642
zfp_p_14_so4_a2_SRF,722,0.99902813,0.985755371,86.97916667,1.204306472,0.999999667
zfp_p_14_so4_a2_SRF,723,0.999074404,0.979937068,87.29383681,0.590731978,0.999999651
zfp_p_14_so4_a2_SRF,724,0.999125904,0.948734288,87.10033275,0.137654012,0.999999657
zfp_p_14_so4_a2_SRF,725,0.999123729,0.963839623,87.34628183,0.586783397,0.999999638
zfp_p_14_so4_a2_SRF,726,0.999192073,0.989458959,87.04246238,0.133820492,0.999999649
zfp_p_14_so4_a2_SRF,727,0.999305609,0.991022216,86.93033854,4.265071416,0.999999676
zfp_p_14_so4_a2_SRF,728,0.999436308,0.984701462,86.88151042,0.64469278,0.999999678
zfp_p_14_so4_a2_SRF,729,0.999279275,0.971029624,86.92310475,0.272252646,0.999999669
zfp_p_16_so4_a2_SRF,0,0.999797492,0.957763548,56.52488426,19.63179714,0.999999979
zfp_p_16_so4_a2_SRF,1,0.999879106,0.998151838,53.30946181,0.092416699,0.999999979
zfp_p_16_so4_a2_SRF,2,0.999842815,0.989458959,52.69458912,0.266920919,0.999999977
zfp_p_16_so4_a2_SRF,3,0.99971548,0.987706977,53.36914063,0.130531155,0.999999978
zfp_p_16_so4_a2_SRF,4,0.999909737,0.974243371,53.33478009,0.116603658,0.999999977
zfp_p_16_so4_a2_SRF,5,0.999862042,0.987706977,53.5120081,0.132020906,0.999999974
zfp_p_16_so4_a2_SRF,6,0.999751724,0.984701462,53.86465567,0.092258017,0.99999998
zfp_p_16_so4_a2_SRF,7,0.999804727,0.986756786,53.38179977,0.766771097,0.99999998
zfp_p_16_so4_a2_SRF,8,0.999756353,0.9675633,53.49392361,0.113094986,0.99999998
zfp_p_16_so4_a2_SRF,9,0.99923697,0.981212746,53.87731481,0.394283378,0.999999979
zfp_p_16_so4_a2_SRF,10,0.999851174,0.989458959,53.33839699,0.523290235,0.999999979
zfp_p_16_so4_a2_SRF,11,0.999741547,0.985755371,53.46317998,0.04451897,0.999999981
zfp_p_16_so4_a2_SRF,12,0.999755814,0.984701462,53.09063947,0.075979332,0.999999978
zfp_p_16_so4_a2_SRF,13,0.999785133,0.999991714,53.56626157,0.094090094,0.999999979
zfp_p_16_so4_a2_SRF,14,0.999581869,0.991022216,53.57530382,0.05788662,0.999999976
zfp_p_16_so4_a2_SRF,15,0.999847504,0.987706977,53.40711806,0.372727611,0.999999975
zfp_p_16_so4_a2_SRF,16,0.999765861,0.981212746,53.3203125,0.206309576,0.999999979
zfp_p_16_so4_a2_SRF,17,0.999692729,0.989458959,54.25708912,0.11424946,0.999999978
zfp_p_16_so4_a2_SRF,18,0.999732829,1,52.71448206,0.069476962,0.999999978
zfp_p_16_so4_a2_SRF,19,0.999758409,1,53.25339988,0.050770669,0.999999978
zfp_p_16_so4_a2_SRF,20,0.99978845,0.955606035,52.61320891,0.036210496,0.999999979
zfp_p_16_so4_a2_SRF,21,0.999660029,0.979937068,53.08883102,0.185101702,0.99999998
zfp_p_16_so4_a2_SRF,22,0.999745992,0.987706977,53.2316985,0.062869367,0.999999978
zfp_p_16_so4_a2_SRF,23,0.999723904,0.982431307,53.20276331,0.029257166,0.999999975
zfp_p_16_so4_a2_SRF,24,0.99987148,0.999252033,53.75434028,0.034813035,0.999999977
zfp_p_16_so4_a2_SRF,25,0.999878789,0.988607252,52.75969329,0.072768107,0.99999998
zfp_p_16_so4_a2_SRF,26,0.999770118,0.990263477,52.47034144,0.061974891,0.999999978
zfp_p_16_so4_a2_SRF,27,0.999866362,0.982431307,52.94415509,0.021949919,0.999999978
zfp_p_16_so4_a2_SRF,28,0.999701191,0.990263477,51.62941262,0.02347794,0.999999978
zfp_p_16_so4_a2_SRF,29,0.999712056,0.988607252,52.50289352,0.044802642,0.999999979
zfp_p_16_so4_a2_SRF,30,0.999679389,0.987706977,52.88085938,0.028141971,0.99999998
zfp_p_16_so4_a2_SRF,31,0.999780627,0.991736617,53.13765914,0.05167877,0.999999977
zfp_p_16_so4_a2_SRF,32,0.999868769,0.975757287,52.90617766,0.069860396,0.999999978
zfp_p_16_so4_a2_SRF,33,0.999860279,0.991022216,52.96585648,0.043031674,0.999999979
zfp_p_16_so4_a2_SRF,34,0.999724472,0.986756786,53.23712384,0.109100387,0.999999976
zfp_p_16_so4_a2_SRF,35,0.999725061,0.987706977,53.41796875,0.078785965,0.999999979
zfp_p_16_so4_a2_SRF,36,0.999881825,0.999015527,53.9984809,0.101407376,0.99999998
zfp_p_16_so4_a2_SRF,37,0.999757999,0.988607252,53.62774884,0.044040254,0.999999978
zfp_p_16_so4_a2_SRF,38,0.999820892,0.985755371,53.81221065,0.060150962,0.999999979
zfp_p_16_so4_a2_SRF,39,0.99991099,0.989458959,53.37999132,0.347134791,0.999999976
zfp_p_16_so4_a2_SRF,40,0.999837518,0.990263477,53.59338831,0.077709259,0.999999977
zfp_p_16_so4_a2_SRF,41,0.99977784,0.982431307,53.8104022,0.128545297,0.999999978
zfp_p_16_so4_a2_SRF,42,0.999754346,0.974243371,54.02922454,0.361982154,0.999999975
zfp_p_16_so4_a2_SRF,43,0.999878561,0.987706977,54.0129485,0.397752083,0.999999977
zfp_p_16_so4_a2_SRF,44,0.999842674,0.986756786,53.65849248,0.23259113,0.999999978
zfp_p_16_so4_a2_SRF,45,0.999865,0.988607252,53.91167535,0.582542227,0.999999976
zfp_p_16_so4_a2_SRF,46,0.999860665,0.988607252,54.33304398,0.299257285,0.999999977
zfp_p_16_so4_a2_SRF,47,0.999844086,0.981212746,54.50665509,0.098635779,0.999999979
zfp_p_16_so4_a2_SRF,48,0.999885759,0.990263477,54.32219329,0.088321018,0.999999978
zfp_p_16_so4_a2_SRF,49,0.999801737,0.984701462,54.385489,0.064019369,0.999999978
zfp_p_16_so4_a2_SRF,50,0.999891526,0.986756786,53.71274595,0.045575034,0.99999998
zfp_p_16_so4_a2_SRF,51,0.999836714,0.963839623,53.90625,0.226918091,0.999999981
zfp_p_16_so4_a2_SRF,52,0.999851888,0.985755371,53.53913484,0.058306228,0.999999981
zfp_p_16_so4_a2_SRF,53,0.999915495,0.991022216,53.5083912,0.120116054,0.99999998
zfp_p_16_so4_a2_SRF,54,0.999808533,0.988607252,53.30765336,0.142102298,0.999999978
zfp_p_16_so4_a2_SRF,55,0.999863238,0.990263477,53.54456019,0.035384907,0.999999976
zfp_p_16_so4_a2_SRF,56,0.999790254,0.991022216,53.06712963,0.68219398,0.999999977
zfp_p_16_so4_a2_SRF,57,0.999752294,0.987706977,53.036386,0.724248762,0.999999976
zfp_p_16_so4_a2_SRF,58,0.999915396,0.988607252,53.43967014,0.121621791,0.999999979
zfp_p_16_so4_a2_SRF,59,0.999813758,0.988607252,53.58434606,0.046748169,0.999999978
zfp_p_16_so4_a2_SRF,60,0.99978858,0.985755371,54.46506076,0.03582814,0.999999978
zfp_p_16_so4_a2_SRF,61,0.999902376,0.987706977,55.31684028,0.096409617,0.999999975
zfp_p_16_so4_a2_SRF,62,0.999730036,0.975757287,55.2734375,0.268971837,0.999999979
zfp_p_16_so4_a2_SRF,63,0.999863955,0.977210288,55.66225405,0.048347503,0.999999978
zfp_p_16_so4_a2_SRF,64,0.999885711,0.985755371,55.18844039,0.033248202,0.999999979
zfp_p_16_so4_a2_SRF,65,0.999782609,0.986756786,54.94972512,0.095348678,0.999999975
zfp_p_16_so4_a2_SRF,66,0.999835236,0.983593835,54.38006366,0.048926971,0.999999979
zfp_p_16_so4_a2_SRF,67,0.999872314,0.984701462,53.78689236,2.493532983,0.999999978
zfp_p_16_so4_a2_SRF,68,0.9998274,0.972667733,54.15039063,0.123789887,0.99999998
zfp_p_16_so4_a2_SRF,69,0.99985442,0.983593835,54.75260417,0.078517645,0.999999978
zfp_p_16_so4_a2_SRF,70,0.999898138,0.990263477,54.34751157,0.395089972,0.999999977
zfp_p_16_so4_a2_SRF,71,0.999847031,0.983593835,53.94784433,0.081218218,0.999999977
zfp_p_16_so4_a2_SRF,72,0.999629909,0.979937068,53.50658275,0.050822341,0.999999977
zfp_p_16_so4_a2_SRF,73,0.999892224,0.978603241,54.05092593,0.10233061,0.999999979
zfp_p_16_so4_a2_SRF,74,0.999793614,0.984701462,54.04730903,0.13966471,0.999999978
zfp_p_16_so4_a2_SRF,75,0.999825585,0.979937068,53.91890914,0.138974993,0.999999981
zfp_p_16_so4_a2_SRF,76,0.999677754,0.965733891,53.604239,0.072509749,0.99999998
zfp_p_16_so4_a2_SRF,77,0.999888926,0.977210288,53.57168692,0.044741598,0.999999979
zfp_p_16_so4_a2_SRF,78,0.999542937,0.977210288,54.14677373,0.024071809,0.99999998
zfp_p_16_so4_a2_SRF,79,0.999875596,0.981212746,54.68930845,0.034622122,0.99999998
zfp_p_16_so4_a2_SRF,80,0.999809312,0.985755371,53.82848669,0.059926863,0.999999978
zfp_p_16_so4_a2_SRF,81,0.999837417,0.988607252,53.4125434,0.250239237,0.999999978
zfp_p_16_so4_a2_SRF,82,0.999828281,0.985755371,53.51019965,0.050635247,0.999999981
zfp_p_16_so4_a2_SRF,83,0.99984295,0.977210288,53.6078559,0.171230816,0.999999981
zfp_p_16_so4_a2_SRF,84,0.999661373,0.988607252,54.08528646,0.235944815,0.999999982
zfp_p_16_so4_a2_SRF,85,0.999787063,0.988607252,53.76519097,0.053953231,0.99999998
zfp_p_16_so4_a2_SRF,86,0.999856487,0.986756786,53.427011,0.071337127,0.999999979
zfp_p_16_so4_a2_SRF,87,0.999803616,0.989458959,54.35655382,0.070511787,0.99999998
zfp_p_16_so4_a2_SRF,88,0.999871346,0.990263477,54.11783854,0.047724111,0.99999998
zfp_p_16_so4_a2_SRF,89,0.999854809,0.983593835,54.26793981,0.51289716,0.999999979
zfp_p_16_so4_a2_SRF,90,0.999660754,0.986756786,53.82848669,0.387376471,0.999999975
zfp_p_16_so4_a2_SRF,91,0.999684856,0.987706977,54.29144965,0.532507578,0.999999978
zfp_p_16_so4_a2_SRF,92,0.999570003,0.982431307,54.43612558,0.164778576,0.999999978
zfp_p_16_so4_a2_SRF,93,0.999816254,0.971029624,53.68742766,0.038801137,0.999999976
zfp_p_16_so4_a2_SRF,94,0.999768786,0.988607252,53.39626736,0.118513224,0.999999979
zfp_p_16_so4_a2_SRF,95,0.999403019,0.988607252,53.37275752,0.123102071,0.999999979
zfp_p_16_so4_a2_SRF,96,0.999787317,0.988607252,53.49934896,0.093197575,0.999999979
zfp_p_16_so4_a2_SRF,97,0.999806783,0.988607252,53.37094907,0.089373152,0.999999978
zfp_p_16_so4_a2_SRF,98,0.999755109,0.984701462,54.01656539,0.132712035,0.99999998
zfp_p_16_so4_a2_SRF,99,0.999697632,0.969328356,54.24804688,0.073813804,0.999999979
zfp_p_16_so4_a2_SRF,100,0.999670671,0.988607252,53.6223235,1.082381448,0.999999979
zfp_p_16_so4_a2_SRF,101,0.999748635,0.977210288,53.67296007,0.056388066,0.999999981
zfp_p_16_so4_a2_SRF,102,0.999610924,0.989458959,54.11964699,0.139484061,0.99999998
zfp_p_16_so4_a2_SRF,103,0.999661561,0.981212746,54.60069444,0.188981153,0.999999983
zfp_p_16_so4_a2_SRF,104,0.99981986,0.987706977,54.29506655,0.044273611,0.99999998
zfp_p_16_so4_a2_SRF,105,0.999735531,0.987706977,53.45232928,0.08095906,0.99999998
zfp_p_16_so4_a2_SRF,106,0.999706025,0.988607252,54.40176505,0.115479348,0.999999982
zfp_p_16_so4_a2_SRF,107,0.999372457,0.989458959,54.77792245,0.277004576,0.99999998
zfp_p_16_so4_a2_SRF,108,0.99977389,0.977210288,53.96412037,0.152767375,0.999999981
zfp_p_16_so4_a2_SRF,109,0.999917557,0.983593835,54.3041088,0.192989395,0.99999998
zfp_p_16_so4_a2_SRF,110,0.999627094,0.987706977,54.38006366,0.115366647,0.999999975
zfp_p_16_so4_a2_SRF,111,0.999837422,0.989458959,54.82313368,0.309825735,0.999999979
zfp_p_16_so4_a2_SRF,112,0.999454584,0.991022216,54.50303819,0.35035686,0.999999982
zfp_p_16_so4_a2_SRF,113,0.999773821,0.983593835,54.1937934,0.080180602,0.999999979
zfp_p_16_so4_a2_SRF,114,0.999809931,0.982431307,54.61335359,0.039156237,0.999999977
zfp_p_16_so4_a2_SRF,115,0.999725843,0.979937068,55.53204572,0.034176592,0.999999982
zfp_p_16_so4_a2_SRF,116,0.999901984,0.982431307,55.58991609,0.049031688,0.999999977
zfp_p_16_so4_a2_SRF,117,0.999601271,0.974243371,55.09801794,0.139920405,0.999999978
zfp_p_16_so4_a2_SRF,118,0.999781636,0.979937068,54.67484086,0.260569448,0.999999978
zfp_p_16_so4_a2_SRF,119,0.999775215,0.981212746,54.52654803,0.071478115,0.999999978
zfp_p_16_so4_a2_SRF,120,0.999835034,0.978603241,54.19198495,0.049787804,0.999999979
zfp_p_16_so4_a2_SRF,121,0.9995066,0.987706977,54.01114005,0.044024465,0.99999998
zfp_p_16_so4_a2_SRF,122,0.999790789,0.993038273,54.22634549,0.124555301,0.999999976
zfp_p_16_so4_a2_SRF,123,0.999807108,0.982431307,54.06720197,0.054685794,0.999999978
zfp_p_16_so4_a2_SRF,124,0.999782918,0.999931277,53.87912326,0.114819338,0.999999975
zfp_p_16_so4_a2_SRF,125,0.999833575,0.983593835,54.00390625,0.076165129,0.999999976
zfp_p_16_so4_a2_SRF,126,0.999737344,0.983593835,53.59700521,0.074629186,0.999999982
zfp_p_16_so4_a2_SRF,127,0.999757307,0.987706977,53.92795139,0.039739087,0.999999979
zfp_p_16_so4_a2_SRF,128,0.999840953,0.986756786,55.02387153,0.099243523,0.999999977
zfp_p_16_so4_a2_SRF,129,0.999802275,0.990263477,54.54463252,0.181637397,0.999999976
zfp_p_16_so4_a2_SRF,130,0.999798206,0.985755371,54.87196181,0.201994171,0.999999979
zfp_p_16_so4_a2_SRF,131,0.999812192,0.981212746,55.078125,0.331560306,0.999999977
zfp_p_16_so4_a2_SRF,132,0.99981497,0.990263477,54.6802662,0.249644978,0.999999977
zfp_p_16_so4_a2_SRF,133,0.9996847,0.982431307,54.51931424,0.078687756,0.999999972
zfp_p_16_so4_a2_SRF,134,0.999366777,0.975757287,54.54824942,0.215083716,0.999999977
zfp_p_16_so4_a2_SRF,135,0.999918015,0.988607252,54.48133681,0.046257487,0.999999982
zfp_p_16_so4_a2_SRF,136,0.999872991,0.990263477,54.62420428,0.183565595,0.999999979
zfp_p_16_so4_a2_SRF,137,0.999791196,0.986756786,55.2806713,0.095413872,0.999999977
zfp_p_16_so4_a2_SRF,138,0.99852656,0.994180369,55.28971354,0.117321798,0.999999978
zfp_p_16_so4_a2_SRF,139,0.99975839,0.999015527,55.02025463,0.156145947,0.999999983
zfp_p_16_so4_a2_SRF,140,0.999809801,0.991022216,55.28428819,1.270785697,0.999999981
zfp_p_16_so4_a2_SRF,141,0.999711429,0.989458959,55.38194444,0.202477159,0.99999998
zfp_p_16_so4_a2_SRF,142,0.99977711,0.986756786,54.69292535,0.114596082,0.999999979
zfp_p_16_so4_a2_SRF,143,0.999684878,0.984701462,54.99131944,0.529057325,0.999999979
zfp_p_16_so4_a2_SRF,144,0.999706354,0.985755371,55.52662037,0.361875183,0.999999979
zfp_p_16_so4_a2_SRF,145,0.999783554,0.985755371,55.44343171,0.205375272,0.999999978
zfp_p_16_so4_a2_SRF,146,0.999955087,0.990263477,56.06011285,0.254047028,0.999999979
zfp_p_16_so4_a2_SRF,147,0.999854757,0.991022216,56.19212963,0.266428531,0.99999998
zfp_p_16_so4_a2_SRF,148,0.999897009,0.9675633,55.54832176,0.058947556,0.999999976
zfp_p_16_so4_a2_SRF,149,0.999753915,0.990263477,56.42180266,0.188514091,0.999999971
zfp_p_16_so4_a2_SRF,150,0.999822261,0.986756786,55.43077257,0.159911114,0.999999974
zfp_p_16_so4_a2_SRF,151,0.99988621,1,55.83767361,0.370588816,0.999999981
zfp_p_16_so4_a2_SRF,152,0.999705214,0.988607252,55.38917824,0.262472433,0.999999978
zfp_p_16_so4_a2_SRF,153,0.999801293,0.977210288,54.94068287,0.069740134,0.999999978
zfp_p_16_so4_a2_SRF,154,0.999536206,1,55.7635272,0.234025797,0.999999977
zfp_p_16_so4_a2_SRF,155,0.999566638,0.999746353,55.53747106,0.330705547,0.999999981
zfp_p_16_so4_a2_SRF,156,0.999833564,0.991022216,54.9822772,0.624721022,0.999999977
zfp_p_16_so4_a2_SRF,157,0.999536479,0.990263477,55.84309896,4.196362313,0.999999978
zfp_p_16_so4_a2_SRF,158,0.999822401,0.981212746,55.3692853,1.025185294,0.999999979
zfp_p_16_so4_a2_SRF,159,0.999697148,0.983593835,55.23003472,2.236821828,0.999999979
zfp_p_16_so4_a2_SRF,160,0.999667057,0.948734288,54.63867188,0.549045189,0.999999981
zfp_p_16_so4_a2_SRF,161,0.999739799,0.985755371,55.31503183,1.089589567,0.999999981
zfp_p_16_so4_a2_SRF,162,0.99972827,0.979937068,55.36024306,5.851774733,0.999999978
zfp_p_16_so4_a2_SRF,163,0.99972341,0.985755371,54.78515625,0.09734112,0.999999979
zfp_p_16_so4_a2_SRF,164,0.999643915,0.989458959,55.43077257,0.61459697,0.999999975
zfp_p_16_so4_a2_SRF,165,0.999924088,0.990263477,55.70927373,0.230854302,0.999999977
zfp_p_16_so4_a2_SRF,166,0.999843355,0.983593835,56.2463831,1,0.999999975
zfp_p_16_so4_a2_SRF,167,0.999540039,0.989458959,55.67672164,0.268431635,0.999999979
zfp_p_16_so4_a2_SRF,168,0.999755253,0.991736617,55.61523438,0.150911839,0.999999979
zfp_p_16_so4_a2_SRF,169,0.999687509,0.991736617,56.08723958,1.398205019,0.99999998
zfp_p_16_so4_a2_SRF,170,0.999870797,0.979937068,55.93894676,0.620800455,0.999999979
zfp_p_16_so4_a2_SRF,171,0.99985733,0.984701462,56.03298611,8.212192379,0.999999979
zfp_p_16_so4_a2_SRF,172,0.999741169,0.984701462,54.75983796,0.103113305,0.999999979
zfp_p_16_so4_a2_SRF,173,0.99990682,0.981212746,54.73090278,1.252527622,0.999999979
zfp_p_16_so4_a2_SRF,174,0.999510961,0.989458959,55.32769097,0.114909918,0.999999975
zfp_p_16_so4_a2_SRF,175,0.999900268,0.9675633,55.63874421,1.895014168,0.999999982
zfp_p_16_so4_a2_SRF,176,0.999706308,0.990263477,55.64055266,0.201938967,0.999999977
zfp_p_16_so4_a2_SRF,177,0.999678444,0.988607252,55.80873843,0.193381877,0.999999979
zfp_p_16_so4_a2_SRF,178,0.999862654,0.987706977,56.26808449,1.642910441,0.999999977
zfp_p_16_so4_a2_SRF,179,0.999812351,0.981212746,56.08543113,0.223904352,0.999999978
zfp_p_16_so4_a2_SRF,180,0.999678317,0.985755371,55.53566262,0.310239735,0.99999998
zfp_p_16_so4_a2_SRF,181,0.999597592,0.986756786,56.729239,0.331300081,0.999999981
zfp_p_16_so4_a2_SRF,182,0.999824529,1,55.92447917,1.558843577,0.99999998
zfp_p_16_so4_a2_SRF,183,0.999774909,0.99991585,55.32045718,0.594774718,0.99999998
zfp_p_16_so4_a2_SRF,184,0.999872656,0.988607252,55.21737558,0.674426056,0.999999979
zfp_p_16_so4_a2_SRF,185,0.999705979,0.990263477,55.4615162,0.204666951,0.999999978
zfp_p_16_so4_a2_SRF,186,0.999540493,0.990263477,55.33130787,7.245784327,0.999999983
zfp_p_16_so4_a2_SRF,187,0.999127931,0.989458959,55.19748264,0.156882957,0.999999983
zfp_p_16_so4_a2_SRF,188,0.999859591,0.988607252,55.51034433,0.417299283,0.999999981
zfp_p_16_so4_a2_SRF,189,0.999448759,0.992408142,55.98054109,0.84910923,0.999999977
zfp_p_16_so4_a2_SRF,190,0.999588977,0.990263477,55.91724537,2.013126417,0.999999983
zfp_p_16_so4_a2_SRF,191,0.999601112,0.985755371,57.47974537,1.694220616,0.999999982
zfp_p_16_so4_a2_SRF,192,0.999676931,0.985755371,57.01497396,0.926684763,0.999999979
zfp_p_16_so4_a2_SRF,193,0.999849587,0.990263477,56.90827546,2.337537914,0.999999977
zfp_p_16_so4_a2_SRF,194,0.999277127,0.986756786,55.5754485,0.508450932,0.999999974
zfp_p_16_so4_a2_SRF,195,0.999675597,0.978603241,55.23365162,0.142826446,0.999999981
zfp_p_16_so4_a2_SRF,196,0.999720509,1,55.39460359,0.318744969,0.999999972
zfp_p_16_so4_a2_SRF,197,0.99982747,1,55.63512731,0.107027662,0.999999977
zfp_p_16_so4_a2_SRF,198,0.999842395,0.972667733,55.58449074,1.160240534,0.999999981
zfp_p_16_so4_a2_SRF,199,0.999849364,1,56.10170718,0.262694363,0.999999984
zfp_p_16_so4_a2_SRF,200,0.999723855,0.999647351,56.17404514,1.372860917,0.999999981
zfp_p_16_so4_a2_SRF,201,0.999591033,0.989458959,56.36574074,0.133472092,0.999999977
zfp_p_16_so4_a2_SRF,202,0.999448881,0.984701462,56.58275463,0.048487102,0.999999979
zfp_p_16_so4_a2_SRF,203,0.999750142,0.989458959,56.46339699,0.094351275,0.999999976
zfp_p_16_so4_a2_SRF,204,0.999714452,0.977210288,55.5718316,0.059235197,0.999999979
zfp_p_16_so4_a2_SRF,205,0.99960942,1,55.55917245,0.256190005,0.999999978
zfp_p_16_so4_a2_SRF,206,0.999787108,1,54.89366319,0.069518119,0.999999983
zfp_p_16_so4_a2_SRF,207,0.999766585,1,55.07993345,0.037870964,0.999999978
zfp_p_16_so4_a2_SRF,208,0.99980531,0.972667733,54.8828125,0.050030288,0.99999998
zfp_p_16_so4_a2_SRF,209,0.999762404,0.987706977,55.62065972,0.072442444,0.999999983
zfp_p_16_so4_a2_SRF,210,0.999716731,0.975757287,55.6568287,0.106736705,0.999999978
zfp_p_16_so4_a2_SRF,211,0.999892379,0.988607252,56.3458478,0.754509924,0.999999981
zfp_p_16_so4_a2_SRF,212,0.999828233,0.969328356,55.89735243,0.372639021,0.999999979
zfp_p_16_so4_a2_SRF,213,0.999697343,0.975757287,55.79427083,0.151085098,0.999999976
zfp_p_16_so4_a2_SRF,214,0.999686458,0.988607252,55.96788194,0.247163981,0.999999977
zfp_p_16_so4_a2_SRF,215,0.999518014,0.991022216,56.36574074,0.109602092,0.999999977
zfp_p_16_so4_a2_SRF,216,0.999653506,0.991022216,56.57552083,0.671335088,0.999999971
zfp_p_16_so4_a2_SRF,217,0.999785088,0.983593835,55.44704861,0.29995455,0.999999977
zfp_p_16_so4_a2_SRF,218,0.999717405,0.991022216,55.78522859,0.056496638,0.99999998
zfp_p_16_so4_a2_SRF,219,0.999789012,0.987706977,56.04564525,0.129382356,0.999999976
zfp_p_16_so4_a2_SRF,220,0.999807098,1,55.59534144,0.283514888,0.99999998
zfp_p_16_so4_a2_SRF,221,0.999521903,1,55.69842303,0.142356364,0.999999982
zfp_p_16_so4_a2_SRF,222,0.999675721,0.989458959,56.03841146,0.059716172,0.999999978
zfp_p_16_so4_a2_SRF,223,0.999385707,0.989458959,56.23734086,0.362981112,0.999999978
zfp_p_16_so4_a2_SRF,224,0.999141274,0.989458959,56.75998264,0.576531248,0.999999978
zfp_p_16_so4_a2_SRF,225,0.999707097,0.982431307,55.71650752,0.330849324,0.999999969
zfp_p_16_so4_a2_SRF,226,0.99957535,0.988607252,56.3422309,0.125400047,0.999999979
zfp_p_16_so4_a2_SRF,227,0.99951476,0.981212746,55.99681713,0.10411146,0.999999981
zfp_p_16_so4_a2_SRF,228,0.99990603,0.978603241,55.57725694,0.054577584,0.999999978
zfp_p_16_so4_a2_SRF,229,0.999953518,0.984701462,55.17939815,0.321513173,0.99999998
zfp_p_16_so4_a2_SRF,230,0.999487289,0.974243371,55.22641782,0.03963295,0.999999975
zfp_p_16_so4_a2_SRF,231,0.999826345,0.977210288,54.35293692,0.067358357,0.999999975
zfp_p_16_so4_a2_SRF,232,0.999665832,0.978603241,54.84121817,0.130262623,0.999999979
zfp_p_16_so4_a2_SRF,233,0.999646203,0.988607252,54.96419271,0.387760876,0.999999978
zfp_p_16_so4_a2_SRF,234,0.999527536,0.982431307,54.85749421,0.081572697,0.999999983
zfp_p_16_so4_a2_SRF,235,0.99965193,0.984701462,55.62065972,0.249187537,0.999999976
zfp_p_16_so4_a2_SRF,236,0.999594192,0.987706977,55.64416956,0.184152204,0.99999998
zfp_p_16_so4_a2_SRF,237,0.99974943,0.963839623,55.09982639,0.17005913,0.999999981
zfp_p_16_so4_a2_SRF,238,0.999653001,0.985755371,55.05280671,0.054687083,0.99999998
zfp_p_16_so4_a2_SRF,239,0.999691296,0.984701462,56.2536169,0.048721444,0.999999979
zfp_p_16_so4_a2_SRF,240,0.999762779,0.961880053,55.41449653,0.141181022,0.99999998
zfp_p_16_so4_a2_SRF,241,0.999530823,0.984701462,55.97330729,0.131288033,0.999999977
zfp_p_16_so4_a2_SRF,242,0.999626211,0.999999982,55.89011863,0.081430256,0.99999998
zfp_p_16_so4_a2_SRF,243,0.999832721,1,55.24269387,0.061156078,0.999999982
zfp_p_16_so4_a2_SRF,244,0.999777304,0.983593835,56.43084491,0.102722635,0.999999975
zfp_p_16_so4_a2_SRF,245,0.999669482,0.981212746,56.04202836,0.291697725,0.999999977
zfp_p_16_so4_a2_SRF,246,0.999543352,0.988607252,55.81778067,0.217741279,0.999999979
zfp_p_16_so4_a2_SRF,247,0.99950272,0.984701462,55.59353299,0.10978303,0.999999979
zfp_p_16_so4_a2_SRF,248,0.999850018,0.999999999,54.80504919,0.065796918,0.999999981
zfp_p_16_so4_a2_SRF,249,0.999844375,0.985755371,55.84852431,0.2983666,0.999999977
zfp_p_16_so4_a2_SRF,250,0.999784804,0.9988763,55.59895833,0.070419969,0.999999979
zfp_p_16_so4_a2_SRF,251,0.999723175,0.991736617,55.32407407,0.765039583,0.999999981
zfp_p_16_so4_a2_SRF,252,0.999794468,0.989458959,55.11429398,0.054779633,0.999999978
zfp_p_16_so4_a2_SRF,253,0.999447976,0.982431307,55.11067708,0.178891825,0.999999978
zfp_p_16_so4_a2_SRF,254,0.999777122,0.981212746,55.51215278,0.21166561,0.999999971
zfp_p_16_so4_a2_SRF,255,0.999893505,0.9675633,55.32045718,0.061224827,0.999999975
zfp_p_16_so4_a2_SRF,256,0.999718032,0.987706977,55.41449653,0.037912981,0.99999998
zfp_p_16_so4_a2_SRF,257,0.99978094,0.991022216,55.21195023,0.13688103,0.999999978
zfp_p_16_so4_a2_SRF,258,0.999657759,0.982431307,55.62427662,0.050065719,0.999999972
zfp_p_16_so4_a2_SRF,259,0.999830239,0.984701462,55.17216435,0.05377158,0.999999974
zfp_p_16_so4_a2_SRF,260,0.99977428,0.990263477,55.078125,0.048958519,0.999999979
zfp_p_16_so4_a2_SRF,261,0.999681684,0.988607252,54.47771991,0.030143461,0.999999977
zfp_p_16_so4_a2_SRF,262,0.999441966,1,54.79239005,0.099380544,0.99999998
zfp_p_16_so4_a2_SRF,263,0.99970376,1,55.07269965,0.074028758,0.999999976
zfp_p_16_so4_a2_SRF,264,0.999869951,0.991022216,55.16312211,0.061382761,0.999999975
zfp_p_16_so4_a2_SRF,265,0.999774213,0.978603241,56.02756076,0.141192348,0.99999998
zfp_p_16_so4_a2_SRF,266,0.99987152,0.981212746,56.00043403,0.179665873,0.999999977
zfp_p_16_so4_a2_SRF,267,0.9997266,0.971029624,55.51215278,0.099580054,0.999999977
zfp_p_16_so4_a2_SRF,268,0.999758919,0.987706977,55.31322338,0.081912218,0.999999976
zfp_p_16_so4_a2_SRF,269,0.999626435,0.989458959,55.79065394,0.140336408,0.999999977
zfp_p_16_so4_a2_SRF,270,0.99982504,0.982431307,56.13245081,0.176417591,0.999999979
zfp_p_16_so4_a2_SRF,271,0.999790549,0.971029624,55.89554398,0.24991094,0.999999978
zfp_p_16_so4_a2_SRF,272,0.999768476,0.982431307,55.11791088,0.08051362,0.999999972
zfp_p_16_so4_a2_SRF,273,0.999747467,0.95109151,55.70565683,0.134336109,0.999999977
zfp_p_16_so4_a2_SRF,274,0.999738953,0.985755371,56.0619213,0.13391413,0.999999981
zfp_p_16_so4_a2_SRF,275,0.999612132,0.983593835,55.61885127,0.149046124,0.999999979
zfp_p_16_so4_a2_SRF,276,0.999687926,0.991736617,55.04557292,0.058326178,0.99999998
zfp_p_16_so4_a2_SRF,277,0.999616125,0.979937068,54.85026042,0.058295552,0.99999998
zfp_p_16_so4_a2_SRF,278,0.999793555,0.990263477,55.32588252,0.114082977,0.999999981
zfp_p_16_so4_a2_SRF,279,0.999695163,0.977210288,55.28790509,0.055498074,0.99999998
zfp_p_16_so4_a2_SRF,280,0.999579753,0.983593835,55.34396701,0.196285506,0.999999979
zfp_p_16_so4_a2_SRF,281,0.99988401,0.979937068,55.68214699,0.244837706,0.999999978
zfp_p_16_so4_a2_SRF,282,0.999759123,0.985755371,55.24631076,0.088531578,0.999999979
zfp_p_16_so4_a2_SRF,283,0.9998031,0.985755371,55.78161169,0.12407743,0.999999979
zfp_p_16_so4_a2_SRF,284,0.999828613,0.984701462,55.21918403,0.04134177,0.99999998
zfp_p_16_so4_a2_SRF,285,0.999587453,0.986756786,55.29513889,0.068172757,0.999999979
zfp_p_16_so4_a2_SRF,286,0.999702195,1,54.76345486,0.118733188,0.99999998
zfp_p_16_so4_a2_SRF,287,0.999688114,1,55.12152778,0.170515203,0.99999998
zfp_p_16_so4_a2_SRF,288,0.999708997,0.981212746,54.89908854,0.290219627,0.999999979
zfp_p_16_so4_a2_SRF,289,0.999704596,0.988607252,55.68576389,0.733257221,0.99999998
zfp_p_16_so4_a2_SRF,290,0.99988014,0.981212746,55.29333044,0.591836544,0.999999979
zfp_p_16_so4_a2_SRF,291,0.999840525,0.989458959,55.55917245,0.094024114,0.999999979
zfp_p_16_so4_a2_SRF,292,0.999840274,0.985755371,55.04376447,0.496143847,0.999999979
zfp_p_16_so4_a2_SRF,293,0.99970438,0.984701462,55.02748843,0.093424617,0.999999981
zfp_p_16_so4_a2_SRF,294,0.999872136,0.989458959,54.81047454,0.11150526,0.99999998
zfp_p_16_so4_a2_SRF,295,0.999817516,0.987706977,55.11971933,0.113256979,0.999999979
zfp_p_16_so4_a2_SRF,296,0.999840365,0.978603241,55.1848235,3.272001327,0.999999979
zfp_p_16_so4_a2_SRF,297,0.999819613,0.989458959,55.83224826,1.340850778,0.999999979
zfp_p_16_so4_a2_SRF,298,0.999741096,0.984701462,55.56640625,0.22620216,0.999999978
zfp_p_16_so4_a2_SRF,299,0.999793241,0.981212746,55.43258102,0.264856518,0.999999977
zfp_p_16_so4_a2_SRF,300,0.999830569,0.979937068,55.66587095,0.29050287,0.999999979
zfp_p_16_so4_a2_SRF,301,0.999811163,0.991022216,55.15950521,0.071817165,0.999999977
zfp_p_16_so4_a2_SRF,302,0.999790252,0.987706977,54.72728588,0.093571117,0.999999979
zfp_p_16_so4_a2_SRF,303,0.999764813,0.985755371,55.04014757,0.078510268,0.999999978
zfp_p_16_so4_a2_SRF,304,0.999719178,0.984701462,55.14684606,0.179308857,0.99999998
zfp_p_16_so4_a2_SRF,305,0.999693454,0.984701462,54.96057581,0.338012164,0.999999978
zfp_p_16_so4_a2_SRF,306,0.999862367,0.984701462,54.43612558,0.450953,0.999999974
zfp_p_16_so4_a2_SRF,307,0.999838715,0.979937068,54.45421007,0.717767787,0.999999979
zfp_p_16_so4_a2_SRF,308,0.999877476,0.985755371,54.42527488,0.164805952,0.999999978
zfp_p_16_so4_a2_SRF,309,0.99973963,0.988607252,54.7941985,0.093022107,0.999999977
zfp_p_16_so4_a2_SRF,310,0.999753651,0.989458959,55.78161169,0.292121403,0.999999978
zfp_p_16_so4_a2_SRF,311,0.999747788,0.981212746,55.78884549,0.063736611,0.999999978
zfp_p_16_so4_a2_SRF,312,0.999804549,0.981212746,55.23907697,0.162407129,0.999999976
zfp_p_16_so4_a2_SRF,313,0.99981743,0.979937068,55.15950521,0.12606743,0.999999979
zfp_p_16_so4_a2_SRF,314,0.999794172,0.977210288,55.15588831,0.157449883,0.999999974
zfp_p_16_so4_a2_SRF,315,0.999849859,0.994180369,54.63686343,0.084325219,0.999999976
zfp_p_16_so4_a2_SRF,316,0.999463251,0.978603241,54.57718461,0.04761758,0.999999977
zfp_p_16_so4_a2_SRF,317,0.999717089,0.990263477,54.39091435,0.067282744,0.999999981
zfp_p_16_so4_a2_SRF,318,0.999751818,0.988607252,53.86465567,0.205792139,0.999999976
zfp_p_16_so4_a2_SRF,319,0.999762476,0.986756786,53.57892072,0.100916938,0.999999977
zfp_p_16_so4_a2_SRF,320,0.99976082,0.974243371,53.77061632,0.098630377,0.999999976
zfp_p_16_so4_a2_SRF,321,0.999683753,0.984701462,54.0057147,0.346731652,0.999999974
zfp_p_16_so4_a2_SRF,322,0.99954406,0.988607252,53.92433449,0.029198594,0.999999977
zfp_p_16_so4_a2_SRF,323,0.999704905,1,54.05635127,0.036161904,0.999999977
zfp_p_16_so4_a2_SRF,324,0.999839618,1,54.16304977,0.0377831,0.999999977
zfp_p_16_so4_a2_SRF,325,0.999823709,0.978603241,54.21368634,0.072190339,0.999999977
zfp_p_16_so4_a2_SRF,326,0.999792635,0.987706977,54.1051794,0.255404999,0.999999981
zfp_p_16_so4_a2_SRF,327,0.999810153,0.986756786,54.17570891,0.111091843,0.999999977
zfp_p_16_so4_a2_SRF,328,0.999668729,0.983593835,53.7995515,0.197888262,0.999999965
zfp_p_16_so4_a2_SRF,329,0.999821902,0.989458959,54.43612558,0.293912069,0.999999974
zfp_p_16_so4_a2_SRF,330,0.999727815,0.991022216,54.41080729,0.614234901,0.999999978
zfp_p_16_so4_a2_SRF,331,0.999900429,0.978603241,54.06177662,0.65268996,0.999999978
zfp_p_16_so4_a2_SRF,332,0.999804825,0.989458959,54.296875,0.039717683,0.999999977
zfp_p_16_so4_a2_SRF,333,0.999726136,0.986756786,53.82125289,0.031651285,0.999999978
zfp_p_16_so4_a2_SRF,334,0.999830305,0.988607252,54.04188368,0.051721272,0.999999975
zfp_p_16_so4_a2_SRF,335,0.999858993,0.999140398,53.78689236,0.034647596,0.999999976
zfp_p_16_so4_a2_SRF,336,0.999587026,0.997096779,53.77061632,0.079692884,0.999999976
zfp_p_16_so4_a2_SRF,337,0.999702423,0.991022216,53.52828414,0.033607197,0.999999978
zfp_p_16_so4_a2_SRF,338,0.999829413,0.999999838,54.01837384,0.035180475,0.999999978
zfp_p_16_so4_a2_SRF,339,0.999815211,0.986756786,53.87550637,0.197761478,0.999999978
zfp_p_16_so4_a2_SRF,340,0.999849058,0.978603241,53.2280816,0.09082147,0.999999978
zfp_p_16_so4_a2_SRF,341,0.999866036,0.959854801,53.62955729,0.026694009,0.999999976
zfp_p_16_so4_a2_SRF,342,0.99993543,0.987706977,54.10698785,0.072047835,0.999999975
zfp_p_16_so4_a2_SRF,343,0.999801604,0.986756786,54.70920139,0.751136632,0.999999978
zfp_p_16_so4_a2_SRF,344,0.999851454,0.982431307,54.60973669,0.088880846,0.999999979
zfp_p_16_so4_a2_SRF,345,0.999712751,0.979937068,54.03464988,0.301969607,0.999999977
zfp_p_16_so4_a2_SRF,346,0.999674616,0.963839623,53.52466725,0.104972409,0.999999978
zfp_p_16_so4_a2_SRF,347,0.999711804,0.985755371,53.56626157,0.048904446,0.999999981
zfp_p_16_so4_a2_SRF,348,0.999729274,0.990263477,52.98213252,0.093997324,0.999999981
zfp_p_16_so4_a2_SRF,349,0.999867882,0.977210288,53.53370949,0.174820447,0.999999979
zfp_p_16_so4_a2_SRF,350,0.999793605,1,54.09975405,0.064139148,0.999999976
zfp_p_16_so4_a2_SRF,351,0.999839333,0.978603241,53.91890914,0.289567599,0.999999977
zfp_p_16_so4_a2_SRF,352,0.99977393,0.985755371,53.72178819,0.150661007,0.999999979
zfp_p_16_so4_a2_SRF,353,0.999842448,0.993038273,53.03819444,0.247384559,0.999999979
zfp_p_16_so4_a2_SRF,354,0.999821569,0.996034503,53.54998553,0.115983699,0.999999977
zfp_p_16_so4_a2_SRF,355,0.999873894,0.990263477,53.90082465,0.535344288,0.999999977
zfp_p_16_so4_a2_SRF,356,0.999863446,0.985755371,53.94422743,0.181664308,0.999999976
zfp_p_16_so4_a2_SRF,357,0.999763411,0.981212746,53.56626157,0.52272388,0.999999977
zfp_p_16_so4_a2_SRF,358,0.999647237,0.972667733,54.44878472,0.069476948,0.999999979
zfp_p_16_so4_a2_SRF,359,0.999448603,0.985755371,54.2046441,0.113351819,0.99999998
zfp_p_16_so4_a2_SRF,360,0.99947942,0.992408142,53.59157986,0.181410288,0.999999979
zfp_p_16_so4_a2_SRF,361,0.999837384,0.963839623,54.17390046,0.147732962,0.999999976
zfp_p_16_so4_a2_SRF,362,0.999708295,1,54.38187211,0.296572586,0.999999977
zfp_p_16_so4_a2_SRF,363,0.999825782,1,54.07443576,0.130135975,0.999999979
zfp_p_16_so4_a2_SRF,364,0.999832001,0.969328356,53.8104022,0.088300253,0.99999998
zfp_p_16_so4_a2_SRF,365,0.999755351,0.971029624,52.89532697,0.065225904,0.999999979
zfp_p_16_so4_a2_SRF,366,0.999760705,0.978603241,53.44328704,0.048915112,0.999999979
zfp_p_16_so4_a2_SRF,367,0.999832579,0.993628511,53.64221644,0.112639396,0.99999998
zfp_p_16_so4_a2_SRF,368,0.999871943,0.986756786,53.39626736,0.277596368,0.99999998
zfp_p_16_so4_a2_SRF,369,0.999803266,0.999850532,53.97677951,0.497507015,0.99999998
zfp_p_16_so4_a2_SRF,370,0.999801245,0.991736617,53.26967593,0.083417833,0.999999979
zfp_p_16_so4_a2_SRF,371,0.999914955,0.975757287,53.45775463,0.773543153,0.999999979
zfp_p_16_so4_a2_SRF,372,0.999617173,0.987706977,53.04000289,0.871903059,0.999999977
zfp_p_16_so4_a2_SRF,373,0.999870338,0.986756786,52.42151331,0.261174778,0.999999977
zfp_p_16_so4_a2_SRF,374,0.999657706,0.974243371,53.05266204,0.346392591,0.999999977
zfp_p_16_so4_a2_SRF,375,0.999782989,0.979937068,53.58253762,0.133246919,0.999999973
zfp_p_16_so4_a2_SRF,376,0.999690699,0.988607252,53.95146123,0.103601324,0.999999978
zfp_p_16_so4_a2_SRF,377,0.999632079,0.985755371,53.23712384,0.04916238,0.999999979
zfp_p_16_so4_a2_SRF,378,0.999765659,0.989458959,54.0129485,0.077041069,0.999999975
zfp_p_16_so4_a2_SRF,379,0.999837094,0.9976711,52.96585648,0.166081499,0.999999974
zfp_p_16_so4_a2_SRF,380,0.999857702,0.995620909,53.7145544,0.159331891,0.99999998
zfp_p_16_so4_a2_SRF,381,0.999860221,0.991022216,53.42158565,0.071790848,0.999999979
zfp_p_16_so4_a2_SRF,382,0.999862059,0.988607252,53.74348958,0.184242719,0.99999998
zfp_p_16_so4_a2_SRF,383,0.99989402,0.986756786,54.15219907,0.240672339,0.999999978
zfp_p_16_so4_a2_SRF,384,0.999891861,0.985755371,53.47041377,0.177731144,0.999999976
zfp_p_16_so4_a2_SRF,385,0.999913295,0.985755371,54.25708912,0.163050706,0.999999977
zfp_p_16_so4_a2_SRF,386,0.999675818,0.983593835,53.17021123,0.325958705,0.999999978
zfp_p_16_so4_a2_SRF,387,0.999333478,0.991022216,53.6223235,0.075986686,0.999999976
zfp_p_16_so4_a2_SRF,388,0.999730102,0.986756786,54.12145544,0.087589089,0.999999978
zfp_p_16_so4_a2_SRF,389,0.999860546,0.982431307,53.60604745,0.044562635,0.999999978
zfp_p_16_so4_a2_SRF,390,0.999668255,0.975757287,52.98755787,0.065163452,0.99999998
zfp_p_16_so4_a2_SRF,391,0.999879521,0.975757287,53.55179398,0.137107125,0.999999977
zfp_p_16_so4_a2_SRF,392,0.999807725,0.989458959,53.98220486,0.290757795,0.999999977
zfp_p_16_so4_a2_SRF,393,0.999814246,0.986756786,53.06893808,0.106250926,0.999999976
zfp_p_16_so4_a2_SRF,394,0.99957946,0.990263477,54.10337095,0.206573056,0.999999974
zfp_p_16_so4_a2_SRF,395,0.999811961,0.965733891,53.41073495,0.041613834,0.999999972
zfp_p_16_so4_a2_SRF,396,0.999761432,0.989458959,53.27690972,0.09782682,0.999999978
zfp_p_16_so4_a2_SRF,397,0.999853657,0.990263477,52.50289352,0.081513769,0.999999976
zfp_p_16_so4_a2_SRF,398,0.999732586,0.999647351,52.2479022,0.065478273,0.999999978
zfp_p_16_so4_a2_SRF,399,0.999606225,1,53.14850984,0.144535165,0.999999981
zfp_p_16_so4_a2_SRF,400,0.999715125,0.985755371,53.76157407,0.286780379,0.999999979
zfp_p_16_so4_a2_SRF,401,0.999543075,0.988607252,53.515625,0.185913536,0.999999975
zfp_p_16_so4_a2_SRF,402,0.999851612,0.989458959,52.76692708,0.223230013,0.999999977
zfp_p_16_so4_a2_SRF,403,0.999747333,1,53.39084201,0.091545782,0.999999978
zfp_p_16_so4_a2_SRF,404,0.999593033,0.994695369,53.36733218,0.072634923,0.999999974
zfp_p_16_so4_a2_SRF,405,0.999907857,0.985755371,52.96404803,0.315024425,0.999999978
zfp_p_16_so4_a2_SRF,406,0.999883523,0.985755371,53.29680266,0.254677968,0.999999978
zfp_p_16_so4_a2_SRF,407,0.999747869,0.974243371,53.81944444,0.109290605,0.999999975
zfp_p_16_so4_a2_SRF,408,0.9998266,0.989458959,54.04188368,0.096053614,0.999999979
zfp_p_16_so4_a2_SRF,409,0.999773728,0.982431307,54.67303241,0.096221705,0.999999978
zfp_p_16_so4_a2_SRF,410,0.999489127,0.979937068,53.92795139,0.024635642,0.999999978
zfp_p_16_so4_a2_SRF,411,0.999852366,0.984701462,53.25882523,0.045702881,0.999999977
zfp_p_16_so4_a2_SRF,412,0.99985812,0.974243371,53.40711806,0.110588698,0.999999977
zfp_p_16_so4_a2_SRF,413,0.999869554,0.986756786,54.06358507,0.06422632,0.999999977
zfp_p_16_so4_a2_SRF,414,0.999843557,0.981212746,54.03826678,0.252465159,0.999999978
zfp_p_16_so4_a2_SRF,415,0.999840679,0.988607252,53.73263889,0.096409118,0.999999978
zfp_p_16_so4_a2_SRF,416,0.999823228,0.988607252,53.7109375,0.24269676,0.999999976
zfp_p_16_so4_a2_SRF,417,0.999881148,0.990263477,54.37102141,0.106918412,0.999999978
zfp_p_16_so4_a2_SRF,418,0.99971131,0.955606035,54.2932581,0.246478632,0.999999976
zfp_p_16_so4_a2_SRF,419,0.999838339,0.987706977,53.92975984,0.049248774,0.999999977
zfp_p_16_so4_a2_SRF,420,0.999735691,0.995620909,54.05815972,0.076281724,0.999999977
zfp_p_16_so4_a2_SRF,421,0.999750161,0.985755371,54.09613715,0.072620877,0.99999998
zfp_p_16_so4_a2_SRF,422,0.999766352,0.988607252,53.604239,0.040743626,0.999999977
zfp_p_16_so4_a2_SRF,423,0.999891225,0.975757287,54.12145544,0.053993652,0.999999976
zfp_p_16_so4_a2_SRF,424,0.99984241,0.985755371,54.34932002,0.046910872,0.999999978
zfp_p_16_so4_a2_SRF,425,0.999802387,0.979937068,53.90082465,0.061406059,0.999999978
zfp_p_16_so4_a2_SRF,426,0.99976486,0.983593835,54.86834491,0.180628014,0.999999979
zfp_p_16_so4_a2_SRF,427,0.999859027,0.978603241,54.5808015,0.060382247,0.999999981
zfp_p_16_so4_a2_SRF,428,0.999856338,0.985755371,54.78153935,0.276908453,0.999999979
zfp_p_16_so4_a2_SRF,429,0.999866659,0.999999929,54.33304398,0.317085293,0.999999979
zfp_p_16_so4_a2_SRF,430,0.999739755,0.988607252,54.16304977,0.18958515,0.999999978
zfp_p_16_so4_a2_SRF,431,0.999780414,0.984701462,53.9026331,0.058185426,0.99999998
zfp_p_16_so4_a2_SRF,432,0.99974538,0.986756786,53.74168113,0.075758777,0.999999978
zfp_p_16_so4_a2_SRF,433,0.999851607,0.965733891,54.14134838,0.397215804,0.999999979
zfp_p_16_so4_a2_SRF,434,0.999636269,0.985755371,54.296875,0.125719614,0.999999979
zfp_p_16_so4_a2_SRF,435,0.999859002,0.984701462,54.25347222,0.120194682,0.999999978
zfp_p_16_so4_a2_SRF,436,0.999777031,0.979937068,54.56814236,0.042639046,0.999999979
zfp_p_16_so4_a2_SRF,437,0.999755167,0.989458959,54.32581019,0.029612696,0.999999978
zfp_p_16_so4_a2_SRF,438,0.999681656,0.985755371,53.56626157,0.084047164,0.999999981
zfp_p_16_so4_a2_SRF,439,0.999848725,0.983593835,53.96954572,0.04605391,0.999999979
zfp_p_16_so4_a2_SRF,440,0.999925237,0.991736617,54.51931424,0.086856604,0.999999979
zfp_p_16_so4_a2_SRF,441,0.99972885,0.972667733,53.85742188,0.042535582,0.999999981
zfp_p_16_so4_a2_SRF,442,0.99920884,0.982431307,54.0943287,0.05279779,0.999999977
zfp_p_16_so4_a2_SRF,443,0.999700408,0.977210288,53.98401331,0.031252859,0.999999973
zfp_p_16_so4_a2_SRF,444,0.999716541,0.987706977,53.68742766,0.148286967,0.999999977
zfp_p_16_so4_a2_SRF,445,0.999733021,0.971029624,54.21911169,0.065147356,0.999999978
zfp_p_16_so4_a2_SRF,446,0.999756387,0.978603241,53.994864,0.029335487,0.99999998
zfp_p_16_so4_a2_SRF,447,0.999866294,0.977210288,53.31488715,0.026378344,0.999999981
zfp_p_16_so4_a2_SRF,448,0.999761138,0.978603241,53.65487558,0.076914125,0.999999978
zfp_p_16_so4_a2_SRF,449,0.999790038,0.985755371,53.79231771,0.043017291,0.999999977
zfp_p_16_so4_a2_SRF,450,0.999763989,0.988607252,53.63859954,0.374012094,0.999999979
zfp_p_16_so4_a2_SRF,451,0.99967974,0.989458959,53.30584491,0.046305405,0.999999977
zfp_p_16_so4_a2_SRF,452,0.999815582,0.985755371,53.38541667,0.181837313,0.999999981
zfp_p_16_so4_a2_SRF,453,0.999775558,0.972667733,53.57349537,0.096082726,0.999999977
zfp_p_16_so4_a2_SRF,454,0.99954781,0.991022216,53.74891493,0.036187115,0.999999981
zfp_p_16_so4_a2_SRF,455,0.999574461,0.986756786,53.77242477,0.062457468,0.99999998
zfp_p_16_so4_a2_SRF,456,0.999818766,0.959854801,54.05092593,0.138430411,0.999999978
zfp_p_16_so4_a2_SRF,457,0.999669527,0.990263477,53.51743345,0.13637478,0.999999979
zfp_p_16_so4_a2_SRF,458,0.999703706,0.972667733,53.80497685,0.032869197,0.999999977
zfp_p_16_so4_a2_SRF,459,0.999845165,0.985755371,53.77423322,0.100823399,0.99999998
zfp_p_16_so4_a2_SRF,460,0.999804077,0.990263477,53.33839699,0.026488357,0.99999998
zfp_p_16_so4_a2_SRF,461,0.999469189,0.969328356,54.12145544,0.08108746,0.999999981
zfp_p_16_so4_a2_SRF,462,0.999797407,0.983593835,54.08528646,0.082124685,0.99999998
zfp_p_16_so4_a2_SRF,463,0.99987239,0.987706977,54.47410301,0.027127584,0.999999978
zfp_p_16_so4_a2_SRF,464,0.999706714,0.991022216,53.72178819,0.243336234,0.999999979
zfp_p_16_so4_a2_SRF,465,0.999562011,0.974243371,54.26251447,0.073131411,0.999999979
zfp_p_16_so4_a2_SRF,466,0.999688231,0.993628511,54.6802662,0.091507961,0.999999979
zfp_p_16_so4_a2_SRF,467,0.999861427,0.985755371,54.63505498,0.158377499,0.999999981
zfp_p_16_so4_a2_SRF,468,0.999784262,0.991022216,54.24623843,0.652614844,0.999999979
zfp_p_16_so4_a2_SRF,469,0.999837897,0.978603241,54.06720197,0.117541933,0.99999998
zfp_p_16_so4_a2_SRF,470,0.999829365,0.985755371,54.43612558,0.039261144,0.99999998
zfp_p_16_so4_a2_SRF,471,0.99982917,0.977210288,54.06720197,0.090630029,0.99999998
zfp_p_16_so4_a2_SRF,472,0.999676895,0.972667733,54.29506655,0.070274914,0.999999979
zfp_p_16_so4_a2_SRF,473,0.999693135,0.969328356,54.35836227,0.066404504,0.999999979
zfp_p_16_so4_a2_SRF,474,0.999780457,0.987706977,53.93699363,0.066581949,0.999999977
zfp_p_16_so4_a2_SRF,475,0.999570434,0.984701462,54.55005787,0.100662121,0.999999979
zfp_p_16_so4_a2_SRF,476,0.999805918,0.985755371,54.07986111,0.281193229,0.999999981
zfp_p_16_so4_a2_SRF,477,0.999818791,0.988607252,54.43250868,0.375421009,0.999999979
zfp_p_16_so4_a2_SRF,478,0.999607915,0.985755371,53.84657118,0.093552449,0.999999976
zfp_p_16_so4_a2_SRF,479,0.99968906,0.979937068,54.00028935,0.036534307,0.999999977
zfp_p_16_so4_a2_SRF,480,0.999585965,0.987706977,54.53378183,0.110043659,0.999999977
zfp_p_16_so4_a2_SRF,481,0.999793376,0.986756786,54.52835648,0.100033751,0.999999978
zfp_p_16_so4_a2_SRF,482,0.999664644,0.990263477,53.49934896,0.314274674,0.999999979
zfp_p_16_so4_a2_SRF,483,0.999467537,0.987706977,53.94061053,0.553841526,0.999999982
zfp_p_16_so4_a2_SRF,484,0.999812491,0.983593835,54.32038484,0.299089235,0.999999982
zfp_p_16_so4_a2_SRF,485,0.999704011,0.975757287,54.23538773,0.213925705,0.99999998
zfp_p_16_so4_a2_SRF,486,0.999851716,0.985755371,54.42527488,0.094204228,0.999999981
zfp_p_16_so4_a2_SRF,487,0.999679403,0.987706977,54.2010272,0.254825244,0.999999978
zfp_p_16_so4_a2_SRF,488,0.999678197,0.982431307,54.66579861,0.063080893,0.999999979
zfp_p_16_so4_a2_SRF,489,0.999574522,0.989458959,54.58984375,0.092460854,0.999999974
zfp_p_16_so4_a2_SRF,490,0.999384289,0.997096779,53.87188947,0.059361263,0.999999974
zfp_p_16_so4_a2_SRF,491,0.999514275,0.998550067,54.08890336,0.068384484,0.999999978
zfp_p_16_so4_a2_SRF,492,0.999654984,1,54.01837384,0.097483607,0.99999998
zfp_p_16_so4_a2_SRF,493,0.999758619,0.991022216,54.17209201,0.076344552,0.999999979
zfp_p_16_so4_a2_SRF,494,0.999617062,0.990263477,53.91167535,0.155202024,0.999999976
zfp_p_16_so4_a2_SRF,495,0.999513235,0.988607252,54.68930845,0.136485298,0.999999978
zfp_p_16_so4_a2_SRF,496,0.999530654,0.989458959,55.45247396,0.376717192,0.999999978
zfp_p_16_so4_a2_SRF,497,0.999800098,0.984701462,55.04918981,0.114936702,0.999999977
zfp_p_16_so4_a2_SRF,498,0.999895323,0.991022216,54.17209201,1.981769682,0.99999998
zfp_p_16_so4_a2_SRF,499,0.999823988,0.984701462,53.97858796,2.906921341,0.999999981
zfp_p_16_so4_a2_SRF,500,0.999881371,0.972667733,55.38375289,0.142047145,0.999999978
zfp_p_16_so4_a2_SRF,501,0.999833944,0.987706977,55.22822627,4.025868238,0.999999981
zfp_p_16_so4_a2_SRF,502,0.999676918,0.989458959,55.57725694,0.439856537,0.999999979
zfp_p_16_so4_a2_SRF,503,0.999165152,0.991022216,55.59534144,0.398694665,0.999999978
zfp_p_16_so4_a2_SRF,504,0.999794819,0.991736617,55.59714988,0.15955715,0.999999978
zfp_p_16_so4_a2_SRF,505,0.999232766,0.978603241,55.66948785,4.330316488,0.999999976
zfp_p_16_so4_a2_SRF,506,0.999731709,0.981212746,55.21737558,0.103738128,0.999999979
zfp_p_16_so4_a2_SRF,507,0.999857004,0.988607252,54.98046875,2.010041405,0.999999976
zfp_p_16_so4_a2_SRF,508,0.999844064,0.983593835,55.51034433,2.193501975,0.999999979
zfp_p_16_so4_a2_SRF,509,0.99986989,0.985755371,55.65140336,0.427224449,0.999999979
zfp_p_16_so4_a2_SRF,510,0.999695066,0.986756786,55.26801215,0.227734815,0.999999978
zfp_p_16_so4_a2_SRF,511,0.999132885,0.969328356,55.39641204,0.071610336,0.999999979
zfp_p_16_so4_a2_SRF,512,0.999736058,0.985755371,55.92086227,1.596197191,0.999999981
zfp_p_16_so4_a2_SRF,513,0.999405697,0.990263477,55.40002894,0.162529076,0.99999998
zfp_p_16_so4_a2_SRF,514,0.999728753,0.984701462,56.16861979,1.190912994,0.999999976
zfp_p_16_so4_a2_SRF,515,0.999732601,0.990263477,55.60438368,0.070975044,0.999999976
zfp_p_16_so4_a2_SRF,516,0.999842179,0.975757287,55.71831597,0.276764502,0.999999977
zfp_p_16_so4_a2_SRF,517,0.999802758,0.979937068,55.69842303,0.642988753,0.999999978
zfp_p_16_so4_a2_SRF,518,0.999605632,0.985755371,55.76171875,0.085258281,0.999999981
zfp_p_16_so4_a2_SRF,519,0.999762579,0.987706977,55.57906539,0.051811243,0.99999998
zfp_p_16_so4_a2_SRF,520,0.999858128,0.991736617,55.99139178,0.069495818,0.999999977
zfp_p_16_so4_a2_SRF,521,0.99977694,0.986756786,55.55917245,0.079661041,0.999999975
zfp_p_16_so4_a2_SRF,522,0.999587746,0.994695369,56.25180845,0.532048557,0.999999979
zfp_p_16_so4_a2_SRF,523,0.999649937,0.983593835,55.92628762,0.348558361,0.999999976
zfp_p_16_so4_a2_SRF,524,0.999419197,0.9675633,55.75086806,0.903043638,0.999999977
zfp_p_16_so4_a2_SRF,525,0.999761728,0.990263477,55.41811343,4.365890925,0.999999979
zfp_p_16_so4_a2_SRF,526,0.999686831,0.987706977,54.49761285,0.358774306,0.999999978
zfp_p_16_so4_a2_SRF,527,0.999824381,0.991022216,55.13057002,0.320674344,0.999999979
zfp_p_16_so4_a2_SRF,528,0.999812109,0.983593835,54.3963397,0.102148668,0.999999978
zfp_p_16_so4_a2_SRF,529,0.99963524,0.981212746,55.18301505,0.042020336,0.999999977
zfp_p_16_so4_a2_SRF,530,0.999885356,1,55.06365741,0.062381285,0.999999977
zfp_p_16_so4_a2_SRF,531,0.999836353,0.978603241,55.69480613,0.101926148,0.999999976
zfp_p_16_so4_a2_SRF,532,0.99962012,0.988607252,56.11074942,0.208824624,0.999999978
zfp_p_16_so4_a2_SRF,533,0.999858036,0.972667733,56.4489294,0.527334292,0.999999978
zfp_p_16_so4_a2_SRF,534,0.999776166,0.979937068,56.48328993,0.067036621,0.999999978
zfp_p_16_so4_a2_SRF,535,0.999809883,0.981212746,55.58810764,0.175027082,0.999999977
zfp_p_16_so4_a2_SRF,536,0.999867313,0.981212746,55.6676794,0.187736622,0.999999977
zfp_p_16_so4_a2_SRF,537,0.99988914,0.984701462,55.77256944,0.646049021,0.999999973
zfp_p_16_so4_a2_SRF,538,0.999669686,0.984701462,55.97692419,0.133828621,0.99999998
zfp_p_16_so4_a2_SRF,539,0.999816102,0.981212746,55.79607928,0.150389595,0.999999979
zfp_p_16_so4_a2_SRF,540,0.999602775,0.984701462,55.35481771,0.035046078,0.999999979
zfp_p_16_so4_a2_SRF,541,0.999415345,0.991022216,54.93525752,0.023153485,0.999999982
zfp_p_16_so4_a2_SRF,542,0.999757952,1,56.0510706,0.049417058,0.99999998
zfp_p_16_so4_a2_SRF,543,0.999895047,0.991022216,55.97149884,0.08320062,0.999999977
zfp_p_16_so4_a2_SRF,544,0.999730704,0.991736617,55.90639468,0.111397294,0.999999976
zfp_p_16_so4_a2_SRF,545,0.999761379,0.985755371,56.55381944,0.12073588,0.999999977
zfp_p_16_so4_a2_SRF,546,0.999676941,0.986756786,56.83774595,1.398060697,0.999999975
zfp_p_16_so4_a2_SRF,547,0.999763834,0.984701462,56.38201678,0.120440943,0.999999973
zfp_p_16_so4_a2_SRF,548,0.999611199,0.991022216,55.61523438,0.332116705,0.999999978
zfp_p_16_so4_a2_SRF,549,0.999203836,0.983593835,55.44162326,1.495819342,0.999999981
zfp_p_16_so4_a2_SRF,550,0.999896945,0.978603241,54.66399016,0.11539165,0.99999998
zfp_p_16_so4_a2_SRF,551,0.999738931,0.990263477,55.47055845,2.331727821,0.999999979
zfp_p_16_so4_a2_SRF,552,0.999681975,0.991022216,55.33854167,0.152279802,0.99999998
zfp_p_16_so4_a2_SRF,553,0.999645598,0.979937068,55.79065394,0.115886925,0.999999977
zfp_p_16_so4_a2_SRF,554,0.999962442,0.991022216,56.3530816,1.131142653,0.999999978
zfp_p_16_so4_a2_SRF,555,0.999789,0.991022216,55.70927373,0.091236402,0.999999976
zfp_p_16_so4_a2_SRF,556,0.999686725,0.983593835,55.85756655,2.324233109,0.999999977
zfp_p_16_so4_a2_SRF,557,0.999827153,0.989458959,56.38020833,0.139282445,0.999999977
zfp_p_16_so4_a2_SRF,558,0.999662503,0.984701462,56.85402199,4.245080894,0.999999975
zfp_p_16_so4_a2_SRF,559,0.999810186,0.989458959,56.1505353,0.239555358,0.999999977
zfp_p_16_so4_a2_SRF,560,0.999751803,0.981212746,56.00585938,4.030032278,0.99999998
zfp_p_16_so4_a2_SRF,561,0.999892107,0.991022216,55.67491319,0.129390075,0.999999982
zfp_p_16_so4_a2_SRF,562,0.999625944,0.986756786,55.83948206,0.06081836,0.99999998
zfp_p_16_so4_a2_SRF,563,0.999788794,0.969328356,56.3422309,0.402527325,0.99999998
zfp_p_16_so4_a2_SRF,564,0.999887316,0.991022216,56.52850116,4.262122862,0.999999976
zfp_p_16_so4_a2_SRF,565,0.99973469,0.986756786,56.7473235,0.197666553,0.999999979
zfp_p_16_so4_a2_SRF,566,0.999471452,0.982431307,57.09273727,0.338337238,0.999999978
zfp_p_16_so4_a2_SRF,567,0.999753067,0.983593835,56.51403356,2.416822278,0.999999979
zfp_p_16_so4_a2_SRF,568,0.999697667,0.985755371,56.85763889,0.140021475,0.999999977
zfp_p_16_so4_a2_SRF,569,0.999652048,0.985755371,56.52488426,0.086617249,0.999999973
zfp_p_16_so4_a2_SRF,570,0.99971536,0.986756786,55.99862558,0.056858798,0.999999979
zfp_p_16_so4_a2_SRF,571,0.999672576,0.990263477,55.32949942,0.257043414,0.999999981
zfp_p_16_so4_a2_SRF,572,0.999765242,0.988607252,54.95334201,0.236069114,0.999999977
zfp_p_16_so4_a2_SRF,573,0.999697861,0.977210288,55.80150463,0.065721716,0.999999975
zfp_p_16_so4_a2_SRF,574,0.999698494,0.985755371,56.11255787,0.174002025,0.999999977
zfp_p_16_so4_a2_SRF,575,0.999665646,0.991022216,55.84309896,0.141382223,0.99999998
zfp_p_16_so4_a2_SRF,576,0.999841145,0.990263477,55.30237269,0.132947902,0.999999978
zfp_p_16_so4_a2_SRF,577,0.999556964,0.990263477,56.09809028,0.153785625,0.999999968
zfp_p_16_so4_a2_SRF,578,0.999971242,0.988607252,55.97149884,0.048802806,0.999999976
zfp_p_16_so4_a2_SRF,579,0.999667108,0.982431307,55.70746528,0.082939931,0.999999981
zfp_p_16_so4_a2_SRF,580,0.999868969,0.974243371,55.57364005,0.245894448,0.99999998
zfp_p_16_so4_a2_SRF,581,0.999748479,0.99872155,55.76171875,0.049068324,0.99999998
zfp_p_16_so4_a2_SRF,582,0.999569437,0.997922462,56.42541956,0.264234235,0.99999998
zfp_p_16_so4_a2_SRF,583,0.999678048,0.988607252,56.0619213,0.124242793,0.999999977
zfp_p_16_so4_a2_SRF,584,0.999838886,0.991022216,55.71469907,0.09151281,0.999999981
zfp_p_16_so4_a2_SRF,585,0.999846306,0.979937068,56.1433015,1.897373066,0.999999981
zfp_p_16_so4_a2_SRF,586,0.999817547,0.974243371,55.76895255,0.275901891,0.999999982
zfp_p_16_so4_a2_SRF,587,0.999647263,0.983593835,56.65690104,0.624167925,0.999999978
zfp_p_16_so4_a2_SRF,588,0.999634377,0.990263477,55.97873264,0.067359319,0.999999969
zfp_p_16_so4_a2_SRF,589,0.999693701,0.988607252,55.74001736,0.048464302,0.999999972
zfp_p_16_so4_a2_SRF,590,0.99947542,0.990263477,56.12160012,0.295020789,0.999999977
zfp_p_16_so4_a2_SRF,591,0.999828096,0.987706977,55.59353299,1.22169396,0.999999979
zfp_p_16_so4_a2_SRF,592,0.999591455,0.981212746,55.41811343,0.037451238,0.999999977
zfp_p_16_so4_a2_SRF,593,0.99963125,0.987706977,55.13237847,0.051962205,0.999999977
zfp_p_16_so4_a2_SRF,594,0.999601871,0.974243371,54.72547743,0.03199088,0.999999977
zfp_p_16_so4_a2_SRF,595,0.999765723,0.972667733,54.85206887,0.051765696,0.99999998
zfp_p_16_so4_a2_SRF,596,0.999376766,0.965733891,54.89908854,0.141055166,0.99999998
zfp_p_16_so4_a2_SRF,597,0.999599115,0.991022216,55.13599537,0.086207005,0.999999978
zfp_p_16_so4_a2_SRF,598,0.999879277,0.965733891,55.54651331,0.245560275,0.999999981
zfp_p_16_so4_a2_SRF,599,0.999850596,0.984701462,54.85930266,0.075405959,0.999999979
zfp_p_16_so4_a2_SRF,600,0.999611459,0.977210288,55.30779803,0.173189434,0.999999979
zfp_p_16_so4_a2_SRF,601,0.999774992,0.977210288,55.99681713,0.13889909,0.999999979
zfp_p_16_so4_a2_SRF,602,0.999892361,0.989458959,56.19212963,0.379923447,0.999999976
zfp_p_16_so4_a2_SRF,603,0.999869659,0.988607252,56.10532407,0.040527504,0.99999997
zfp_p_16_so4_a2_SRF,604,0.99982324,0.990263477,55.65863715,0.062125937,0.999999978
zfp_p_16_so4_a2_SRF,605,0.999412971,0.988607252,55.80512153,0.066917174,0.99999998
zfp_p_16_so4_a2_SRF,606,0.999571062,0.990263477,55.9660735,0.556949029,0.999999978
zfp_p_16_so4_a2_SRF,607,0.999849135,0.978603241,55.88288484,5.538856236,0.999999977
zfp_p_16_so4_a2_SRF,608,0.999814101,0.981212746,55.87926794,0.536737465,0.999999975
zfp_p_16_so4_a2_SRF,609,0.99979195,0.987706977,56.06734664,0.512720224,0.999999973
zfp_p_16_so4_a2_SRF,610,0.999501616,0.991022216,56.0583044,0.033280439,0.999999979
zfp_p_16_so4_a2_SRF,611,0.999843959,0.978603241,55.6568287,0.167094001,0.999999979
zfp_p_16_so4_a2_SRF,612,0.999798992,0.988607252,54.85930266,0.041838738,0.999999978
zfp_p_16_so4_a2_SRF,613,0.999859935,0.982431307,54.85930266,0.098672072,0.999999979
zfp_p_16_so4_a2_SRF,614,0.999564592,1,54.45421007,0.272947661,0.99999998
zfp_p_16_so4_a2_SRF,615,0.999770221,1,54.62601273,0.12949537,0.999999974
zfp_p_16_so4_a2_SRF,616,0.999573412,1,54.32761863,0.070598707,0.999999979
zfp_p_16_so4_a2_SRF,617,0.999863337,0.984701462,54.33304398,0.067733155,0.999999978
zfp_p_16_so4_a2_SRF,618,0.999841839,0.999700262,54.84664352,0.059807038,0.999999978
zfp_p_16_so4_a2_SRF,619,0.999744969,0.998151838,55.64055266,0.227492486,0.999999977
zfp_p_16_so4_a2_SRF,620,0.999819981,0.986756786,55.36747685,0.076633512,0.999999981
zfp_p_16_so4_a2_SRF,621,0.999723681,0.988607252,56.6478588,0.036791951,0.999999976
zfp_p_16_so4_a2_SRF,622,0.999497013,0.991022216,56.4380787,0.170970213,0.999999982
zfp_p_16_so4_a2_SRF,623,0.999744177,0.972667733,55.63151042,0.025677099,0.99999998
zfp_p_16_so4_a2_SRF,624,0.999326743,0.985755371,55.43619792,0.040825347,0.999999977
zfp_p_16_so4_a2_SRF,625,0.999704444,0.975757287,55.37109375,0.047170783,0.999999977
zfp_p_16_so4_a2_SRF,626,0.999699897,0.985755371,55.38194444,0.107747543,0.999999977
zfp_p_16_so4_a2_SRF,627,0.999819534,0.988607252,55.34577546,0.063982246,0.999999979
zfp_p_16_so4_a2_SRF,628,0.999816347,0.991736617,55.10163484,0.075113365,0.999999981
zfp_p_16_so4_a2_SRF,629,0.999606935,0.971029624,55.94979745,0.104932076,0.999999982
zfp_p_16_so4_a2_SRF,630,0.999729745,0.979937068,55.60619213,0.050386763,0.999999979
zfp_p_16_so4_a2_SRF,631,0.999701817,0.983593835,55.30598958,0.09059519,0.999999979
zfp_p_16_so4_a2_SRF,632,0.999791167,0.990263477,54.83760127,0.201334752,0.99999998
zfp_p_16_so4_a2_SRF,633,0.999396975,0.982431307,54.72186053,0.169583752,0.999999978
zfp_p_16_so4_a2_SRF,634,0.999748208,0.991022216,54.6947338,0.21247582,0.99999998
zfp_p_16_so4_a2_SRF,635,0.999742205,0.985755371,55.35662616,0.090538708,0.999999979
zfp_p_16_so4_a2_SRF,636,0.999745838,0.988607252,55.39279514,0.216310741,0.999999979
zfp_p_16_so4_a2_SRF,637,0.99978883,0.990263477,55.1739728,0.14686282,0.999999979
zfp_p_16_so4_a2_SRF,638,0.999503126,0.989458959,55.25173611,0.090224311,0.99999998
zfp_p_16_so4_a2_SRF,639,0.999711286,0.997096779,55.02567998,0.27155046,0.999999975
zfp_p_16_so4_a2_SRF,640,0.999813841,0.990263477,55.79788773,0.059855063,0.999999981
zfp_p_16_so4_a2_SRF,641,0.999279071,0.986756786,55.45970775,1.688769677,0.99999998
zfp_p_16_so4_a2_SRF,642,0.999723302,0.978603241,55.28247975,0.04223578,0.999999979
zfp_p_16_so4_a2_SRF,643,0.999799721,0.974243371,54.76164641,0.042152731,0.999999976
zfp_p_16_so4_a2_SRF,644,0.999701875,0.986756786,55.21195023,0.052972314,0.999999979
zfp_p_16_so4_a2_SRF,645,0.999588598,0.972667733,54.5808015,0.053129998,0.999999975
zfp_p_16_so4_a2_SRF,646,0.999672549,0.999991714,55.3692853,0.090414709,0.999999975
zfp_p_16_so4_a2_SRF,647,0.999741512,1,55.04918981,0.227422898,0.999999981
zfp_p_16_so4_a2_SRF,648,0.999798443,0.990263477,54.71643519,0.161835106,0.999999979
zfp_p_16_so4_a2_SRF,649,0.999730392,0.982431307,54.63143808,0.043307732,0.99999998
zfp_p_16_so4_a2_SRF,650,0.999744604,0.975757287,54.82494213,0.060541032,0.999999979
zfp_p_16_so4_a2_SRF,651,0.999884609,0.978603241,54.84845197,0.045184623,0.99999998
zfp_p_16_so4_a2_SRF,652,0.99974561,0.985755371,53.95869502,0.048671389,0.999999981
zfp_p_16_so4_a2_SRF,653,0.999680532,0.985755371,55.06908275,0.043578319,0.999999982
zfp_p_16_so4_a2_SRF,654,0.999434587,0.988607252,55.00759549,0.067273854,0.999999978
zfp_p_16_so4_a2_SRF,655,0.999850552,0.979937068,54.99855324,0.137656966,0.999999981
zfp_p_16_so4_a2_SRF,656,0.999805696,0.991022216,55.11248553,0.364579233,0.999999981
zfp_p_16_so4_a2_SRF,657,0.999780716,0.991022216,55.39460359,1.328104987,0.999999983
zfp_p_16_so4_a2_SRF,658,0.999711809,0.989458959,55.58810764,2.644834129,0.999999981
zfp_p_16_so4_a2_SRF,659,0.999893733,0.991022216,55.97330729,1.987683479,0.999999977
zfp_p_16_so4_a2_SRF,660,0.999689619,0.989458959,55.70023148,0.468677004,0.999999981
zfp_p_16_so4_a2_SRF,661,0.999704458,0.991736617,55.97149884,0.075518525,0.999999977
zfp_p_16_so4_a2_SRF,662,0.99972568,0.984701462,55.08355035,0.155942345,0.99999998
zfp_p_16_so4_a2_SRF,663,0.999823293,0.984701462,54.5808015,0.058094639,0.999999977
zfp_p_16_so4_a2_SRF,664,0.999423048,0.981212746,54.18113426,0.037786355,0.999999978
zfp_p_16_so4_a2_SRF,665,0.999921879,0.977210288,54.4994213,0.053437285,0.999999976
zfp_p_16_so4_a2_SRF,666,0.999774331,0.987706977,54.68207465,0.19696799,0.99999998
zfp_p_16_so4_a2_SRF,667,0.99972867,0.974243371,55.04738137,0.068705983,0.999999972
zfp_p_16_so4_a2_SRF,668,0.999782089,0.990263477,54.50122975,0.247096245,0.999999976
zfp_p_16_so4_a2_SRF,669,0.999775132,0.986756786,54.24262153,0.038452335,0.999999976
zfp_p_16_so4_a2_SRF,670,0.999936998,0.987706977,54.24081308,0.13662458,0.999999978
zfp_p_16_so4_a2_SRF,671,0.999845313,0.984701462,54.36921296,0.051760932,0.999999977
zfp_p_16_so4_a2_SRF,672,0.999622375,0.978603241,54.54824942,0.048914904,0.999999979
zfp_p_16_so4_a2_SRF,673,0.999493684,0.975757287,54.36559606,0.067516668,0.99999998
zfp_p_16_so4_a2_SRF,674,0.999923598,0.983593835,54.53559028,0.045662312,0.999999976
zfp_p_16_so4_a2_SRF,675,0.999687942,0.989458959,54.79239005,0.058932834,0.999999979
zfp_p_16_so4_a2_SRF,676,0.999735109,0.989458959,54.57356771,0.256261561,0.99999998
zfp_p_16_so4_a2_SRF,677,0.999780531,0.986756786,55.06908275,0.150440514,0.99999998
zfp_p_16_so4_a2_SRF,678,0.999818384,0.972667733,54.72186053,0.178139778,0.999999981
zfp_p_16_so4_a2_SRF,679,0.999746631,0.986756786,54.05273438,0.097636387,0.999999977
zfp_p_16_so4_a2_SRF,680,0.999779873,1,54.52293113,0.169078445,0.999999979
zfp_p_16_so4_a2_SRF,681,0.999728978,0.981212746,54.93706597,0.352804824,0.999999976
zfp_p_16_so4_a2_SRF,682,0.999785608,0.996034503,54.62782118,0.903780176,0.999999972
zfp_p_16_so4_a2_SRF,683,0.999745907,0.983593835,54.54282407,0.442266511,0.999999976
zfp_p_16_so4_a2_SRF,684,0.99976884,0.988607252,54.23900463,0.195850768,0.999999975
zfp_p_16_so4_a2_SRF,685,0.999729661,0.988607252,53.85923032,0.145366528,0.999999975
zfp_p_16_so4_a2_SRF,686,0.999681513,0.985755371,54.44516782,0.937017186,0.999999977
zfp_p_16_so4_a2_SRF,687,0.999628197,0.975757287,54.39091435,0.209241633,0.999999978
zfp_p_16_so4_a2_SRF,688,0.999710191,0.986756786,54.78153935,0.3522442,0.999999979
zfp_p_16_so4_a2_SRF,689,0.999924136,0.988607252,54.45601852,0.599546282,0.99999998
zfp_p_16_so4_a2_SRF,690,0.999908,0.988607252,54.98046875,0.468646796,0.99999998
zfp_p_16_so4_a2_SRF,691,0.999826102,0.983593835,55.27886285,0.472967274,0.999999979
zfp_p_16_so4_a2_SRF,692,0.999789611,0.995620909,54.81589988,0.309826955,0.999999978
zfp_p_16_so4_a2_SRF,693,0.999562821,0.985755371,54.51750579,0.142352644,0.999999975
zfp_p_16_so4_a2_SRF,694,0.99966705,0.985755371,54.21368634,0.61207912,0.999999977
zfp_p_16_so4_a2_SRF,695,0.999887885,0.992408142,55.43981481,0.076058591,0.999999979
zfp_p_16_so4_a2_SRF,696,0.999793887,0.984701462,54.80324074,0.050878578,0.999999979
zfp_p_16_so4_a2_SRF,697,0.999826651,0.988607252,54.58260995,0.126544399,0.99999998
zfp_p_16_so4_a2_SRF,698,0.999862464,0.989458959,54.21368634,0.273830628,0.999999976
zfp_p_16_so4_a2_SRF,699,0.999825902,0.988607252,54.18294271,0.096745218,0.999999978
zfp_p_16_so4_a2_SRF,700,0.999749837,0.986756786,53.87731481,0.125118958,0.999999975
zfp_p_16_so4_a2_SRF,701,0.99974138,0.996034503,53.86284722,0.123767479,0.999999978
zfp_p_16_so4_a2_SRF,702,0.999924115,0.972667733,54.16847512,0.270136412,0.999999978
zfp_p_16_so4_a2_SRF,703,0.99966643,0.977210288,53.90444155,0.022532831,0.999999978
zfp_p_16_so4_a2_SRF,704,0.999875929,0.988607252,53.5083912,0.080652402,0.999999983
zfp_p_16_so4_a2_SRF,705,0.999907652,0.991022216,54.23177083,0.104955043,0.999999977
zfp_p_16_so4_a2_SRF,706,0.999820555,0.999517971,53.47583912,0.79111545,0.999999976
zfp_p_16_so4_a2_SRF,707,0.999737997,1,53.86284722,0.071775885,0.999999977
zfp_p_16_so4_a2_SRF,708,0.999817191,0.978603241,53.85923032,0.367087833,0.999999978
zfp_p_16_so4_a2_SRF,709,0.999762493,0.984701462,54.25528067,0.138774117,0.999999976
zfp_p_16_so4_a2_SRF,710,0.999812704,0.982431307,53.87369792,0.070662394,0.999999977
zfp_p_16_so4_a2_SRF,711,0.999730454,0.987706977,53.64221644,0.131326245,0.999999975
zfp_p_16_so4_a2_SRF,712,0.999635631,0.985755371,54.33123553,0.055119445,0.999999975
zfp_p_16_so4_a2_SRF,713,0.999933512,0.979937068,53.45052083,0.430148878,0.999999976
zfp_p_16_so4_a2_SRF,714,0.999763744,0.997396348,53.01468461,0.346981386,0.999999974
zfp_p_16_so4_a2_SRF,715,0.999875656,0.990263477,53.94784433,0.090504239,0.999999977
zfp_p_16_so4_a2_SRF,716,0.999721808,1,53.38179977,0.050249138,0.999999976
zfp_p_16_so4_a2_SRF,717,0.999850647,1,53.48668981,0.02952517,0.999999979
zfp_p_16_so4_a2_SRF,718,0.999864749,0.999999971,53.65125868,0.086101743,0.999999979
zfp_p_16_so4_a2_SRF,719,0.999696216,0.985755371,53.19010417,0.037483656,0.999999977
zfp_p_16_so4_a2_SRF,720,0.999902443,0.991022216,53.50477431,0.146185206,0.999999978
zfp_p_16_so4_a2_SRF,721,0.999811913,0.982431307,52.82841435,0.118545051,0.999999979
zfp_p_16_so4_a2_SRF,722,0.999754033,0.981212746,53.18829572,0.049764417,0.999999979
zfp_p_16_so4_a2_SRF,723,0.999563019,0.984701462,53.36009838,0.274479416,0.99999998
zfp_p_16_so4_a2_SRF,724,0.999801886,0.992408142,52.83926505,0.054727269,0.999999978
zfp_p_16_so4_a2_SRF,725,0.999703735,0.981212746,53.48849826,0.029509953,0.999999977
zfp_p_16_so4_a2_SRF,726,0.999556145,0.993038273,53.30041956,0.082118783,0.999999977
zfp_p_16_so4_a2_SRF,727,0.999849033,0.987706977,53.05085359,0.078508707,0.999999979
zfp_p_16_so4_a2_SRF,728,0.999838784,0.971029624,52.66746238,0.078882908,0.999999979
zfp_p_16_so4_a2_SRF,729,0.999826844,0.979937068,53.33116319,0.110817094,0.999999978
zfp_p_18_so4_a2_SRF,0,0.999950264,0.971029624,12.80924479,0.674488466,0.999999999
zfp_p_18_so4_a2_SRF,1,0.999960342,0.999999982,8.982566551,0.023078318,0.999999999
zfp_p_18_so4_a2_SRF,2,0.999939592,0.984701462,8.617259838,0.018689053,0.999999999
zfp_p_18_so4_a2_SRF,3,0.999965101,0.986756786,9.083839699,0.030495309,0.999999999
zfp_p_18_so4_a2_SRF,4,0.999983668,0.982431307,9.141710069,0.017598367,0.999999999
zfp_p_18_so4_a2_SRF,5,0.999985854,0.983593835,9.754774306,0.040538066,0.999999998
zfp_p_18_so4_a2_SRF,6,0.999919908,0.971029624,9.651692708,0.034658917,0.999999999
zfp_p_18_so4_a2_SRF,7,0.999961314,0.989458959,9.998914931,0.04698568,0.999999999
zfp_p_18_so4_a2_SRF,8,0.99999062,0.991736617,9.689670139,0.136130466,0.999999999
zfp_p_18_so4_a2_SRF,9,0.999963937,0.984701462,10.01880787,0.122002069,0.999999999
zfp_p_18_so4_a2_SRF,10,0.999884865,0.985755371,9.631799769,0.10616919,0.999999999
zfp_p_18_so4_a2_SRF,11,0.999894946,0.986756786,9.481698495,0.051154833,0.999999999
zfp_p_18_so4_a2_SRF,12,0.999886315,0.991022216,8.80895544,0.066984547,0.999999999
zfp_p_18_so4_a2_SRF,13,0.99995052,1,8.921079282,0.041482234,0.999999999
zfp_p_18_so4_a2_SRF,14,0.999837168,0.999015527,9.487123843,0.009173212,0.999999998
zfp_p_18_so4_a2_SRF,15,0.999960113,0.974243371,9.525101273,0.056393514,0.999999998
zfp_p_18_so4_a2_SRF,16,0.999978001,0.989458959,9.595630787,0.022580275,0.999999999
zfp_p_18_so4_a2_SRF,17,0.999932719,0.990263477,10.23943866,0.042573414,0.999999999
zfp_p_18_so4_a2_SRF,18,0.999908278,1,9.380425347,0.016476354,0.999999998
zfp_p_18_so4_a2_SRF,19,0.999788727,1,9.474464699,0.030839024,0.999999999
zfp_p_18_so4_a2_SRF,20,0.999914227,0.989458959,9.040436921,0.020335354,0.999999999
zfp_p_18_so4_a2_SRF,21,0.999936803,0.983593835,9.071180556,0.009684307,0.999999999
zfp_p_18_so4_a2_SRF,22,0.999977583,0.983593835,9.123625579,0.013501253,0.999999999
zfp_p_18_so4_a2_SRF,23,0.99982579,0.990263477,9.496166088,0.009003746,0.999999999
zfp_p_18_so4_a2_SRF,24,0.999967554,0.999999996,9.347873264,0.034124556,0.999999999
zfp_p_18_so4_a2_SRF,25,0.999912196,0.975757287,8.447265625,0.012795633,0.999999999
zfp_p_18_so4_a2_SRF,26,0.99997584,0.989458959,8.255570023,0.011499353,0.999999999
zfp_p_18_so4_a2_SRF,27,0.999965501,0.987706977,8.016854745,0.00671,0.999999999
zfp_p_18_so4_a2_SRF,28,0.999912491,0.987706977,7.67505787,0.010634483,0.999999999
zfp_p_18_so4_a2_SRF,29,0.999976207,0.987706977,8.494285301,0.00945487,0.999999999
zfp_p_18_so4_a2_SRF,30,0.999953095,0.988607252,8.798104745,0.006211863,0.999999999
zfp_p_18_so4_a2_SRF,31,0.999975424,0.987706977,8.865017361,0.024400034,0.999999999
zfp_p_18_so4_a2_SRF,32,0.999903974,0.986756786,8.921079282,0.023931409,0.999999999
zfp_p_18_so4_a2_SRF,33,0.999989732,0.991022216,8.402054398,0.017421965,0.999999999
zfp_p_18_so4_a2_SRF,34,0.999976257,0.991022216,8.685980903,0.020073066,0.999999999
zfp_p_18_so4_a2_SRF,35,0.999999015,0.986756786,9.228515625,0.023316132,0.999999999
zfp_p_18_so4_a2_SRF,36,0.999993862,0.99999976,9.588396991,0.044502975,0.999999999
zfp_p_18_so4_a2_SRF,37,0.999894675,0.987706977,9.573929398,0.016905181,0.999999999
zfp_p_18_so4_a2_SRF,38,0.999981537,0.965733891,9.906684028,0.044991421,0.999999999
zfp_p_18_so4_a2_SRF,39,0.99995924,0.987706977,9.454571759,0.037985836,0.999999999
zfp_p_18_so4_a2_SRF,40,0.999974614,0.971029624,9.23755787,0.012474663,0.999999999
zfp_p_18_so4_a2_SRF,41,0.999817103,0.989458959,9.982638889,0.022063856,0.999999999
zfp_p_18_so4_a2_SRF,42,0.999929193,0.984701462,10.27199074,0.076498749,0.999999998
zfp_p_18_so4_a2_SRF,43,0.999976468,0.987706977,10.07667824,0.131801826,0.999999999
zfp_p_18_so4_a2_SRF,44,0.999937903,0.982431307,10.09837963,0.090445768,0.999999999
zfp_p_18_so4_a2_SRF,45,0.999963897,0.987706977,9.396701389,0.479189494,0.999999999
zfp_p_18_so4_a2_SRF,46,0.999974787,0.972667733,9.86328125,0.026646355,0.999999999
zfp_p_18_so4_a2_SRF,47,0.999990678,0.969328356,10.17252604,0.034800743,0.999999999
zfp_p_18_so4_a2_SRF,48,0.999992264,0.991022216,10.36241319,0.013176389,0.999999999
zfp_p_18_so4_a2_SRF,49,0.999985008,0.991022216,10.2593316,0.030330606,0.999999999
zfp_p_18_so4_a2_SRF,50,0.999973319,0.984701462,9.861472801,0.010505247,0.999999999
zfp_p_18_so4_a2_SRF,51,0.999959804,0.990263477,9.682436343,0.020183173,0.999999999
zfp_p_18_so4_a2_SRF,52,0.999966175,0.991022216,8.928313079,0.015250589,0.999999999
zfp_p_18_so4_a2_SRF,53,0.99997615,0.983593835,8.939163773,0.027755926,0.999999999
zfp_p_18_so4_a2_SRF,54,0.999894505,0.983593835,9.009693287,0.090711492,0.999999999
zfp_p_18_so4_a2_SRF,55,0.999981698,0.994180369,8.948206019,0.01986991,0.999999998
zfp_p_18_so4_a2_SRF,56,0.999969122,0.975757287,8.772786458,0.212707815,0.999999998
zfp_p_18_so4_a2_SRF,57,0.999938799,0.974243371,8.933738426,0.069822116,0.999999999
zfp_p_18_so4_a2_SRF,58,0.999935033,0.991736617,8.991608796,0.030489854,0.999999999
zfp_p_18_so4_a2_SRF,59,0.999968923,0.982431307,9.655309606,0.020171992,0.999999999
zfp_p_18_so4_a2_SRF,60,0.999964287,0.991736617,10.53783275,0.014714887,0.999999999
zfp_p_18_so4_a2_SRF,61,0.99994904,0.971029624,11.13462095,0.026863524,0.999999999
zfp_p_18_so4_a2_SRF,62,0.999988346,0.988607252,11.19068287,0.05639056,0.999999999
zfp_p_18_so4_a2_SRF,63,0.999914033,0.977210288,11.56141493,0.009709273,0.999999999
zfp_p_18_so4_a2_SRF,64,0.99999065,0.991736617,10.74761285,0.013406219,0.999999999
zfp_p_18_so4_a2_SRF,65,0.999964911,0.990263477,10.70421007,0.020899467,0.999999998
zfp_p_18_so4_a2_SRF,66,0.999970853,0.957763548,9.796368634,0.013941474,0.999999999
zfp_p_18_so4_a2_SRF,67,0.999902828,0.965733891,10.10018808,0.707787025,0.999999999
zfp_p_18_so4_a2_SRF,68,0.999938341,0.977210288,9.881365741,0.042143035,0.999999999
zfp_p_18_so4_a2_SRF,69,0.999958593,0.987706977,10.13997396,0.033127992,0.999999999
zfp_p_18_so4_a2_SRF,70,0.999963762,0.986756786,9.84338831,0.066710242,0.999999999
zfp_p_18_so4_a2_SRF,71,0.999990528,0.988607252,9.758391204,0.041454735,0.999999999
zfp_p_18_so4_a2_SRF,72,0.999976764,0.974243371,9.349681713,0.013454935,0.999999999
zfp_p_18_so4_a2_SRF,73,0.99995873,0.978603241,9.651692708,0.070446943,0.999999999
zfp_p_18_so4_a2_SRF,74,0.999957055,0.984701462,9.695095486,0.012133593,0.999999999
zfp_p_18_so4_a2_SRF,75,0.999982965,0.987706977,9.615523727,0.017709731,0.999999999
zfp_p_18_so4_a2_SRF,76,0.99997541,0.986756786,9.123625579,0.013483238,0.999999999
zfp_p_18_so4_a2_SRF,77,0.999973349,0.979937068,9.165219907,0.015695276,0.999999999
zfp_p_18_so4_a2_SRF,78,0.999829888,0.985755371,9.412977431,0.015745508,0.999999999
zfp_p_18_so4_a2_SRF,79,0.999998825,0.963839623,10.07486979,0.020326723,0.999999999
zfp_p_18_so4_a2_SRF,80,0.999983354,0.983593835,9.532335069,0.013930303,0.999999999
zfp_p_18_so4_a2_SRF,81,0.999978171,0.991736617,9.481698495,0.094519694,0.999999999
zfp_p_18_so4_a2_SRF,82,0.999933847,0.982431307,9.783709491,0.018656645,0.999999999
zfp_p_18_so4_a2_SRF,83,0.999998973,0.989458959,9.217664931,0.033916526,0.999999999
zfp_p_18_so4_a2_SRF,84,0.999969292,0.983593835,9.382233796,0.01351612,0.999999999
zfp_p_18_so4_a2_SRF,85,0.999975885,0.982431307,9.246600116,0.013089029,0.999999999
zfp_p_18_so4_a2_SRF,86,0.999934085,0.979937068,9.396701389,0.014932154,0.999999999
zfp_p_18_so4_a2_SRF,87,0.999947539,0.987706977,9.762008102,0.017219823,0.999999999
zfp_p_18_so4_a2_SRF,88,0.999964,0.988607252,9.588396991,0.007406963,0.999999999
zfp_p_18_so4_a2_SRF,89,0.999846898,0.977210288,9.673394097,0.085539043,0.999999999
zfp_p_18_so4_a2_SRF,90,0.999930454,0.985755371,10.01519097,0.012218194,0.999999999
zfp_p_18_so4_a2_SRF,91,0.999933547,0.974243371,9.94104456,0.017708262,0.999999999
zfp_p_18_so4_a2_SRF,92,0.999875376,0.975757287,10.60655382,0.010723767,0.999999999
zfp_p_18_so4_a2_SRF,93,0.999745943,0.984701462,10.12369792,0.045950424,0.999999998
zfp_p_18_so4_a2_SRF,94,0.999928745,0.989458959,9.402126736,0.011346167,0.999999999
zfp_p_18_so4_a2_SRF,95,0.999863866,0.990263477,9.373191551,0.075518462,0.999999999
zfp_p_18_so4_a2_SRF,96,0.999913337,0.991022216,9.025969329,0.01538884,0.999999999
zfp_p_18_so4_a2_SRF,97,0.999936025,0.986756786,9.10192419,0.013539813,0.999999999
zfp_p_18_so4_a2_SRF,98,0.999969353,0.983593835,9.682436343,0.043804891,0.999999999
zfp_p_18_so4_a2_SRF,99,0.99987194,0.971029624,9.535951968,0.029819654,0.999999999
zfp_p_18_so4_a2_SRF,100,0.999928212,0.986756786,9.481698495,0.056974835,0.999999999
zfp_p_18_so4_a2_SRF,101,0.999797237,0.989458959,9.595630787,0.036381993,0.999999999
zfp_p_18_so4_a2_SRF,102,0.999979387,0.972667733,9.572120949,0.026218003,0.999999999
zfp_p_18_so4_a2_SRF,103,0.999953884,0.969328356,10.36241319,0.081865456,0.999999999
zfp_p_18_so4_a2_SRF,104,0.999967171,0.977210288,9.854239005,0.046216145,0.999999999
zfp_p_18_so4_a2_SRF,105,0.999974553,0.991736617,9.376808449,0.020024956,0.999999999
zfp_p_18_so4_a2_SRF,106,0.999935066,0.978603241,10.13454861,0.069410564,0.999999999
zfp_p_18_so4_a2_SRF,107,0.999781816,0.989458959,10.30092593,0.012973018,0.999999999
zfp_p_18_so4_a2_SRF,108,0.999828428,0.977210288,10.00976563,0.021369748,0.999999999
zfp_p_18_so4_a2_SRF,109,0.999981063,0.986756786,9.977213542,0.423588343,0.999999999
zfp_p_18_so4_a2_SRF,110,0.99987162,0.992408142,10.54868345,0.068558199,0.999999999
zfp_p_18_so4_a2_SRF,111,0.999937798,0.977210288,10.54868345,0.159787851,0.999999999
zfp_p_18_so4_a2_SRF,112,0.999942126,0.988607252,10.60655382,0.039399625,0.999999999
zfp_p_18_so4_a2_SRF,113,0.999981344,0.987706977,10.1634838,0.023055014,0.999999999
zfp_p_18_so4_a2_SRF,114,0.99997732,0.986756786,10.42751736,0.021496966,0.999999999
zfp_p_18_so4_a2_SRF,115,0.999881595,0.957763548,10.76208044,0.019430846,0.999999999
zfp_p_18_so4_a2_SRF,116,0.99999307,0.965733891,10.96824363,0.022615642,0.999999999
zfp_p_18_so4_a2_SRF,117,0.999978252,0.988607252,10.69516782,0.046337009,0.999999999
zfp_p_18_so4_a2_SRF,118,0.999863669,0.984701462,10.01157407,0.024670817,0.999999999
zfp_p_18_so4_a2_SRF,119,0.9999214,0.985755371,9.615523727,0.009600414,0.999999999
zfp_p_18_so4_a2_SRF,120,0.999975533,0.983593835,10.02785012,0.01507781,0.999999999
zfp_p_18_so4_a2_SRF,121,0.999976638,0.982431307,9.74573206,0.007111608,0.999999999
zfp_p_18_so4_a2_SRF,122,0.999997759,0.997096779,9.821686921,0.026881719,0.999999999
zfp_p_18_so4_a2_SRF,123,0.999978877,0.991736617,9.396701389,0.017525125,0.999999999
zfp_p_18_so4_a2_SRF,124,0.999998749,0.999995238,9.443721065,0.02226991,0.999999999
zfp_p_18_so4_a2_SRF,125,0.999861042,0.987706977,9.758391204,0.024711567,0.999999998
zfp_p_18_so4_a2_SRF,126,0.999984029,0.971029624,9.653501157,0.023219697,0.999999999
zfp_p_18_so4_a2_SRF,127,0.999925391,0.989458959,10.06221065,0.023685965,0.999999999
zfp_p_18_so4_a2_SRF,128,0.999917673,0.986756786,10.14178241,0.021544593,0.999999999
zfp_p_18_so4_a2_SRF,129,0.999999495,0.984701462,10.00072338,0.034021358,0.999999998
zfp_p_18_so4_a2_SRF,130,0.999956518,0.963839623,10.90856481,0.070963569,0.999999999
zfp_p_18_so4_a2_SRF,131,0.999936184,0.990263477,10.97547743,0.120199725,0.999999999
zfp_p_18_so4_a2_SRF,132,0.999828859,0.965733891,10.36783854,0.044262374,0.999999999
zfp_p_18_so4_a2_SRF,133,0.999890216,0.984701462,10.09114583,0.034782248,0.999999998
zfp_p_18_so4_a2_SRF,134,0.999927786,0.988607252,10.08572049,0.096243036,0.999999999
zfp_p_18_so4_a2_SRF,135,1,0.987706977,10.38773148,0.008273322,0.999999999
zfp_p_18_so4_a2_SRF,136,0.999968459,0.988607252,10.28826678,0.035284001,0.999999999
zfp_p_18_so4_a2_SRF,137,0.999999037,0.984701462,10.66804109,0.05504878,0.999999999
zfp_p_18_so4_a2_SRF,138,0.999996418,0.998151838,11.2322772,0.035047966,0.999999999
zfp_p_18_so4_a2_SRF,139,0.999999972,0.999999998,10.85611979,0.049016038,0.999999999
zfp_p_18_so4_a2_SRF,140,0.999952209,0.991736617,10.69155093,0.039181539,0.999999999
zfp_p_18_so4_a2_SRF,141,0.999949826,0.978603241,10.43836806,0.060333938,0.999999999
zfp_p_18_so4_a2_SRF,142,0.999972,0.986756786,10.40581597,0.046579774,0.999999999
zfp_p_18_so4_a2_SRF,143,0.999898363,0.982431307,10.4546441,0.10747164,0.999999999
zfp_p_18_so4_a2_SRF,144,0.999986534,0.991022216,10.70782697,0.091341002,0.999999999
zfp_p_18_so4_a2_SRF,145,0.999993506,0.981212746,10.96100984,0.037071778,0.999999999
zfp_p_18_so4_a2_SRF,146,0.999968998,0.978603241,11.7115162,0.070070602,0.999999999
zfp_p_18_so4_a2_SRF,147,0.999987124,0.979937068,11.25036169,0.555840083,0.999999999
zfp_p_18_so4_a2_SRF,148,0.99987649,0.983593835,10.97547743,0.023035348,0.999999998
zfp_p_18_so4_a2_SRF,149,0.999932574,0.991022216,11.630136,0.044939594,0.999999998
zfp_p_18_so4_a2_SRF,150,0.99997663,0.990263477,10.97005208,0.050360948,0.999999998
zfp_p_18_so4_a2_SRF,151,0.999989031,1,10.89409722,0.017173165,0.999999999
zfp_p_18_so4_a2_SRF,152,0.999985744,0.983593835,10.78559028,0.182640067,0.999999999
zfp_p_18_so4_a2_SRF,153,0.999963468,0.974243371,11.026114,0.034606711,0.999999999
zfp_p_18_so4_a2_SRF,154,0.999872339,1,10.90675637,0.393654468,0.999999999
zfp_p_18_so4_a2_SRF,155,0.999925744,0.999999281,11.05143229,0.031970795,0.999999999
zfp_p_18_so4_a2_SRF,156,0.999947597,0.991022216,10.49081308,0.280715292,0.999999998
zfp_p_18_so4_a2_SRF,157,0.99984579,0.981212746,11.19972512,0.689159032,0.999999999
zfp_p_18_so4_a2_SRF,158,0.999966788,0.986756786,11.00260417,0.153186009,0.999999999
zfp_p_18_so4_a2_SRF,159,0.999988483,0.990263477,11.07132523,0.236592548,0.999999999
zfp_p_18_so4_a2_SRF,160,0.999983207,0.991736617,10.56134259,0.331641591,0.999999999
zfp_p_18_so4_a2_SRF,161,0.999879567,0.977210288,11.09845197,0.72634524,0.999999999
zfp_p_18_so4_a2_SRF,162,0.999955495,0.989458959,11.00802951,0.184307095,0.999999999
zfp_p_18_so4_a2_SRF,163,0.999844713,0.991736617,10.61740451,0.044615718,0.999999999
zfp_p_18_so4_a2_SRF,164,0.999976924,0.9675633,11.42216435,0.728190614,0.999999998
zfp_p_18_so4_a2_SRF,165,0.999983084,0.972667733,11.52886285,0.368201748,0.999999998
zfp_p_18_so4_a2_SRF,166,0.999988066,0.986756786,11.52524595,0.330213883,0.999999999
zfp_p_18_so4_a2_SRF,167,0.999862942,0.972667733,11.45109954,0.125223813,0.999999999
zfp_p_18_so4_a2_SRF,168,0.99994564,0.984701462,11.00622106,0.0409462,0.999999999
zfp_p_18_so4_a2_SRF,169,0.999932166,0.981212746,11.78385417,0.267126197,0.999999999
zfp_p_18_so4_a2_SRF,170,0.999985527,0.983593835,12.12384259,0.135645213,0.999999999
zfp_p_18_so4_a2_SRF,171,0.999991447,0.978603241,11.87970197,0.264274035,0.999999999
zfp_p_18_so4_a2_SRF,172,0.999962198,0.985755371,10.47092014,0.074137663,0.999999999
zfp_p_18_so4_a2_SRF,173,0.999989008,0.984701462,10.57038484,0.17819757,0.999999999
zfp_p_18_so4_a2_SRF,174,0.999771538,0.987706977,10.82175926,0.08033544,0.999999998
zfp_p_18_so4_a2_SRF,175,0.999965092,0.991022216,11.01526331,0.701661944,0.999999999
zfp_p_18_so4_a2_SRF,176,0.999908884,0.988607252,10.87058738,0.069699681,0.999999998
zfp_p_18_so4_a2_SRF,177,0.999951321,0.990263477,10.81633391,0.05147936,0.999999999
zfp_p_18_so4_a2_SRF,178,0.999735478,0.990263477,11.46918403,0.030948361,0.999999999
zfp_p_18_so4_a2_SRF,179,0.999807121,0.983593835,11.31004051,0.148805233,0.999999999
zfp_p_18_so4_a2_SRF,180,0.999981584,0.990263477,11.0441985,0.310114547,0.999999999
zfp_p_18_so4_a2_SRF,181,0.999958657,0.982431307,12.26128472,0.206663449,0.999999999
zfp_p_18_so4_a2_SRF,182,0.999949786,1,11.76034433,0.107193614,0.999999999
zfp_p_18_so4_a2_SRF,183,0.999951511,1,11.53609664,0.063125546,0.999999999
zfp_p_18_so4_a2_SRF,184,0.99993718,0.985755371,11.56503183,0.321720951,0.999999999
zfp_p_18_so4_a2_SRF,185,0.999992667,0.991736617,11.43663194,0.075386047,0.999999999
zfp_p_18_so4_a2_SRF,186,0.999968947,0.984701462,11.35344329,0.375421567,0.999999999
zfp_p_18_so4_a2_SRF,187,0.999950891,0.985755371,10.88324653,0.204243693,0.999999999
zfp_p_18_so4_a2_SRF,188,0.999873776,0.977210288,10.74761285,0.039781615,0.999999999
zfp_p_18_so4_a2_SRF,189,0.999998685,0.994180369,11.82725694,0.123865181,0.999999999
zfp_p_18_so4_a2_SRF,190,0.999978531,0.977210288,11.99725116,0.105955863,0.999999999
zfp_p_18_so4_a2_SRF,191,0.99977795,0.991736617,13.18359375,4.352490965,0.999999999
zfp_p_18_so4_a2_SRF,192,0.999955628,0.989458959,12.65914352,0.474270587,0.999999999
zfp_p_18_so4_a2_SRF,193,0.999995044,0.981212746,12.28479456,0.510183294,0.999999999
zfp_p_18_so4_a2_SRF,194,0.99991531,0.990263477,10.89590567,0.148464113,0.999999998
zfp_p_18_so4_a2_SRF,195,0.999742446,0.987706977,10.49262153,0.033319074,0.999999999
zfp_p_18_so4_a2_SRF,196,0.999912869,1,11.04600694,0.055505596,0.999999998
zfp_p_18_so4_a2_SRF,197,0.999997415,1,11.07494213,0.112756735,0.999999999
zfp_p_18_so4_a2_SRF,198,0.999904208,0.957763548,11.27387153,0.799699332,0.999999999
zfp_p_18_so4_a2_SRF,199,0.999996219,1,11.80555556,0.456900635,0.999999999
zfp_p_18_so4_a2_SRF,200,0.999878079,0.99872155,11.96108218,0.238742295,0.999999999
zfp_p_18_so4_a2_SRF,201,0.99997601,0.990263477,11.74768519,0.073669604,0.999999999
zfp_p_18_so4_a2_SRF,202,0.999992479,0.988607252,12.31553819,0.017259305,0.999999999
zfp_p_18_so4_a2_SRF,203,0.999964694,0.983593835,12.08767361,0.032038321,0.999999999
zfp_p_18_so4_a2_SRF,204,0.999968413,0.989458959,10.94835069,0.011333536,0.999999999
zfp_p_18_so4_a2_SRF,205,0.999924953,1,11.239511,0.013039031,0.999999999
zfp_p_18_so4_a2_SRF,206,0.999987267,1,10.40581597,0.028246745,0.999999999
zfp_p_18_so4_a2_SRF,207,0.999999499,1,10.37507234,0.01092908,0.999999999
zfp_p_18_so4_a2_SRF,208,0.999980911,0.985755371,10.59389468,0.072945443,0.999999999
zfp_p_18_so4_a2_SRF,209,0.999976769,0.987706977,10.94835069,0.041837753,0.999999999
zfp_p_18_so4_a2_SRF,210,0.999890033,0.982431307,11.46556713,0.039561118,0.999999999
zfp_p_18_so4_a2_SRF,211,0.999821421,0.984701462,12.04427083,0.058954709,0.999999999
zfp_p_18_so4_a2_SRF,212,0.999948718,0.991736617,11.95565683,0.029695262,0.999999999
zfp_p_18_so4_a2_SRF,213,0.999794248,0.985755371,11.71875,0.029662286,0.999999998
zfp_p_18_so4_a2_SRF,214,0.999890472,0.977210288,12.17447917,0.171143288,0.999999999
zfp_p_18_so4_a2_SRF,215,0.999865096,0.978603241,12.09671586,0.01863596,0.999999999
zfp_p_18_so4_a2_SRF,216,0.999876348,0.977210288,12.12745949,0.044145764,0.999999998
zfp_p_18_so4_a2_SRF,217,0.999989382,0.991736617,11.66630498,0.076084171,0.999999999
zfp_p_18_so4_a2_SRF,218,0.999834378,0.989458959,11.57226563,0.03947139,0.999999999
zfp_p_18_so4_a2_SRF,219,0.99998834,0.979937068,11.79832176,0.009084612,0.999999998
zfp_p_18_so4_a2_SRF,220,0.999872262,1,11.6156684,0.018524785,0.999999999
zfp_p_18_so4_a2_SRF,221,0.999984655,1,11.53790509,0.043328434,0.999999999
zfp_p_18_so4_a2_SRF,222,0.999934163,0.974243371,12.04788773,0.034329515,0.999999999
zfp_p_18_so4_a2_SRF,223,0.999808782,0.983593835,12.24139178,0.032550427,0.999999999
zfp_p_18_so4_a2_SRF,224,0.99999535,0.991022216,12.61754919,0.1112513,0.999999999
zfp_p_18_so4_a2_SRF,225,0.999794014,0.985755371,11.89416956,0.077577159,0.999999998
zfp_p_18_so4_a2_SRF,226,0.999834138,0.975757287,11.97193287,0.022204293,0.999999999
zfp_p_18_so4_a2_SRF,227,0.999984179,0.982431307,11.71332465,0.390711321,0.999999999
zfp_p_18_so4_a2_SRF,228,0.999871478,0.981212746,11.0369647,0.016879922,0.999999999
zfp_p_18_so4_a2_SRF,229,0.999940419,0.984701462,11.2286603,0.044402611,0.999999999
zfp_p_18_so4_a2_SRF,230,0.999984099,0.990263477,10.89771412,0.007611166,0.999999998
zfp_p_18_so4_a2_SRF,231,0.999950439,0.986756786,10.15805845,0.00944539,0.999999999
zfp_p_18_so4_a2_SRF,232,0.999943761,0.991736617,11.11291956,0.023872328,0.999999999
zfp_p_18_so4_a2_SRF,233,0.999980247,0.985755371,11.07132523,0.103149886,0.999999999
zfp_p_18_so4_a2_SRF,234,0.999992771,0.977210288,10.86877894,0.025485004,0.999999999
zfp_p_18_so4_a2_SRF,235,0.999907485,0.983593835,10.98451968,0.067259901,0.999999998
zfp_p_18_so4_a2_SRF,236,0.999997174,0.991022216,11.16717303,0.025244268,0.999999999
zfp_p_18_so4_a2_SRF,237,0.999963082,0.990263477,11.30642361,0.012012821,0.999999999
zfp_p_18_so4_a2_SRF,238,0.999768337,0.985755371,10.9447338,0.014783966,0.999999999
zfp_p_18_so4_a2_SRF,239,0.999903308,0.983593835,11.48003472,0.012267845,0.999999999
zfp_p_18_so4_a2_SRF,240,0.99996255,0.991022216,11.11472801,0.090829484,0.999999999
zfp_p_18_so4_a2_SRF,241,0.999817052,0.986756786,11.73140914,0.036607683,0.999999999
zfp_p_18_so4_a2_SRF,242,0.999983263,1,11.57045718,0.041621459,0.999999999
zfp_p_18_so4_a2_SRF,243,0.999954958,1,10.53421586,0.042731562,0.999999999
zfp_p_18_so4_a2_SRF,244,0.99968616,0.986756786,11.89778646,0.01152528,0.999999999
zfp_p_18_so4_a2_SRF,245,0.999490933,0.978603241,11.52886285,0.031979543,0.999999998
zfp_p_18_so4_a2_SRF,246,0.999983645,0.986756786,11.67715567,0.09684675,0.999999999
zfp_p_18_so4_a2_SRF,247,0.999928556,0.987706977,10.90133102,0.026102635,0.999999999
zfp_p_18_so4_a2_SRF,248,0.999945709,1,10.88143808,0.01883817,0.999999999
zfp_p_18_so4_a2_SRF,249,0.999913409,0.991022216,11.89959491,0.037987808,0.999999999
zfp_p_18_so4_a2_SRF,250,0.999943657,0.997096779,11.37152778,0.071843717,0.999999999
zfp_p_18_so4_a2_SRF,251,0.999888688,0.991022216,11.25036169,0.015429518,0.999999999
zfp_p_18_so4_a2_SRF,252,0.999995982,0.985755371,11.00983796,0.017080385,0.999999999
zfp_p_18_so4_a2_SRF,253,0.999920091,0.982431307,10.80367477,0.046959108,0.999999999
zfp_p_18_so4_a2_SRF,254,0.99995359,0.984701462,11.45471644,0.07703915,0.999999998
zfp_p_18_so4_a2_SRF,255,0.999998675,0.989458959,9.968171296,0.004919237,0.999999998
zfp_p_18_so4_a2_SRF,256,0.999967087,0.982431307,10.61559606,0.013886021,0.999999999
zfp_p_18_so4_a2_SRF,257,0.999935729,0.989458959,10.8452691,0.061889585,0.999999999
zfp_p_18_so4_a2_SRF,258,0.999898207,0.992408142,11.19068287,0.013675335,0.999999998
zfp_p_18_so4_a2_SRF,259,0.999950116,0.971029624,11.21057581,0.014405181,0.999999998
zfp_p_18_so4_a2_SRF,260,0.999904818,0.985755371,10.86154514,0.018116929,0.999999999
zfp_p_18_so4_a2_SRF,261,0.999990713,0.982431307,10.00795718,0.025824112,0.999999999
zfp_p_18_so4_a2_SRF,262,0.999924909,1,10.67889178,0.046194356,0.999999999
zfp_p_18_so4_a2_SRF,263,0.999922083,1,10.9375,0.021185888,0.999999999
zfp_p_18_so4_a2_SRF,264,0.999974722,0.988607252,11.15813079,0.025277873,0.999999998
zfp_p_18_so4_a2_SRF,265,0.999812604,0.981212746,12.16724537,0.028149616,0.999999999
zfp_p_18_so4_a2_SRF,266,0.999901585,0.982431307,11.88874421,0.067339969,0.999999998
zfp_p_18_so4_a2_SRF,267,0.999861131,0.991022216,11.37152778,0.015266258,0.999999999
zfp_p_18_so4_a2_SRF,268,0.999883724,0.978603241,10.83984375,0.027630914,0.999999998
zfp_p_18_so4_a2_SRF,269,0.999961165,0.977210288,11.77662037,0.03545745,0.999999999
zfp_p_18_so4_a2_SRF,270,0.999858687,0.977210288,11.70066551,0.048218401,0.999999999
zfp_p_18_so4_a2_SRF,271,0.999931836,0.982431307,11.17802373,0.039049388,0.999999999
zfp_p_18_so4_a2_SRF,272,0.999856392,0.984701462,10.95739294,0.022046411,0.999999999
zfp_p_18_so4_a2_SRF,273,0.999906844,0.990263477,11.2214265,0.011023876,0.999999999
zfp_p_18_so4_a2_SRF,274,0.999949341,0.990263477,11.88693576,0.024591491,0.999999999
zfp_p_18_so4_a2_SRF,275,0.999862772,0.981212746,11.30823206,0.028182883,0.999999999
zfp_p_18_so4_a2_SRF,276,0.99989502,0.979937068,11.07313368,0.0140695,0.999999999
zfp_p_18_so4_a2_SRF,277,0.999981136,0.965733891,10.98632813,0.032331105,0.999999999
zfp_p_18_so4_a2_SRF,278,0.999938856,0.987706977,11.38057002,0.060714481,0.999999999
zfp_p_18_so4_a2_SRF,279,0.999973876,0.981212746,11.68077257,0.022769712,0.999999999
zfp_p_18_so4_a2_SRF,280,0.999973082,0.975757287,11.53971354,0.022748294,0.999999999
zfp_p_18_so4_a2_SRF,281,0.999969392,0.985755371,11.58854167,0.055308795,0.999999999
zfp_p_18_so4_a2_SRF,282,0.999980352,0.983593835,11.87608507,0.027490403,0.999999999
zfp_p_18_so4_a2_SRF,283,0.999964456,0.979937068,12.1021412,0.034501529,0.999999999
zfp_p_18_so4_a2_SRF,284,0.999993577,0.978603241,11.07494213,0.039999812,0.999999999
zfp_p_18_so4_a2_SRF,285,0.999923794,0.991736617,11.12196181,0.019331535,0.999999999
zfp_p_18_so4_a2_SRF,286,0.999942532,1,11.74768519,0.026251932,0.999999999
zfp_p_18_so4_a2_SRF,287,0.999952907,1,11.89055266,0.02005099,0.999999999
zfp_p_18_so4_a2_SRF,288,0.999954185,0.984701462,11.4275897,0.346239534,0.999999999
zfp_p_18_so4_a2_SRF,289,0.999818068,0.988607252,11.98640046,0.043465802,0.999999999
zfp_p_18_so4_a2_SRF,290,0.999965818,0.991022216,11.55960648,0.122888158,0.999999999
zfp_p_18_so4_a2_SRF,291,0.999993908,0.971029624,11.328125,0.073811934,0.999999999
zfp_p_18_so4_a2_SRF,292,0.999995694,0.987706977,10.90856481,0.34595921,0.999999999
zfp_p_18_so4_a2_SRF,293,0.999956407,0.982431307,11.24131944,0.026559617,0.999999999
zfp_p_18_so4_a2_SRF,294,0.999958309,0.981212746,11.08036748,0.050965463,0.999999999
zfp_p_18_so4_a2_SRF,295,0.999908755,0.987706977,11.44929109,0.048836008,0.999999999
zfp_p_18_so4_a2_SRF,296,0.999943183,0.982431307,11.64098669,0.757262362,0.999999999
zfp_p_18_so4_a2_SRF,297,0.99999516,0.988607252,11.78747106,0.406082201,0.999999999
zfp_p_18_so4_a2_SRF,298,0.999946473,0.991022216,11.93395544,0.083835727,0.999999999
zfp_p_18_so4_a2_SRF,299,0.999929361,0.977210288,11.72417535,0.215277341,0.999999999
zfp_p_18_so4_a2_SRF,300,0.999978042,0.986756786,11.33355035,0.030978102,0.999999999
zfp_p_18_so4_a2_SRF,301,0.999997463,0.985755371,11.26844618,0.016957898,0.999999998
zfp_p_18_so4_a2_SRF,302,0.999922904,0.989458959,10.29730903,0.026030803,0.999999999
zfp_p_18_so4_a2_SRF,303,0.999959977,0.978603241,10.97005208,0.026651519,0.999999999
zfp_p_18_so4_a2_SRF,304,0.999889424,0.990263477,10.9375,0.108402208,0.999999999
zfp_p_18_so4_a2_SRF,305,0.999983078,0.985755371,10.79463252,0.076994339,0.999999999
zfp_p_18_so4_a2_SRF,306,0.999977091,0.984701462,10.37507234,0.093239711,0.999999998
zfp_p_18_so4_a2_SRF,307,0.99998229,0.989458959,10.26837384,0.179762631,0.999999999
zfp_p_18_so4_a2_SRF,308,0.999970548,0.972667733,10.32624421,0.025100168,0.999999999
zfp_p_18_so4_a2_SRF,309,0.999889596,0.984701462,10.92303241,0.052612201,0.999999999
zfp_p_18_so4_a2_SRF,310,0.999935131,0.979937068,11.2358941,0.033835026,0.999999999
zfp_p_18_so4_a2_SRF,311,0.999967034,0.975757287,11.22323495,0.015627642,0.999999999
zfp_p_18_so4_a2_SRF,312,0.999955679,0.983593835,10.79824942,0.039731717,0.999999998
zfp_p_18_so4_a2_SRF,313,0.999973725,0.988607252,10.77835648,0.044118855,0.999999999
zfp_p_18_so4_a2_SRF,314,0.999957082,0.963839623,10.4510272,0.019103442,0.999999998
zfp_p_18_so4_a2_SRF,315,0.999967338,0.999971236,10.23039641,0.021963899,0.999999999
zfp_p_18_so4_a2_SRF,316,0.999995026,0.991736617,10.5504919,0.02547088,0.999999999
zfp_p_18_so4_a2_SRF,317,0.999825494,0.988607252,9.713179977,0.025609264,0.999999999
zfp_p_18_so4_a2_SRF,318,0.999967591,0.987706977,9.792751736,0.070147727,0.999999999
zfp_p_18_so4_a2_SRF,319,0.999965914,0.978603241,9.942853009,0.030676074,0.999999999
zfp_p_18_so4_a2_SRF,320,0.999969483,0.981212746,9.733072917,0.023825235,0.999999999
zfp_p_18_so4_a2_SRF,321,0.999987889,0.983593835,9.915726273,0.025021238,0.999999998
zfp_p_18_so4_a2_SRF,322,0.999870961,0.983593835,9.389467593,0.015405986,0.999999999
zfp_p_18_so4_a2_SRF,323,0.999985028,1,9.975405093,0.012980955,0.999999999
zfp_p_18_so4_a2_SRF,324,0.999942076,1,9.734881366,0.011254206,0.999999999
zfp_p_18_so4_a2_SRF,325,0.999981797,0.996770936,10.06221065,0.016414616,0.999999999
zfp_p_18_so4_a2_SRF,326,0.999952269,0.991022216,10.55953414,0.031039555,0.999999999
zfp_p_18_so4_a2_SRF,327,0.999962,0.979937068,9.892216435,0.026146165,0.999999999
zfp_p_18_so4_a2_SRF,328,0.999949275,0.993628511,10.3587963,0.038574735,0.999999998
zfp_p_18_so4_a2_SRF,329,0.999957659,0.991736617,10.59027778,0.04383926,0.999999998
zfp_p_18_so4_a2_SRF,330,0.999955596,0.979937068,10.69697627,0.146303568,0.999999999
zfp_p_18_so4_a2_SRF,331,0.999976756,0.989458959,10.29730903,0.134326141,0.999999999
zfp_p_18_so4_a2_SRF,332,0.999895727,0.979937068,10.01157407,0.010050435,0.999999999
zfp_p_18_so4_a2_SRF,333,0.999961798,0.975757287,9.559461806,0.006166574,0.999999999
zfp_p_18_so4_a2_SRF,334,0.999946827,0.987706977,9.626374421,0.009759014,0.999999998
zfp_p_18_so4_a2_SRF,335,0.999977859,0.999989208,9.412977431,0.027068148,0.999999999
zfp_p_18_so4_a2_SRF,336,0.999940248,0.997922462,9.333405671,0.058531165,0.999999999
zfp_p_18_so4_a2_SRF,337,0.999976527,0.989458959,9.43287037,0.016382217,0.999999999
zfp_p_18_so4_a2_SRF,338,0.999974406,0.999998063,9.176070602,0.01491396,0.999999999
zfp_p_18_so4_a2_SRF,339,0.999945313,0.979937068,9.246600116,0.037313774,0.999999999
zfp_p_18_so4_a2_SRF,340,0.999970956,0.990263477,8.997034144,0.042618315,0.999999999
zfp_p_18_so4_a2_SRF,341,0.999979881,0.9675633,9.604673032,0.015096003,0.999999999
zfp_p_18_so4_a2_SRF,342,0.999973945,0.987706977,10.32262731,0.035950781,0.999999998
zfp_p_18_so4_a2_SRF,343,0.99994661,0.977210288,10.30273438,0.029429307,0.999999999
zfp_p_18_so4_a2_SRF,344,0.999952982,0.988607252,9.991681134,0.033134434,0.999999999
zfp_p_18_so4_a2_SRF,345,0.999959569,0.9675633,10.02604167,0.08195315,0.999999999
zfp_p_18_so4_a2_SRF,346,0.999954052,0.989458959,9.671585648,0.020214976,0.999999999
zfp_p_18_so4_a2_SRF,347,0.999952857,0.988607252,9.794560185,0.009466357,0.999999999
zfp_p_18_so4_a2_SRF,348,0.999959199,0.984701462,9.62818287,0.030064029,0.999999999
zfp_p_18_so4_a2_SRF,349,0.999982881,0.991022216,9.541377315,0.05248278,0.999999999
zfp_p_18_so4_a2_SRF,350,0.999989181,1,9.684244792,0.01631656,0.999999998
zfp_p_18_so4_a2_SRF,351,0.999962773,0.991022216,9.856047454,0.034234776,0.999999999
zfp_p_18_so4_a2_SRF,352,0.999618241,0.981212746,9.655309606,0.036676206,0.999999999
zfp_p_18_so4_a2_SRF,353,0.999977657,0.999351501,9.599247685,0.057392476,0.999999999
zfp_p_18_so4_a2_SRF,354,0.999988146,0.996770936,9.736689815,0.067631223,0.999999999
zfp_p_18_so4_a2_SRF,355,0.999893399,0.985755371,9.696903935,0.163619718,0.999999999
zfp_p_18_so4_a2_SRF,356,0.99994848,0.979937068,9.488932292,0.054952448,0.999999999
zfp_p_18_so4_a2_SRF,357,0.999989773,0.981212746,9.642650463,0.064931915,0.999999999
zfp_p_18_so4_a2_SRF,358,0.99984673,0.985755371,10.44198495,0.025447326,0.999999999
zfp_p_18_so4_a2_SRF,359,0.999940949,0.987706977,10.01338252,0.113351819,0.999999999
zfp_p_18_so4_a2_SRF,360,0.999981891,0.993038273,9.90306713,0.059487796,0.999999999
zfp_p_18_so4_a2_SRF,361,0.999977897,0.983593835,10.27379919,0.143457312,0.999999999
zfp_p_18_so4_a2_SRF,362,0.999983615,1,10.59027778,0.109969822,0.999999999
zfp_p_18_so4_a2_SRF,363,0.999944783,1,10.23039641,0.034972015,0.999999999
zfp_p_18_so4_a2_SRF,364,0.999977449,0.981212746,9.778284144,0.040690693,0.999999999
zfp_p_18_so4_a2_SRF,365,0.999987537,0.989458959,9.535951968,0.073050787,0.999999999
zfp_p_18_so4_a2_SRF,366,0.999976966,0.987706977,9.582971644,0.051478143,0.999999999
zfp_p_18_so4_a2_SRF,367,0.999976593,0.9976711,9.474464699,0.020206,0.999999999
zfp_p_18_so4_a2_SRF,368,0.999971058,0.989458959,9.349681713,0.026657013,0.999999999
zfp_p_18_so4_a2_SRF,369,0.999971613,1,10.00614873,0.30318896,0.999999999
zfp_p_18_so4_a2_SRF,370,0.999962138,0.9976711,10.01338252,0.046322968,0.999999999
zfp_p_18_so4_a2_SRF,371,0.999982911,0.972667733,9.698712384,0.299839633,0.999999999
zfp_p_18_so4_a2_SRF,372,0.999986204,0.990263477,9.181495949,0.12205447,0.999999999
zfp_p_18_so4_a2_SRF,373,0.999920355,0.982431307,8.765552662,0.010858348,0.999999999
zfp_p_18_so4_a2_SRF,374,0.999983009,0.988607252,8.930121528,0.032924373,0.999999999
zfp_p_18_so4_a2_SRF,375,0.999891734,0.989458959,9.206814236,0.01892541,0.999999998
zfp_p_18_so4_a2_SRF,376,0.999944613,0.986756786,9.485315394,0.015236516,0.999999999
zfp_p_18_so4_a2_SRF,377,0.999899626,0.986756786,9.420211227,0.016227988,0.999999999
zfp_p_18_so4_a2_SRF,378,0.999913722,0.986756786,9.517867477,0.007227988,0.999999998
zfp_p_18_so4_a2_SRF,379,0.999893984,0.999820854,9.21947338,0.082689649,0.999999998
zfp_p_18_so4_a2_SRF,380,0.999970163,0.999700262,9.884982639,0.016444051,0.999999999
zfp_p_18_so4_a2_SRF,381,0.999945677,0.993038273,9.161603009,0.076615012,0.999999999
zfp_p_18_so4_a2_SRF,382,0.999978755,0.989458959,9.507016782,0.074870584,0.999999999
zfp_p_18_so4_a2_SRF,383,0.999987078,0.985755371,9.290002894,0.024174073,0.999999999
zfp_p_18_so4_a2_SRF,384,0.999947155,0.975757287,9.074797454,0.012824906,0.999999999
zfp_p_18_so4_a2_SRF,385,0.999968325,0.991736617,9.496166088,0.040257097,0.999999999
zfp_p_18_so4_a2_SRF,386,0.999956425,0.978603241,8.935546875,0.025214394,0.999999999
zfp_p_18_so4_a2_SRF,387,0.99990445,0.984701462,9.210431134,0.029979162,0.999999998
zfp_p_18_so4_a2_SRF,388,0.999973217,0.991022216,9.747540509,0.011602829,0.999999999
zfp_p_18_so4_a2_SRF,389,0.999990718,0.979937068,9.201388889,0.031771156,0.999999999
zfp_p_18_so4_a2_SRF,390,0.999945355,0.983593835,9.053096065,0.011448045,0.999999999
zfp_p_18_so4_a2_SRF,391,0.999974334,0.974243371,9.501591435,0.010740873,0.999999999
zfp_p_18_so4_a2_SRF,392,0.999950205,0.979937068,9.767433449,0.04416775,0.999999999
zfp_p_18_so4_a2_SRF,393,0.999991082,0.979937068,9.496166088,0.070438007,0.999999999
zfp_p_18_so4_a2_SRF,394,0.999919885,0.979937068,9.827112269,0.220096336,0.999999999
zfp_p_18_so4_a2_SRF,395,0.999949078,0.971029624,8.799913194,0.017800454,0.999999998
zfp_p_18_so4_a2_SRF,396,0.999942382,0.981212746,8.649811921,0.01882463,0.999999999
zfp_p_18_so4_a2_SRF,397,0.999897948,0.991736617,8.427372685,0.092291029,0.999999998
zfp_p_18_so4_a2_SRF,398,0.999864532,0.999875923,8.139829282,0.012202557,0.999999999
zfp_p_18_so4_a2_SRF,399,0.999947479,1,8.877676505,0.010176211,0.999999999
zfp_p_18_so4_a2_SRF,400,0.999946146,0.989458959,9.599247685,0.285016091,0.999999999
zfp_p_18_so4_a2_SRF,401,0.999951946,0.990263477,9.458188657,0.087962095,0.999999999
zfp_p_18_so4_a2_SRF,402,0.999983274,0.989458959,8.57385706,0.041724839,0.999999998
zfp_p_18_so4_a2_SRF,403,0.999997732,1,9.223090278,0.022714609,0.999999999
zfp_p_18_so4_a2_SRF,404,0.999922051,0.998550067,9.733072917,0.025036757,0.999999998
zfp_p_18_so4_a2_SRF,405,0.999894232,0.987706977,9.154369213,0.010448028,0.999999999
zfp_p_18_so4_a2_SRF,406,0.999977152,0.982431307,9.322554977,0.046307779,0.999999999
zfp_p_18_so4_a2_SRF,407,0.999989335,0.983593835,9.988064236,0.053390457,0.999999999
zfp_p_18_so4_a2_SRF,408,0.99995862,0.989458959,10.15625,0.02903655,0.999999999
zfp_p_18_so4_a2_SRF,409,0.99989944,0.972667733,10.08029514,0.023184664,0.999999999
zfp_p_18_so4_a2_SRF,410,0.999989678,0.989458959,9.821686921,0.00797633,0.999999999
zfp_p_18_so4_a2_SRF,411,0.999984037,0.987706977,9.170645255,0.014759456,0.999999999
zfp_p_18_so4_a2_SRF,412,0.999963576,0.981212746,8.984375,0.01506955,0.999999999
zfp_p_18_so4_a2_SRF,413,0.999976061,0.983593835,9.148943866,0.009524671,0.999999999
zfp_p_18_so4_a2_SRF,414,0.999972131,0.986756786,9.613715278,0.030068038,0.999999999
zfp_p_18_so4_a2_SRF,415,0.9999141,0.991736617,9.825303819,0.01139459,0.999999999
zfp_p_18_so4_a2_SRF,416,0.999966564,0.988607252,9.658926505,0.059864562,0.999999999
zfp_p_18_so4_a2_SRF,417,0.999979041,0.990263477,10.17795139,0.017348577,0.999999999
zfp_p_18_so4_a2_SRF,418,0.999970678,0.978603241,9.879557292,0.023213041,0.999999999
zfp_p_18_so4_a2_SRF,419,0.999922003,0.977210288,9.458188657,0.010548809,0.999999999
zfp_p_18_so4_a2_SRF,420,0.99997789,1,9.752965856,0.023662732,0.999999999
zfp_p_18_so4_a2_SRF,421,0.999971038,0.983593835,9.767433449,0.017474071,0.999999999
zfp_p_18_so4_a2_SRF,422,0.999839587,0.981212746,9.848813657,0.013202834,0.999999999
zfp_p_18_so4_a2_SRF,423,0.999961646,0.987706977,10.07667824,0.005683973,0.999999999
zfp_p_18_so4_a2_SRF,424,0.999957752,0.988607252,9.865089699,0.018887356,0.999999999
zfp_p_18_so4_a2_SRF,425,0.999925259,0.983593835,10.20507813,0.031373518,0.999999999
zfp_p_18_so4_a2_SRF,426,0.999980876,0.991022216,11.38237847,0.042797535,0.999999999
zfp_p_18_so4_a2_SRF,427,0.999905086,0.986756786,10.44198495,0.012146419,0.999999999
zfp_p_18_so4_a2_SRF,428,0.999938382,0.989458959,10.76931424,0.098448093,0.999999999
zfp_p_18_so4_a2_SRF,429,0.999984676,1,10.6463397,0.026120606,0.999999999
zfp_p_18_so4_a2_SRF,430,0.999929607,0.988607252,10.27018229,0.054805289,0.999999999
zfp_p_18_so4_a2_SRF,431,0.999971786,0.989458959,9.678819444,0.017443312,0.999999999
zfp_p_18_so4_a2_SRF,432,0.999972717,0.985755371,9.937427662,0.023454185,0.999999999
zfp_p_18_so4_a2_SRF,433,0.999961668,0.985755371,10.29911748,0.024643026,0.999999999
zfp_p_18_so4_a2_SRF,434,0.999888529,0.989458959,10.39858218,0.025156835,0.999999999
zfp_p_18_so4_a2_SRF,435,0.999968739,0.961880053,9.727647569,0.074633029,0.999999999
zfp_p_18_so4_a2_SRF,436,0.999949601,0.991022216,10.0640191,0.071654959,0.999999999
zfp_p_18_so4_a2_SRF,437,0.999968466,0.981212746,9.868706597,0.008791876,0.999999999
zfp_p_18_so4_a2_SRF,438,0.999966996,0.991022216,9.61009838,0.016761529,0.999999999
zfp_p_18_so4_a2_SRF,439,0.999896677,0.978603241,9.371383102,0.016505843,0.999999999
zfp_p_18_so4_a2_SRF,440,0.99995901,0.974243371,10.12188947,0.009366793,0.999999999
zfp_p_18_so4_a2_SRF,441,0.999902247,0.989458959,9.677010995,0.009203618,0.999999999
zfp_p_18_so4_a2_SRF,442,0.999940715,0.986756786,9.904875579,0.01357348,0.999999999
zfp_p_18_so4_a2_SRF,443,0.999911616,0.974243371,9.582971644,0.014294953,0.999999998
zfp_p_18_so4_a2_SRF,444,0.999907429,0.985755371,9.161603009,0.018101317,0.999999999
zfp_p_18_so4_a2_SRF,445,0.999994877,0.991022216,9.845196759,0.011253371,0.999999999
zfp_p_18_so4_a2_SRF,446,0.999932641,0.975757287,9.43287037,0.008144676,0.999999999
zfp_p_18_so4_a2_SRF,447,0.999971571,0.983593835,9.655309606,0.02799913,0.999999999
zfp_p_18_so4_a2_SRF,448,0.999944301,0.978603241,9.396701389,0.04462515,0.999999998
zfp_p_18_so4_a2_SRF,449,0.999923366,0.983593835,9.624565972,0.023558828,0.999999999
zfp_p_18_so4_a2_SRF,450,0.999974762,0.990263477,9.365957755,0.031013095,0.999999999
zfp_p_18_so4_a2_SRF,451,0.999962528,0.981212746,9.418402778,0.038081993,0.999999999
zfp_p_18_so4_a2_SRF,452,0.999975067,0.977210288,9.223090278,0.025931495,0.999999999
zfp_p_18_so4_a2_SRF,453,0.999985825,0.986756786,9.572120949,0.023583471,0.999999999
zfp_p_18_so4_a2_SRF,454,0.999774614,0.977210288,9.109157986,0.014672772,0.999999999
zfp_p_18_so4_a2_SRF,455,0.99986256,0.984701462,9.720413773,0.025193753,0.999999999
zfp_p_18_so4_a2_SRF,456,0.999941606,0.987706977,9.496166088,0.044703669,0.999999999
zfp_p_18_so4_a2_SRF,457,0.999952221,0.991022216,9.011501736,0.029501533,0.999999999
zfp_p_18_so4_a2_SRF,458,0.999913833,0.988607252,8.908420139,0.006947395,0.999999999
zfp_p_18_so4_a2_SRF,459,0.999953902,0.988607252,9.190538194,0.017905246,0.999999999
zfp_p_18_so4_a2_SRF,460,0.999991888,0.989458959,8.960865162,0.02382252,0.999999999
zfp_p_18_so4_a2_SRF,461,0.999956839,0.991736617,9.521484375,0.010799398,0.999999999
zfp_p_18_so4_a2_SRF,462,0.999912837,0.989458959,9.349681713,0.047934777,0.999999999
zfp_p_18_so4_a2_SRF,463,0.999977444,0.991736617,9.602864583,0.016210063,0.999999999
zfp_p_18_so4_a2_SRF,464,0.999976672,0.981212746,9.327980324,0.084288091,0.999999999
zfp_p_18_so4_a2_SRF,465,0.999979627,0.979937068,9.403935185,0.016944479,0.999999999
zfp_p_18_so4_a2_SRF,466,0.999994445,0.991736617,10.03508391,0.007760907,0.999999999
zfp_p_18_so4_a2_SRF,467,0.99997615,0.963839623,9.586588542,0.026023563,0.999999999
zfp_p_18_so4_a2_SRF,468,0.999946408,0.984701462,9.470847801,0.040780315,0.999999999
zfp_p_18_so4_a2_SRF,469,0.999984552,0.982431307,9.270109954,0.012753624,0.999999999
zfp_p_18_so4_a2_SRF,470,0.999861198,0.987706977,9.720413773,0.005570985,0.999999999
zfp_p_18_so4_a2_SRF,471,0.999944312,0.982431307,10.07486979,0.044822214,0.999999999
zfp_p_18_so4_a2_SRF,472,0.999880512,0.986756786,10.03327546,0.015633121,0.999999999
zfp_p_18_so4_a2_SRF,473,0.999992676,0.987706977,9.617332176,0.203492276,0.999999999
zfp_p_18_so4_a2_SRF,474,0.999830647,0.989458959,9.094690394,0.013376808,0.999999999
zfp_p_18_so4_a2_SRF,475,1,0.981212746,9.765625,0.023811946,0.999999999
zfp_p_18_so4_a2_SRF,476,0.999955888,0.988607252,9.821686921,0.032699482,0.999999999
zfp_p_18_so4_a2_SRF,477,0.999929419,0.975757287,9.528718171,0.014762151,0.999999999
zfp_p_18_so4_a2_SRF,478,0.999965284,0.977210288,9.521484375,0.017170438,0.999999999
zfp_p_18_so4_a2_SRF,479,0.999863557,0.985755371,9.639033565,0.006068983,0.999999999
zfp_p_18_so4_a2_SRF,480,0.999873375,0.993628511,9.704137731,0.027170718,0.999999999
zfp_p_18_so4_a2_SRF,481,0.999929716,0.990263477,9.709563079,0.022496627,0.999999999
zfp_p_18_so4_a2_SRF,482,0.999729623,0.991022216,9.485315394,0.035899601,0.999999999
zfp_p_18_so4_a2_SRF,483,0.999943619,0.991736617,9.373191551,0.02239463,0.999999999
zfp_p_18_so4_a2_SRF,484,0.999934279,0.991022216,9.998914931,0.082461728,0.999999999
zfp_p_18_so4_a2_SRF,485,0.999997775,0.983593835,9.991681134,0.122165167,0.999999999
zfp_p_18_so4_a2_SRF,486,0.999997112,0.985755371,10.23220486,0.017949537,0.999999999
zfp_p_18_so4_a2_SRF,487,0.999935774,0.986756786,9.546802662,0.014127179,0.999999999
zfp_p_18_so4_a2_SRF,488,0.999830098,0.988607252,10.47996238,0.024400291,0.999999999
zfp_p_18_so4_a2_SRF,489,0.999946227,0.991736617,10.29911748,0.024769359,0.999999998
zfp_p_18_so4_a2_SRF,490,0.999953597,0.997396348,9.561270255,0.012728507,0.999999998
zfp_p_18_so4_a2_SRF,491,0.999936001,0.9976711,9.525101273,0.017471988,0.999999999
zfp_p_18_so4_a2_SRF,492,0.999793927,1,9.474464699,0.015342476,0.999999999
zfp_p_18_so4_a2_SRF,493,0.999891864,0.986756786,9.351490162,0.057246413,0.999999999
zfp_p_18_so4_a2_SRF,494,0.999943374,0.983593835,9.418402778,0.053833603,0.999999999
zfp_p_18_so4_a2_SRF,495,0.999922604,0.983593835,10.37145544,0.017783146,0.999999999
zfp_p_18_so4_a2_SRF,496,0.999844488,0.991736617,10.89590567,0.02183883,0.999999999
zfp_p_18_so4_a2_SRF,497,0.999947143,0.977210288,10.60474537,0.019828667,0.999999999
zfp_p_18_so4_a2_SRF,498,0.999957458,0.986756786,9.814453125,0.860342698,0.999999999
zfp_p_18_so4_a2_SRF,499,0.999982771,0.986756786,9.514250579,0.733571361,0.999999999
zfp_p_18_so4_a2_SRF,500,0.999880814,0.986756786,11.04239005,0.040906328,0.999999999
zfp_p_18_so4_a2_SRF,501,0.999963912,0.984701462,11.04239005,0.289774475,0.999999999
zfp_p_18_so4_a2_SRF,502,0.999989695,0.986756786,11.04239005,0.079259188,0.999999999
zfp_p_18_so4_a2_SRF,503,0.999975614,0.990263477,11.24131944,0.280914896,0.999999999
zfp_p_18_so4_a2_SRF,504,0.999906274,0.991736617,11.49269387,0.22885451,0.999999999
zfp_p_18_so4_a2_SRF,505,0.99992927,0.989458959,11.28472222,0.332949149,0.999999998
zfp_p_18_so4_a2_SRF,506,0.999996867,0.975757287,11.00079572,0.019933354,0.999999999
zfp_p_18_so4_a2_SRF,507,0.999856468,0.983593835,10.41847512,0.274375764,0.999999999
zfp_p_18_so4_a2_SRF,508,0.999916055,0.989458959,10.8344184,0.453875769,0.999999999
zfp_p_18_so4_a2_SRF,509,0.999879897,0.992408142,10.8308015,0.244254482,0.999999999
zfp_p_18_so4_a2_SRF,510,0.999962993,0.985755371,10.80910012,0.023236188,0.999999999
zfp_p_18_so4_a2_SRF,511,0.999289563,0.991022216,10.94835069,0.164082602,0.999999999
zfp_p_18_so4_a2_SRF,512,0.999921917,0.989458959,11.17983218,0.224099449,0.999999999
zfp_p_18_so4_a2_SRF,513,0.999948038,0.988607252,10.99717882,0.018417036,0.999999999
zfp_p_18_so4_a2_SRF,514,0.999997481,0.988607252,11.36067708,0.251706394,0.999999999
zfp_p_18_so4_a2_SRF,515,0.999859373,0.978603241,11.06047454,0.011929717,0.999999999
zfp_p_18_so4_a2_SRF,516,0.999988459,0.990263477,11.44748264,0.025502705,0.999999999
zfp_p_18_so4_a2_SRF,517,0.999980506,0.989458959,11.46014178,0.311478309,0.999999999
zfp_p_18_so4_a2_SRF,518,0.999899399,0.975757287,11.36791088,0.026939574,0.999999999
zfp_p_18_so4_a2_SRF,519,0.99994246,0.988607252,11.40407986,0.01391139,0.999999999
zfp_p_18_so4_a2_SRF,520,0.999954311,0.986756786,11.37514468,0.013554943,0.999999999
zfp_p_18_so4_a2_SRF,521,0.99998987,0.981212746,11.25036169,1.183515007,0.999999999
zfp_p_18_so4_a2_SRF,522,0.999974379,0.993628511,11.96831597,0.028462335,0.999999999
zfp_p_18_so4_a2_SRF,523,0.999885293,0.971029624,12.19075521,0.034559402,0.999999999
zfp_p_18_so4_a2_SRF,524,0.999965329,0.983593835,11.83268229,0.101334118,0.999999998
zfp_p_18_so4_a2_SRF,525,0.999946608,0.988607252,10.81271701,0.414099003,0.999999999
zfp_p_18_so4_a2_SRF,526,0.99995214,0.986756786,10.53240741,0.028791002,0.999999999
zfp_p_18_so4_a2_SRF,527,0.999907946,0.990263477,10.32262731,0.122675501,0.999999999
zfp_p_18_so4_a2_SRF,528,0.999928028,0.981212746,10.22858796,0.01997873,0.999999999
zfp_p_18_so4_a2_SRF,529,0.999931212,0.988607252,10.37507234,0.020747085,0.999999998
zfp_p_18_so4_a2_SRF,530,0.999969871,1,10.64814815,0.014483743,0.999999999
zfp_p_18_so4_a2_SRF,531,0.999800378,0.989458959,10.90313947,0.033064041,0.999999998
zfp_p_18_so4_a2_SRF,532,0.999909997,0.991736617,11.7259838,0.051002195,0.999999999
zfp_p_18_so4_a2_SRF,533,0.999986807,0.986756786,12.14554398,0.121179507,0.999999999
zfp_p_18_so4_a2_SRF,534,0.999998319,0.982431307,11.70970775,0.017878529,0.999999999
zfp_p_18_so4_a2_SRF,535,0.9999398,0.983593835,10.97005208,0.010686038,0.999999999
zfp_p_18_so4_a2_SRF,536,0.999988525,0.987706977,10.88143808,0.079751361,0.999999998
zfp_p_18_so4_a2_SRF,537,0.999994519,0.987706977,10.81452546,0.120757021,0.999999998
zfp_p_18_so4_a2_SRF,538,1,0.983593835,11.14728009,0.086053322,0.999999999
zfp_p_18_so4_a2_SRF,539,0.999980439,0.991022216,10.97005208,0.028010475,0.999999999
zfp_p_18_so4_a2_SRF,540,0.999981177,0.969328356,10.81090856,0.008741602,0.999999999
zfp_p_18_so4_a2_SRF,541,0.99999981,0.992408142,10.51251447,0.01564673,0.999999999
zfp_p_18_so4_a2_SRF,542,0.999865316,1,11.0405816,0.009112705,0.999999999
zfp_p_18_so4_a2_SRF,543,0.999958728,0.969328356,11.17983218,0.008330015,0.999999999
zfp_p_18_so4_a2_SRF,544,0.999975822,0.987706977,11.26844618,0.056054389,0.999999998
zfp_p_18_so4_a2_SRF,545,0.999954318,0.988607252,12.18532986,0.035235454,0.999999999
zfp_p_18_so4_a2_SRF,546,0.999920664,0.988607252,12.33543113,0.530123157,0.999999999
zfp_p_18_so4_a2_SRF,547,0.999997536,0.986756786,11.79470486,0.024160838,0.999999998
zfp_p_18_so4_a2_SRF,548,0.999962375,0.985755371,11.19429977,0.133049234,0.999999999
zfp_p_18_so4_a2_SRF,549,0.999895369,0.991736617,10.7349537,1,0.999999999
zfp_p_18_so4_a2_SRF,550,0.999997168,0.989458959,10.43475116,0.042618977,0.999999999
zfp_p_18_so4_a2_SRF,551,0.999944879,0.991022216,10.61197917,0.205744152,0.999999999
zfp_p_18_so4_a2_SRF,552,0.999972069,0.991022216,10.71506076,0.036024791,0.999999999
zfp_p_18_so4_a2_SRF,553,0.9999581,0.991022216,10.88867188,0.047168801,0.999999999
zfp_p_18_so4_a2_SRF,554,0.999988234,0.982431307,11.2358941,0.140195371,0.999999999
zfp_p_18_so4_a2_SRF,555,0.99994962,0.989458959,11.16717303,0.055187447,0.999999999
zfp_p_18_so4_a2_SRF,556,0.999936385,0.985755371,11.00983796,0.102411456,0.999999999
zfp_p_18_so4_a2_SRF,557,0.999990106,0.996034503,11.14908854,0.011976341,0.999999999
zfp_p_18_so4_a2_SRF,558,0.999775994,0.990263477,12.42766204,0.096702984,0.999999998
zfp_p_18_so4_a2_SRF,559,0.999933006,0.978603241,11.85800058,0.063277263,0.999999999
zfp_p_18_so4_a2_SRF,560,0.99997777,0.979937068,11.27929688,0.300761782,0.999999999
zfp_p_18_so4_a2_SRF,561,0.999816419,0.991022216,10.98632813,0.045514114,0.999999999
zfp_p_18_so4_a2_SRF,562,0.999953173,0.981212746,11.30823206,0.015756614,0.999999999
zfp_p_18_so4_a2_SRF,563,0.999801844,0.983593835,11.92853009,0.082073807,0.999999999
zfp_p_18_so4_a2_SRF,564,0.999967173,0.985755371,12.37883391,1.087067535,0.999999999
zfp_p_18_so4_a2_SRF,565,0.999941518,0.989458959,12.5922309,0.054986765,0.999999999
zfp_p_18_so4_a2_SRF,566,0.999998909,0.974243371,12.63925058,0.077145914,0.999999999
zfp_p_18_so4_a2_SRF,567,0.999996448,0.990263477,12.16182002,7.216726682,0.999999999
zfp_p_18_so4_a2_SRF,568,0.999995053,0.985755371,11.86342593,0.053749744,0.999999999
zfp_p_18_so4_a2_SRF,569,0.999919776,0.979937068,11.7115162,0.057748901,0.999999998
zfp_p_18_so4_a2_SRF,570,0.999996433,0.965733891,11.09483507,0.028336376,0.999999999
zfp_p_18_so4_a2_SRF,571,0.999997456,0.988607252,10.68612558,0.015699475,0.999999999
zfp_p_18_so4_a2_SRF,572,0.999796098,0.990263477,10.63006366,0.036236182,0.999999999
zfp_p_18_so4_a2_SRF,573,0.999963412,0.981212746,10.48538773,0.011464943,0.999999998
zfp_p_18_so4_a2_SRF,574,1,0.986756786,11.52524595,0.086638024,0.999999998
zfp_p_18_so4_a2_SRF,575,0.999867476,0.987706977,11.53609664,0.045008301,0.999999999
zfp_p_18_so4_a2_SRF,576,0.999916977,0.982431307,11.08398438,0.041428028,0.999999999
zfp_p_18_so4_a2_SRF,577,0.999908806,0.978603241,11.58130787,0.03545166,0.999999998
zfp_p_18_so4_a2_SRF,578,0.999993805,0.989458959,11.36429398,0.027067343,0.999999998
zfp_p_18_so4_a2_SRF,579,0.999991916,0.989458959,11.4239728,0.022145085,0.999999999
zfp_p_18_so4_a2_SRF,580,0.999908846,0.986756786,11.03877315,0.026285723,0.999999999
zfp_p_18_so4_a2_SRF,581,0.999956239,1,11.77119502,0.025025555,0.999999999
zfp_p_18_so4_a2_SRF,582,0.999970543,0.99991585,11.86704282,0.035700929,0.999999999
zfp_p_18_so4_a2_SRF,583,0.999960964,0.991022216,12.03342014,0.130899762,0.999999998
zfp_p_18_so4_a2_SRF,584,0.99995099,0.985755371,11.96289063,0.102929938,0.999999999
zfp_p_18_so4_a2_SRF,585,0.999993648,0.990263477,11.92672164,0.163165344,0.999999999
zfp_p_18_so4_a2_SRF,586,0.999851272,0.953382068,11.61385995,0.034907516,0.999999999
zfp_p_18_so4_a2_SRF,587,0.999975792,0.990263477,12.24681713,0.133040265,0.999999999
zfp_p_18_so4_a2_SRF,588,0.999932263,0.988607252,12.07139757,0.016717848,0.999999998
zfp_p_18_so4_a2_SRF,589,0.999728862,0.985755371,11.36429398,0.007553633,0.999999998
zfp_p_18_so4_a2_SRF,590,0.999982141,0.975757287,11.5306713,0.04654451,0.999999999
zfp_p_18_so4_a2_SRF,591,0.999987901,0.986756786,11.48003472,0.029598748,0.999999999
zfp_p_18_so4_a2_SRF,592,0.999978593,0.991736617,11.09483507,0.016753737,0.999999999
zfp_p_18_so4_a2_SRF,593,0.999986945,0.986756786,10.7494213,0.018468046,0.999999999
zfp_p_18_so4_a2_SRF,594,0.999873139,0.988607252,10.39134838,0.016543764,0.999999999
zfp_p_18_so4_a2_SRF,595,0.999957057,0.991022216,10.67165799,0.021126516,0.999999999
zfp_p_18_so4_a2_SRF,596,0.999836074,0.987706977,11.10387731,0.037030162,0.999999999
zfp_p_18_so4_a2_SRF,597,0.999959716,0.989458959,11.44748264,0.01567635,0.999999999
zfp_p_18_so4_a2_SRF,598,0.999996539,0.984701462,11.35706019,0.044211589,0.999999999
zfp_p_18_so4_a2_SRF,599,0.999995833,0.990263477,10.98994502,0.032904592,0.999999999
zfp_p_18_so4_a2_SRF,600,0.999951091,0.989458959,11.05143229,0.029821685,0.999999999
zfp_p_18_so4_a2_SRF,601,0.99999505,0.988607252,11.57226563,0.038485747,0.999999998
zfp_p_18_so4_a2_SRF,602,0.99979396,0.977210288,11.45471644,0.06034889,0.999999998
zfp_p_18_so4_a2_SRF,603,0.999899352,0.989458959,11.2250434,0.010806468,0.999999998
zfp_p_18_so4_a2_SRF,604,0.9999089,0.987706977,11.77662037,0.012150347,0.999999998
zfp_p_18_so4_a2_SRF,605,0.999872925,0.972667733,11.8218316,0.013131252,0.999999999
zfp_p_18_so4_a2_SRF,606,0.999918798,0.971029624,12.14011863,0.034085592,0.999999999
zfp_p_18_so4_a2_SRF,607,0.999969605,0.983593835,12.0062934,0.044378447,0.999999999
zfp_p_18_so4_a2_SRF,608,0.999974742,0.987706977,12.02618634,0.037941969,0.999999999
zfp_p_18_so4_a2_SRF,609,0.99985972,0.989458959,12.15820313,0.018338271,0.999999999
zfp_p_18_so4_a2_SRF,610,0.999900275,0.991022216,11.84172454,0.011259948,0.999999999
zfp_p_18_so4_a2_SRF,611,0.999999321,0.974243371,11.25397859,0.009313977,0.999999999
zfp_p_18_so4_a2_SRF,612,0.999999989,0.990263477,10.48357928,0.008686481,0.999999999
zfp_p_18_so4_a2_SRF,613,0.999994321,0.984701462,10.29007523,0.252435509,0.999999999
zfp_p_18_so4_a2_SRF,614,0.999742439,1,10.09476273,0.017642591,0.999999999
zfp_p_18_so4_a2_SRF,615,0.99995684,1,9.776475694,0.021636393,0.999999998
zfp_p_18_so4_a2_SRF,616,0.999941011,1,9.566695602,0.009757539,0.999999999
zfp_p_18_so4_a2_SRF,617,0.999902483,0.992408142,9.787326389,0.043950837,0.999999999
zfp_p_18_so4_a2_SRF,618,0.999960533,1,10.23401331,0.018184249,0.999999999
zfp_p_18_so4_a2_SRF,619,0.999978921,0.99999976,10.93930845,0.197221507,0.999999999
zfp_p_18_so4_a2_SRF,620,0.99995809,0.991736617,11.0405816,0.007425233,0.999999999
zfp_p_18_so4_a2_SRF,621,0.999962071,0.971029624,12.14554398,0.025409549,0.999999999
zfp_p_18_so4_a2_SRF,622,0.99988966,0.982431307,11.79651331,0.016528998,0.999999999
zfp_p_18_so4_a2_SRF,623,0.999937002,0.989458959,11.41312211,0.02568907,0.999999999
zfp_p_18_so4_a2_SRF,624,0.999945684,0.989458959,10.8308015,0.008852909,0.999999998
zfp_p_18_so4_a2_SRF,625,0.999838139,0.991736617,11.07494213,0.007564941,0.999999999
zfp_p_18_so4_a2_SRF,626,0.999837355,0.982431307,11.21961806,0.013914303,0.999999998
zfp_p_18_so4_a2_SRF,627,0.999966023,0.991736617,11.58311632,0.01687952,0.999999999
zfp_p_18_so4_a2_SRF,628,0.99990536,0.994180369,11.15993924,0.007546634,0.999999999
zfp_p_18_so4_a2_SRF,629,0.999873646,0.985755371,11.80013021,0.014703454,0.999999999
zfp_p_18_so4_a2_SRF,630,0.999860962,0.984701462,11.35706019,0.01753055,0.999999999
zfp_p_18_so4_a2_SRF,631,0.999944353,0.975757287,11.24674479,0.012916862,0.999999999
zfp_p_18_so4_a2_SRF,632,0.999984296,0.990263477,10.76931424,0.052745868,0.999999999
zfp_p_18_so4_a2_SRF,633,0.99984869,0.985755371,11.16536458,0.042389714,0.999999999
zfp_p_18_so4_a2_SRF,634,0.99991517,0.987706977,10.79282407,0.036387434,0.999999999
zfp_p_18_so4_a2_SRF,635,0.99996453,0.965733891,11.20334201,0.056586636,0.999999999
zfp_p_18_so4_a2_SRF,636,0.999994672,0.974243371,11.16536458,0.072106299,0.999999999
zfp_p_18_so4_a2_SRF,637,0.999969445,0.989458959,11.40588831,0.009880622,0.999999999
zfp_p_18_so4_a2_SRF,638,0.999915669,0.979937068,11.64641204,0.01544559,0.999999999
zfp_p_18_so4_a2_SRF,639,0.999842227,0.999140398,11.36971933,0.041463989,0.999999999
zfp_p_18_so4_a2_SRF,640,0.999936032,0.987706977,11.71332465,0.025348173,0.999999999
zfp_p_18_so4_a2_SRF,641,0.999953306,0.986756786,11.27025463,1.604924104,0.999999999
zfp_p_18_so4_a2_SRF,642,0.999907553,0.986756786,11.17078993,0.016317862,0.999999999
zfp_p_18_so4_a2_SRF,643,0.99999323,0.988607252,11.37695313,0.007911329,0.999999999
zfp_p_18_so4_a2_SRF,644,0.999999383,0.978603241,11.19972512,0.008095945,0.999999999
zfp_p_18_so4_a2_SRF,645,0.999822995,0.991022216,10.84707755,0.022486859,0.999999999
zfp_p_18_so4_a2_SRF,646,0.999937698,0.999999838,11.18887442,0.023312271,0.999999999
zfp_p_18_so4_a2_SRF,647,0.999908816,1,11.20876736,0.041379515,0.999999999
zfp_p_18_so4_a2_SRF,648,0.999965233,0.988607252,10.75122975,0.036212701,0.999999999
zfp_p_18_so4_a2_SRF,649,0.999974952,0.985755371,10.7349537,0.019690381,0.999999999
zfp_p_18_so4_a2_SRF,650,0.999992382,0.987706977,10.70421007,0.02868786,0.999999999
zfp_p_18_so4_a2_SRF,651,0.999973686,0.975757287,10.848886,0.01322913,0.999999999
zfp_p_18_so4_a2_SRF,652,0.999980328,0.986756786,10.33890336,0.027186913,0.999999999
zfp_p_18_so4_a2_SRF,653,0.999820332,0.991022216,10.99898727,0.017314188,0.999999999
zfp_p_18_so4_a2_SRF,654,0.999942794,0.983593835,10.54144965,0.015263063,0.999999999
zfp_p_18_so4_a2_SRF,655,0.999982262,0.985755371,10.50528067,0.054557377,0.999999999
zfp_p_18_so4_a2_SRF,656,0.999975869,0.990263477,11.05324074,0.048306493,0.999999999
zfp_p_18_so4_a2_SRF,657,0.999963021,0.986756786,11.79470486,0.11593934,0.999999999
zfp_p_18_so4_a2_SRF,658,0.999943696,0.986756786,12.06416377,0.650212021,0.999999999
zfp_p_18_so4_a2_SRF,659,0.999973379,0.984701462,12.15639468,0.091622289,0.999999999
zfp_p_18_so4_a2_SRF,660,0.99996909,0.988607252,11.85800058,0.068839602,0.999999999
zfp_p_18_so4_a2_SRF,661,0.999878349,0.991022216,11.5306713,0.026553387,0.999999999
zfp_p_18_so4_a2_SRF,662,0.999932401,0.985755371,10.66080729,0.052215295,0.999999999
zfp_p_18_so4_a2_SRF,663,0.99987766,0.981212746,10.41847512,0.013414916,0.999999999
zfp_p_18_so4_a2_SRF,664,0.999983348,0.982431307,9.950086806,0.009025931,0.999999999
zfp_p_18_so4_a2_SRF,665,0.999881921,0.985755371,9.874131944,0.018790554,0.999999998
zfp_p_18_so4_a2_SRF,666,0.999955145,0.991022216,10.22858796,0.009374679,0.999999999
zfp_p_18_so4_a2_SRF,667,0.999827832,0.981212746,10.12188947,0.028026925,0.999999998
zfp_p_18_so4_a2_SRF,668,0.999893493,0.986756786,9.899450231,0.02039293,0.999999998
zfp_p_18_so4_a2_SRF,669,0.999972074,0.984701462,10.08752894,0.008141973,0.999999999
zfp_p_18_so4_a2_SRF,670,0.999954406,0.991022216,9.814453125,0.018189661,0.999999999
zfp_p_18_so4_a2_SRF,671,0.999969963,0.981212746,10.11103877,0.019223317,0.999999999
zfp_p_18_so4_a2_SRF,672,0.999998226,0.977210288,10.06582755,0.010308573,0.999999999
zfp_p_18_so4_a2_SRF,673,0.999993846,0.989458959,10.59208623,0.010111889,0.999999999
zfp_p_18_so4_a2_SRF,674,0.999980508,0.987706977,10.35337095,0.010618791,0.999999999
zfp_p_18_so4_a2_SRF,675,0.999968658,0.979937068,10.39496528,0.025920305,0.999999999
zfp_p_18_so4_a2_SRF,676,0.999980111,0.984701462,10.4474103,0.065899937,0.999999999
zfp_p_18_so4_a2_SRF,677,0.999897196,0.986756786,10.34975405,0.073794242,0.999999999
zfp_p_18_so4_a2_SRF,678,0.999985344,0.981212746,10.48538773,0.056644008,0.999999999
zfp_p_18_so4_a2_SRF,679,0.999927204,0.981212746,10.38411458,0.059455033,0.999999999
zfp_p_18_so4_a2_SRF,680,0.999866718,1,10.08029514,0.037765093,0.999999999
zfp_p_18_so4_a2_SRF,681,0.99988182,0.990263477,10.61378762,0.120465446,0.999999999
zfp_p_18_so4_a2_SRF,682,0.999949334,1,10.56857639,0.066864657,0.999999998
zfp_p_18_so4_a2_SRF,683,0.999926068,0.981212746,10.72771991,0.111494309,0.999999999
zfp_p_18_so4_a2_SRF,684,0.999847277,0.972667733,10.34975405,0.058477086,0.999999999
zfp_p_18_so4_a2_SRF,685,0.999991233,0.986756786,10.11465567,0.026661976,0.999999998
zfp_p_18_so4_a2_SRF,686,0.999939254,0.986756786,10.2520978,0.181223412,0.999999998
zfp_p_18_so4_a2_SRF,687,0.99987033,0.965733891,10.49985532,0.133141435,0.999999999
zfp_p_18_so4_a2_SRF,688,0.99996487,0.986756786,10.53059896,0.073878134,0.999999999
zfp_p_18_so4_a2_SRF,689,0.999970713,0.975757287,10.79101563,0.933222277,0.999999999
zfp_p_18_so4_a2_SRF,690,0.999932547,0.984701462,10.7458044,0.079504741,0.999999999
zfp_p_18_so4_a2_SRF,691,0.999954519,0.983593835,10.99175347,0.088986288,0.999999999
zfp_p_18_so4_a2_SRF,692,0.999858803,0.994180369,10.37688079,0.026069386,0.999999999
zfp_p_18_so4_a2_SRF,693,0.999989147,0.988607252,10.23039641,0.048791114,0.999999998
zfp_p_18_so4_a2_SRF,694,0.999980577,0.981212746,10.33347801,0.082766278,0.999999999
zfp_p_18_so4_a2_SRF,695,0.999927043,0.957763548,11.0405816,0.015550242,0.999999999
zfp_p_18_so4_a2_SRF,696,0.999971826,0.982431307,10.84346065,0.026432571,0.999999999
zfp_p_18_so4_a2_SRF,697,0.999971883,0.981212746,10.96462674,0.050910247,0.999999999
zfp_p_18_so4_a2_SRF,698,0.999982845,0.99989754,10.41124132,0.054098606,0.999999999
zfp_p_18_so4_a2_SRF,699,0.99997851,0.986756786,10.2557147,0.020135094,0.999999999
zfp_p_18_so4_a2_SRF,700,0.99996645,0.972667733,9.948278356,0.065503955,0.999999998
zfp_p_18_so4_a2_SRF,701,0.99981524,0.999586858,9.39489294,0.035634887,0.999999999
zfp_p_18_so4_a2_SRF,702,0.999993997,0.978603241,9.874131944,0.027303537,0.999999998
zfp_p_18_so4_a2_SRF,703,0.999943032,0.985755371,9.595630787,0.010083979,0.999999999
zfp_p_18_so4_a2_SRF,704,0.999960976,0.977210288,9.564887153,0.020828405,0.999999999
zfp_p_18_so4_a2_SRF,705,0.999971448,0.991022216,10.06221065,0.027577922,0.999999999
zfp_p_18_so4_a2_SRF,706,0.999970413,1,9.593822338,0.311645737,0.999999999
zfp_p_18_so4_a2_SRF,707,0.999824619,1,9.937427662,0.051223254,0.999999999
zfp_p_18_so4_a2_SRF,708,0.999991619,0.989458959,10.458261,0.026201978,0.999999999
zfp_p_18_so4_a2_SRF,709,0.999951288,0.983593835,10.00253183,0.021019343,0.999999999
zfp_p_18_so4_a2_SRF,710,0.999946214,0.986756786,9.613715278,0.027136006,0.999999998
zfp_p_18_so4_a2_SRF,711,0.999960081,0.987706977,9.955512153,0.007326722,0.999999998
zfp_p_18_so4_a2_SRF,712,0.999946228,0.996417342,10.1490162,0.016229292,0.999999998
zfp_p_18_so4_a2_SRF,713,0.999971497,0.988607252,9.007884838,0.048428411,0.999999998
zfp_p_18_so4_a2_SRF,714,0.999939393,0.999954974,9.125434028,0.070039663,0.999999998
zfp_p_18_so4_a2_SRF,715,0.999958429,0.987706977,9.521484375,0.014805268,0.999999999
zfp_p_18_so4_a2_SRF,716,0.999955346,1,9.125434028,0.009504878,0.999999999
zfp_p_18_so4_a2_SRF,717,0.999973207,1,9.349681713,0.029341181,0.999999999
zfp_p_18_so4_a2_SRF,718,0.999984914,0.999999993,9.398509838,0.018302249,0.999999999
zfp_p_18_so4_a2_SRF,719,0.999983812,0.986756786,8.968098958,0.012225446,0.999999998
zfp_p_18_so4_a2_SRF,720,0.999856927,0.997096779,9.351490162,0.035603798,0.999999999
zfp_p_18_so4_a2_SRF,721,0.999895595,0.991022216,9.045862269,0.016497958,0.999999999
zfp_p_18_so4_a2_SRF,722,0.999904399,0.986756786,8.839699074,0.026030813,0.999999999
zfp_p_18_so4_a2_SRF,723,0.999970052,0.997396348,9.214048032,0.019048293,0.999999999
zfp_p_18_so4_a2_SRF,724,0.999947906,0.993628511,8.955439815,0.010642513,0.999999999
zfp_p_18_so4_a2_SRF,725,0.999977669,0.982431307,9.302662037,0.011390354,0.999999999
zfp_p_18_so4_a2_SRF,726,0.999876094,0.984701462,9.275535301,0.030920528,0.999999999
zfp_p_18_so4_a2_SRF,727,0.999958485,0.989458959,8.875868056,0.15081812,0.999999999
zfp_p_18_so4_a2_SRF,728,0.999975137,0.987706977,8.913845486,0.015285322,0.999999999
zfp_p_18_so4_a2_SRF,729,0.999944205,0.989458959,9.031394676,0.007374989,0.999999999
zfp_p_20_so4_a2_SRF,0,0.999999474,0.989458959,2.46129919,0.410010345,1
zfp_p_20_so4_a2_SRF,1,0.999975512,1,1.123046875,0.004382695,1
zfp_p_20_so4_a2_SRF,2,0.999981402,0.985755371,1.023582176,0.01066334,1
zfp_p_20_so4_a2_SRF,3,0.999995558,0.987706977,1.256872106,0.014981474,1
zfp_p_20_so4_a2_SRF,4,0.999999895,0.989458959,1.256872106,0.005979951,1
zfp_p_20_so4_a2_SRF,5,0.99999627,0.994180369,1.432291667,0.014598007,1
zfp_p_20_so4_a2_SRF,6,0.999997939,0.984701462,1.365379051,0.005102819,1
zfp_p_20_so4_a2_SRF,7,0.999988783,0.985755371,1.600477431,0.009675012,1
zfp_p_20_so4_a2_SRF,8,0.999962989,0.991022216,1.765046296,0.010591865,1
zfp_p_20_so4_a2_SRF,9,0.999985229,0.991022216,1.793981481,0.02052869,1
zfp_p_20_so4_a2_SRF,10,0.999916239,0.977210288,1.470269097,0.022203266,1
zfp_p_20_so4_a2_SRF,11,0.999994395,0.983593835,1.356336806,0.004773131,1
zfp_p_20_so4_a2_SRF,12,0.999993505,0.978603241,1.177300347,0.024685242,1
zfp_p_20_so4_a2_SRF,13,0.999999511,1,1.097728588,0.008871206,1
zfp_p_20_so4_a2_SRF,14,0.999998584,0.999999982,1.305700231,0.003101767,1
zfp_p_20_so4_a2_SRF,15,0.999999184,0.989458959,1.338252315,0.009213189,1
zfp_p_20_so4_a2_SRF,16,0.999996194,0.985755371,1.455801505,0.014152947,1
zfp_p_20_so4_a2_SRF,17,0.999989352,0.993038273,1.687282986,0.002429697,1
zfp_p_20_so4_a2_SRF,18,0.999996348,1,1.667390046,0.00740927,1
zfp_p_20_so4_a2_SRF,19,0.999993187,1,1.491970486,0.003505519,1
zfp_p_20_so4_a2_SRF,20,1,0.987706977,1.370804398,0.008857783,1
zfp_p_20_so4_a2_SRF,21,0.999997505,0.987706977,1.124855324,0.004335726,1
zfp_p_20_so4_a2_SRF,22,0.999995046,0.991022216,1.34729456,0.002845446,1
zfp_p_20_so4_a2_SRF,23,0.999998959,0.986756786,1.350911458,0.004395395,1
zfp_p_20_so4_a2_SRF,24,0.999992567,1,1.472077546,0.005461666,1
zfp_p_20_so4_a2_SRF,25,0.999997484,0.987706977,1.048900463,0.002691238,1
zfp_p_20_so4_a2_SRF,26,0.999997356,0.993038273,1.014539931,0.002628655,1
zfp_p_20_so4_a2_SRF,27,0.999992867,0.985755371,1.014539931,0.002279862,1
zfp_p_20_so4_a2_SRF,28,0.999998509,0.991736617,0.95666956,0.003944415,1
zfp_p_20_so4_a2_SRF,29,0.999994959,0.986756786,0.967520255,0.001957336,1
zfp_p_20_so4_a2_SRF,30,0.999992631,0.979937068,0.953052662,0.002480113,1
zfp_p_20_so4_a2_SRF,31,0.999999647,0.993628511,1.128472222,0.013580183,1
zfp_p_20_so4_a2_SRF,32,0.999936264,0.983593835,1.175491898,0.003410134,1
zfp_p_20_so4_a2_SRF,33,0.999995259,0.984701462,1.092303241,0.002456849,1
zfp_p_20_so4_a2_SRF,34,0.999988547,0.988607252,1.182725694,0.003296371,1
zfp_p_20_so4_a2_SRF,35,0.999999783,0.992408142,1.171875,0.004007897,1
zfp_p_20_so4_a2_SRF,36,0.999998269,0.999999892,1.242404514,0.016197066,1
zfp_p_20_so4_a2_SRF,37,0.999986529,0.990263477,1.325593171,0.002738302,1
zfp_p_20_so4_a2_SRF,38,0.99999714,0.983593835,1.479311343,0.009290165,1
zfp_p_20_so4_a2_SRF,39,0.999995287,0.988607252,1.296657986,0.016924032,1
zfp_p_20_so4_a2_SRF,40,0.999988042,0.971029624,1.374421296,0.00430267,1
zfp_p_20_so4_a2_SRF,41,1,0.990263477,1.390697338,0.007560566,1
zfp_p_20_so4_a2_SRF,42,0.999985237,0.987706977,1.694516782,0.03358955,1
zfp_p_20_so4_a2_SRF,43,0.999988964,0.977210288,1.584201389,0.080319832,1
zfp_p_20_so4_a2_SRF,44,0.999992687,0.986756786,1.46484375,0.087801715,1
zfp_p_20_so4_a2_SRF,45,0.999998088,0.985755371,1.325593171,0.058545752,1
zfp_p_20_so4_a2_SRF,46,0.999988121,0.991022216,1.470269097,0.009303276,1
zfp_p_20_so4_a2_SRF,47,0.999971304,0.989458959,1.434100116,0.011326177,1
zfp_p_20_so4_a2_SRF,48,0.999999739,0.991736617,1.763237847,0.004462603,1
zfp_p_20_so4_a2_SRF,49,0.999997163,0.988607252,1.614945023,0.00452369,1
zfp_p_20_so4_a2_SRF,50,0.999990663,0.986756786,1.607711227,0.002419143,1
zfp_p_20_so4_a2_SRF,51,0.99998408,0.985755371,1.557074653,0.008349941,1
zfp_p_20_so4_a2_SRF,52,0.99999537,0.986756786,1.066984954,0.007163275,1
zfp_p_20_so4_a2_SRF,53,0.999993812,0.989458959,1.070601852,0.014624683,1
zfp_p_20_so4_a2_SRF,54,0.999995347,0.983593835,1.21166088,0.0315538,1
zfp_p_20_so4_a2_SRF,55,0.999994998,0.997922462,0.998263889,0.001236145,1
zfp_p_20_so4_a2_SRF,56,0.999995459,0.990263477,1.009114583,0.002778554,1
zfp_p_20_so4_a2_SRF,57,0.999945727,0.979937068,1.175491898,0.090882638,1
zfp_p_20_so4_a2_SRF,58,0.99999617,0.989458959,1.278573495,0.012523925,1
zfp_p_20_so4_a2_SRF,59,0.999983153,0.972667733,1.42505787,0.004163841,1
zfp_p_20_so4_a2_SRF,60,0.999999585,0.990263477,1.540798611,0.004097614,1
zfp_p_20_so4_a2_SRF,61,0.999994392,0.979937068,1.891637731,0.004926899,1
zfp_p_20_so4_a2_SRF,62,0.999990312,0.988607252,1.83557581,0.009883337,1
zfp_p_20_so4_a2_SRF,63,0.999968787,0.985755371,1.989293981,0.003313634,1
zfp_p_20_so4_a2_SRF,64,0.999978185,0.991022216,1.671006944,0.002542556,1
zfp_p_20_so4_a2_SRF,65,0.99999449,0.986756786,1.627604167,0.005307196,1
zfp_p_20_so4_a2_SRF,66,0.999997421,0.990263477,1.258680556,0.005780644,1
zfp_p_20_so4_a2_SRF,67,0.999991453,0.985755371,1.338252315,0.05702367,1
zfp_p_20_so4_a2_SRF,68,0.999989151,0.989458959,1.224320023,0.004292483,1
zfp_p_20_so4_a2_SRF,69,0.999976907,0.986756786,1.361762153,0.016927054,1
zfp_p_20_so4_a2_SRF,70,0.999999693,0.972667733,1.365379051,0.012700418,1
zfp_p_20_so4_a2_SRF,71,0.999999617,0.983593835,1.457609954,0.008556145,1
zfp_p_20_so4_a2_SRF,72,0.999949194,0.978603241,1.320167824,0.004340939,1
zfp_p_20_so4_a2_SRF,73,0.999978486,0.986756786,1.365379051,0.00530245,1
zfp_p_20_so4_a2_SRF,74,0.999998965,0.985755371,1.378038194,0.010375655,1
zfp_p_20_so4_a2_SRF,75,0.999995489,0.981212746,1.184534144,0.010870555,1
zfp_p_20_so4_a2_SRF,76,0.999962879,0.985755371,1.159215856,0.004977697,1
zfp_p_20_so4_a2_SRF,77,0.999974097,0.986756786,1.15198206,0.002853898,1
zfp_p_20_so4_a2_SRF,78,0.999970624,0.984701462,1.065176505,0.003604906,1
zfp_p_20_so4_a2_SRF,79,1,0.979937068,1.264105903,0.003067356,1
zfp_p_20_so4_a2_SRF,80,0.999998476,0.965733891,1.144748264,0.003775176,1
zfp_p_20_so4_a2_SRF,81,0.999990594,0.979937068,1.285807292,0.004691599,1
zfp_p_20_so4_a2_SRF,82,0.999997314,0.987706977,1.323784722,0.006944397,1
zfp_p_20_so4_a2_SRF,83,0.999958124,0.992408142,1.22974537,0.004115609,1
zfp_p_20_so4_a2_SRF,84,0.999988053,0.981212746,1.209852431,0.04203687,1
zfp_p_20_so4_a2_SRF,85,0.99999038,0.985755371,1.159215856,0.005714695,1
zfp_p_20_so4_a2_SRF,86,0.999999647,0.985755371,1.235170718,0.002008439,1
zfp_p_20_so4_a2_SRF,87,0.999982536,0.983593835,1.171875,0.007267882,1
zfp_p_20_so4_a2_SRF,88,0.99998377,0.982431307,1.045283565,0.004687751,1
zfp_p_20_so4_a2_SRF,89,0.999998978,0.988607252,1.258680556,0.011089409,1
zfp_p_20_so4_a2_SRF,90,0.999940667,0.987706977,1.383463542,0.006668368,1
zfp_p_20_so4_a2_SRF,91,0.999943618,0.987706977,1.30931713,0.020792901,1
zfp_p_20_so4_a2_SRF,92,0.999936106,0.971029624,1.555266204,0.00400422,1
zfp_p_20_so4_a2_SRF,93,0.999983491,0.990263477,1.482928241,0.006967731,1
zfp_p_20_so4_a2_SRF,94,0.999997113,0.989458959,1.376229745,0.009082074,1
zfp_p_20_so4_a2_SRF,95,1,0.990263477,1.345486111,0.00374597,1
zfp_p_20_so4_a2_SRF,96,1,0.992408142,1.273148148,0.004374065,1
zfp_p_20_so4_a2_SRF,97,1,0.984701462,1.217086227,0.008279859,1
zfp_p_20_so4_a2_SRF,98,0.999993058,0.982431307,1.477502894,0.010421751,1
zfp_p_20_so4_a2_SRF,99,1,0.986756786,1.164641204,0.032862024,1
zfp_p_20_so4_a2_SRF,100,0.999949755,0.985755371,1.13208912,0.003798703,1
zfp_p_20_so4_a2_SRF,101,0.99994714,0.983593835,1.316550926,0.004757673,1
zfp_p_20_so4_a2_SRF,102,0.999986249,0.984701462,1.473885995,0.002954902,1
zfp_p_20_so4_a2_SRF,103,0.999951885,0.982431307,1.604094329,0.011277209,1
zfp_p_20_so4_a2_SRF,104,0.999992957,0.974243371,1.349103009,0.004472119,1
zfp_p_20_so4_a2_SRF,105,0.999990463,0.988607252,1.242404514,0.005494314,1
zfp_p_20_so4_a2_SRF,106,1,0.988607252,1.34729456,0.004208845,1
zfp_p_20_so4_a2_SRF,107,0.999999602,0.986756786,1.477502894,0.007181992,1
zfp_p_20_so4_a2_SRF,108,0.999997717,0.987706977,1.520905671,0.005704061,1
zfp_p_20_so4_a2_SRF,109,0.999999991,0.982431307,1.419632523,0.012081995,1
zfp_p_20_so4_a2_SRF,110,0.999983603,0.993038273,1.575159144,0.010227904,1
zfp_p_20_so4_a2_SRF,111,0.999999755,0.982431307,1.634837963,0.024753755,1
zfp_p_20_so4_a2_SRF,112,1,0.989458959,1.609519676,0.006224251,1
zfp_p_20_so4_a2_SRF,113,0.999997565,0.989458959,1.410590278,0.003695074,1
zfp_p_20_so4_a2_SRF,114,1,0.978603241,1.520905671,0.004899792,1
zfp_p_20_so4_a2_SRF,115,0.999999241,0.977210288,1.629412616,0.002812388,1
zfp_p_20_so4_a2_SRF,116,0.999999278,0.985755371,1.578776042,0.004541197,1
zfp_p_20_so4_a2_SRF,117,0.999993738,0.987706977,1.557074653,0.039282711,1
zfp_p_20_so4_a2_SRF,118,0.99999704,0.971029624,1.453993056,0.003505248,1
zfp_p_20_so4_a2_SRF,119,0.999980264,0.985755371,1.287615741,0.003833823,1
zfp_p_20_so4_a2_SRF,120,0.999997595,0.985755371,1.338252315,0.002393381,1
zfp_p_20_so4_a2_SRF,121,0.999997643,0.989458959,1.276765046,0.01348733,1
zfp_p_20_so4_a2_SRF,122,0.9999999,0.997096779,1.359953704,0.004045997,1
zfp_p_20_so4_a2_SRF,123,0.999996735,0.993628511,1.202618634,0.004817281,1
zfp_p_20_so4_a2_SRF,124,0.999999083,0.999989208,1.285807292,0.005307874,1
zfp_p_20_so4_a2_SRF,125,0.99996761,0.971029624,1.305700231,0.005978962,1
zfp_p_20_so4_a2_SRF,126,0.999998435,0.991736617,1.321976273,0.002941777,1
zfp_p_20_so4_a2_SRF,127,0.999973687,0.985755371,1.394314236,0.004746892,1
zfp_p_20_so4_a2_SRF,128,0.999998311,0.981212746,1.38708044,0.009871503,1
zfp_p_20_so4_a2_SRF,129,0.999966519,0.984701462,1.397931134,0.006278291,1
zfp_p_20_so4_a2_SRF,130,0.999991049,0.978603241,1.586009838,0.012112871,1
zfp_p_20_so4_a2_SRF,131,0.99999513,0.989458959,1.642071759,0.013198798,1
zfp_p_20_so4_a2_SRF,132,0.999999695,0.983593835,1.614945023,0.003597159,1
zfp_p_20_so4_a2_SRF,133,0.999996546,0.993038273,1.437717014,0.013302563,1
zfp_p_20_so4_a2_SRF,134,0.999999825,0.977210288,1.321976273,0.006351881,1
zfp_p_20_so4_a2_SRF,135,1,0.987706977,1.334635417,0.001877881,1
zfp_p_20_so4_a2_SRF,136,0.999989334,0.979937068,1.529947917,0.003988133,1
zfp_p_20_so4_a2_SRF,137,1,0.988607252,1.663773148,0.007517075,1
zfp_p_20_so4_a2_SRF,138,1,0.999999996,1.882595486,0.011808697,1
zfp_p_20_so4_a2_SRF,139,0.999991325,1,1.64026331,0.006129644,1
zfp_p_20_so4_a2_SRF,140,0.999958272,0.990263477,1.638454861,0.02821305,1
zfp_p_20_so4_a2_SRF,141,0.999999404,0.983593835,1.513671875,0.009869143,1
zfp_p_20_so4_a2_SRF,142,0.999999893,0.987706977,1.613136574,0.011335674,1
zfp_p_20_so4_a2_SRF,143,0.999944654,0.979937068,1.535373264,0.03822375,1
zfp_p_20_so4_a2_SRF,144,1,0.992408142,1.629412616,0.049382868,1
zfp_p_20_so4_a2_SRF,145,0.999977928,0.983593835,1.645688657,0.012913892,1
zfp_p_20_so4_a2_SRF,146,0.999973298,0.981212746,1.960358796,0.063250757,1
zfp_p_20_so4_a2_SRF,147,0.999996696,0.991736617,1.661964699,0.034917066,1
zfp_p_20_so4_a2_SRF,148,0.999999366,0.983593835,1.698133681,0.00490696,1
zfp_p_20_so4_a2_SRF,149,0.999999847,0.983593835,1.658347801,0.010544939,1
zfp_p_20_so4_a2_SRF,150,0.999999868,0.984701462,1.414207176,0.013936262,1
zfp_p_20_so4_a2_SRF,151,0.99999993,1,1.385271991,0.014679917,1
zfp_p_20_so4_a2_SRF,152,0.999998289,0.978603241,1.517288773,0.00574111,1
zfp_p_20_so4_a2_SRF,153,0.999971149,0.988607252,1.725260417,0.026186234,1
zfp_p_20_so4_a2_SRF,154,0.999973598,1,1.553457755,0.017052138,1
zfp_p_20_so4_a2_SRF,155,0.999972945,1,1.417824074,0.042715866,1
zfp_p_20_so4_a2_SRF,156,0.999998214,0.963839623,1.426866319,0.08525749,1
zfp_p_20_so4_a2_SRF,157,0.999895403,0.991736617,1.661964699,0.247010801,1
zfp_p_20_so4_a2_SRF,158,0.99999863,0.988607252,1.783130787,0.01884469,1
zfp_p_20_so4_a2_SRF,159,0.999955232,0.991736617,1.730685764,0.032586865,1
zfp_p_20_so4_a2_SRF,160,0.999999074,0.982431307,1.528139468,0.04135889,1
zfp_p_20_so4_a2_SRF,161,0.999999941,0.991022216,1.62037037,0.017651311,1
zfp_p_20_so4_a2_SRF,162,0.999996626,0.991022216,1.549840856,0.175991913,1
zfp_p_20_so4_a2_SRF,163,1,0.989458959,1.372612847,0.005123102,1
zfp_p_20_so4_a2_SRF,164,0.999957738,0.990263477,1.817491319,0.03582538,1
zfp_p_20_so4_a2_SRF,165,0.999987578,0.991736617,1.779513889,0.008123708,1
zfp_p_20_so4_a2_SRF,166,0.999945453,0.987706977,1.692708333,0.132349092,1
zfp_p_20_so4_a2_SRF,167,0.999997388,0.984701462,1.763237847,0.017726593,1
zfp_p_20_so4_a2_SRF,168,1,0.990263477,1.774088542,0.012450636,1
zfp_p_20_so4_a2_SRF,169,0.999954374,0.988607252,1.942274306,0.039638212,1
zfp_p_20_so4_a2_SRF,170,0.999995117,0.987706977,1.987485532,0.085768093,1
zfp_p_20_so4_a2_SRF,171,0.999991216,0.991736617,1.844618056,0.572962293,1
zfp_p_20_so4_a2_SRF,172,0.99998024,0.990263477,1.365379051,0.014507815,1
zfp_p_20_so4_a2_SRF,173,0.999981054,0.990263477,1.314742477,0.065800771,1
zfp_p_20_so4_a2_SRF,174,0.999861197,0.988607252,1.495587384,0.024233147,1
zfp_p_20_so4_a2_SRF,175,0.999998745,0.972667733,1.392505787,0.117063414,1
zfp_p_20_so4_a2_SRF,176,0.999999219,0.991022216,1.394314236,0.005519627,1
zfp_p_20_so4_a2_SRF,177,0.99999957,0.989458959,1.511863426,0.026328962,1
zfp_p_20_so4_a2_SRF,178,1,0.991022216,1.671006944,0.002755373,1
zfp_p_20_so4_a2_SRF,179,0.99990929,0.984701462,1.593243634,0.014193939,1
zfp_p_20_so4_a2_SRF,180,0.999998967,0.991022216,1.453993056,0.088811014,1
zfp_p_20_so4_a2_SRF,181,0.999965442,0.959854801,1.826533565,0.047579948,1
zfp_p_20_so4_a2_SRF,182,1,1,1.636646412,0.023017879,1
zfp_p_20_so4_a2_SRF,183,0.999980101,1,1.99291088,0.025508971,1
zfp_p_20_so4_a2_SRF,184,0.999992824,0.991736617,1.893446181,0.123646703,1
zfp_p_20_so4_a2_SRF,185,0.99997877,0.975757287,2.041739005,0.017739222,1
zfp_p_20_so4_a2_SRF,186,1,0.987706977,1.89525463,0.020055753,1
zfp_p_20_so4_a2_SRF,187,0.999999903,0.953382068,1.587818287,0.014979449,1
zfp_p_20_so4_a2_SRF,188,1,0.990263477,1.714409722,0.017987112,1
zfp_p_20_so4_a2_SRF,189,0.999996195,0.999999993,1.958550347,0.017340592,1
zfp_p_20_so4_a2_SRF,190,0.999999922,0.991022216,2.061631944,0.007077387,1
zfp_p_20_so4_a2_SRF,191,0.999999928,0.969328356,2.49927662,0.275068411,1
zfp_p_20_so4_a2_SRF,192,0.999999967,0.985755371,1.994719329,0.080000894,1
zfp_p_20_so4_a2_SRF,193,0.999999444,0.988607252,2.153862847,0.106924205,1
zfp_p_20_so4_a2_SRF,194,0.999990561,0.990263477,1.676432292,0.008829463,1
zfp_p_20_so4_a2_SRF,195,0.999999781,0.991022216,1.399739583,0.004062948,1
zfp_p_20_so4_a2_SRF,196,0.999929305,1,1.457609954,0.005993973,1
zfp_p_20_so4_a2_SRF,197,0.999993035,1,1.593243634,0.009795447,1
zfp_p_20_so4_a2_SRF,198,0.999969692,0.985755371,1.727068866,0.098646994,1
zfp_p_20_so4_a2_SRF,199,0.999950869,1,1.944082755,0.151190199,1
zfp_p_20_so4_a2_SRF,200,0.99999962,0.999820854,2.045355903,0.052683259,1
zfp_p_20_so4_a2_SRF,201,0.999999699,0.989458959,1.748770255,0.006720943,1
zfp_p_20_so4_a2_SRF,202,0.999992097,0.974243371,1.734302662,0.004649544,1
zfp_p_20_so4_a2_SRF,203,0.999982826,0.990263477,1.846426505,0.003648645,1
zfp_p_20_so4_a2_SRF,204,0.999999898,0.989458959,1.495587384,0.024132033,1
zfp_p_20_so4_a2_SRF,205,0.999974511,0.999999999,1.473885995,0.001674815,1
zfp_p_20_so4_a2_SRF,206,0.999999867,1,1.318359375,0.002948446,1
zfp_p_20_so4_a2_SRF,207,0.999979918,1,1.244212963,0.00278911,1
zfp_p_20_so4_a2_SRF,208,0.999996578,0.977210288,1.283998843,0.002264907,1
zfp_p_20_so4_a2_SRF,209,1,0.991022216,1.546223958,0.005735349,1
zfp_p_20_so4_a2_SRF,210,0.999992314,0.991022216,1.60228588,0.002347501,1
zfp_p_20_so4_a2_SRF,211,0.999988603,0.991736617,1.944082755,0.099869721,1
zfp_p_20_so4_a2_SRF,212,0.999999577,0.957763548,2.007378472,0.015593355,1
zfp_p_20_so4_a2_SRF,213,1,0.991022216,2.114076968,0.017063701,1
zfp_p_20_so4_a2_SRF,214,0.999975209,0.982431307,2.291304977,0.028765439,1
zfp_p_20_so4_a2_SRF,215,1,0.989458959,2.029079861,0.00953648,1
zfp_p_20_so4_a2_SRF,216,0.999879368,0.977210288,2.133969907,0.015519921,1
zfp_p_20_so4_a2_SRF,217,0.999935203,0.991022216,1.963975694,0.033896057,1
zfp_p_20_so4_a2_SRF,218,0.999999988,0.982431307,1.868127894,0.003334772,1
zfp_p_20_so4_a2_SRF,219,0.99999455,0.972667733,1.931423611,0.004644044,1
zfp_p_20_so4_a2_SRF,220,0.999947014,1,1.819299769,0.010712632,1
zfp_p_20_so4_a2_SRF,221,0.999995001,1,1.774088542,0.014695367,1
zfp_p_20_so4_a2_SRF,222,0.999937143,0.983593835,2.016420718,0.016223193,1
zfp_p_20_so4_a2_SRF,223,0.99999745,0.984701462,2.079716435,0.031430777,1
zfp_p_20_so4_a2_SRF,224,0.999995502,0.991022216,2.152054398,0.052007453,1
zfp_p_20_so4_a2_SRF,225,0.999999729,0.969328356,2.16833044,0.022253699,1
zfp_p_20_so4_a2_SRF,226,0.999978097,0.988607252,2.034505208,0.00965207,1
zfp_p_20_so4_a2_SRF,227,0.99999331,0.979937068,1.868127894,0.073194685,1
zfp_p_20_so4_a2_SRF,228,1,0.985755371,1.689091435,0.006201445,1
zfp_p_20_so4_a2_SRF,229,0.999984903,0.987706977,1.886212384,0.007035232,1
zfp_p_20_so4_a2_SRF,230,0.999999342,0.971029624,1.403356481,0.004848739,1
zfp_p_20_so4_a2_SRF,231,0.999996941,0.991736617,1.332826968,0.002541069,1
zfp_p_20_so4_a2_SRF,232,0.999944046,0.987706977,1.841001157,0.010573993,1
zfp_p_20_so4_a2_SRF,233,0.999999866,0.982431307,1.971209491,0.011528345,1
zfp_p_20_so4_a2_SRF,234,0.99999914,0.986756786,1.69994213,0.004787224,1
zfp_p_20_so4_a2_SRF,235,1,0.981212746,1.678240741,0.021144833,1
zfp_p_20_so4_a2_SRF,236,1,0.9675633,1.756004051,0.005822762,1
zfp_p_20_so4_a2_SRF,237,0.999984084,0.989458959,1.752387153,0.004374458,1
zfp_p_20_so4_a2_SRF,238,0.999902522,0.981212746,1.517288773,0.006722702,1
zfp_p_20_so4_a2_SRF,239,0.999997391,0.983593835,1.596860532,0.005675795,1
zfp_p_20_so4_a2_SRF,240,0.99999985,0.987706977,1.587818287,0.009011654,1
zfp_p_20_so4_a2_SRF,241,0.99999789,0.987706977,1.949508102,0.009058146,1
zfp_p_20_so4_a2_SRF,242,0.99999952,1,1.971209491,0.011105256,1
zfp_p_20_so4_a2_SRF,243,0.999981184,1,1.291232639,0.00292436,1
zfp_p_20_so4_a2_SRF,244,1,0.991022216,1.882595486,0.004409837,1
zfp_p_20_so4_a2_SRF,245,1,0.971029624,1.991102431,0.013633746,1
zfp_p_20_so4_a2_SRF,246,1,0.983593835,1.878978588,0.008026881,1
zfp_p_20_so4_a2_SRF,247,1,0.990263477,1.712601273,0.003833794,1
zfp_p_20_so4_a2_SRF,248,0.999992339,1,1.605902778,0.007803737,1
zfp_p_20_so4_a2_SRF,249,0.999999777,0.987706977,1.969401042,0.009569442,1
zfp_p_20_so4_a2_SRF,250,0.999998805,0.999252033,1.87536169,0.018386471,1
zfp_p_20_so4_a2_SRF,251,1,0.981212746,1.991102431,0.047627637,1
zfp_p_20_so4_a2_SRF,252,0.999985138,0.991736617,1.951316551,0.007357464,1
zfp_p_20_so4_a2_SRF,253,1,0.961880053,1.862702546,0.00612233,1
zfp_p_20_so4_a2_SRF,254,0.999999726,0.989458959,1.531756366,0.015902855,1
zfp_p_20_so4_a2_SRF,255,0.999937536,0.984701462,1.150173611,0.002316684,1
zfp_p_20_so4_a2_SRF,256,0.999996347,0.982431307,1.535373264,0.00362238,1
zfp_p_20_so4_a2_SRF,257,1,0.982431307,1.779513889,0.014562764,1
zfp_p_20_so4_a2_SRF,258,1,0.987706977,1.801215278,0.002607437,1
zfp_p_20_so4_a2_SRF,259,0.999998759,0.989458959,1.636646412,0.006774118,1
zfp_p_20_so4_a2_SRF,260,0.999998307,0.988607252,1.723451968,0.002664048,1
zfp_p_20_so4_a2_SRF,261,0.99999988,0.985755371,1.298466435,0.003896383,1
zfp_p_20_so4_a2_SRF,262,0.999999805,1,1.437717014,0.007909522,1
zfp_p_20_so4_a2_SRF,263,0.999953651,1,1.544415509,0.014557046,1
zfp_p_20_so4_a2_SRF,264,0.999974589,0.991022216,1.768663194,0.00249674,1
zfp_p_20_so4_a2_SRF,265,1,0.987706977,2.036313657,0.008479839,1
zfp_p_20_so4_a2_SRF,266,0.999999252,0.984701462,2.048972801,0.013121375,1
zfp_p_20_so4_a2_SRF,267,0.999960793,0.989458959,1.859085648,0.003346145,1
zfp_p_20_so4_a2_SRF,268,0.999999408,0.989458959,1.538990162,0.004595399,1
zfp_p_20_so4_a2_SRF,269,0.999928014,0.961880053,1.904296875,0.007221537,1
zfp_p_20_so4_a2_SRF,270,0.999885202,0.988607252,1.907913773,0.004668701,1
zfp_p_20_so4_a2_SRF,271,1,0.987706977,1.79759838,0.00335567,1
zfp_p_20_so4_a2_SRF,272,0.999968103,0.993628511,1.663773148,0.004483658,1
zfp_p_20_so4_a2_SRF,273,0.999999915,0.989458959,1.665581597,0.050443564,1
zfp_p_20_so4_a2_SRF,274,0.99999999,0.988607252,1.983868634,0.010237559,1
zfp_p_20_so4_a2_SRF,275,0.999970216,0.985755371,1.768663194,0.004232842,1
zfp_p_20_so4_a2_SRF,276,0.999961302,0.982431307,1.756004051,0.004616389,1
zfp_p_20_so4_a2_SRF,277,0.999984561,0.978603241,1.743344907,0.003388153,1
zfp_p_20_so4_a2_SRF,278,0.999999996,0.991736617,1.813874421,0.007926046,1
zfp_p_20_so4_a2_SRF,279,0.999996614,0.990263477,2.025462963,0.0029059,1
zfp_p_20_so4_a2_SRF,280,1,0.987706977,1.958550347,0.023236891,1
zfp_p_20_so4_a2_SRF,281,0.999984539,0.981212746,2.137586806,0.013763077,1
zfp_p_20_so4_a2_SRF,282,0.99999991,0.987706977,2.215350116,0.008239743,1
zfp_p_20_so4_a2_SRF,283,0.999982426,0.985755371,2.437789352,0.00910993,1
zfp_p_20_so4_a2_SRF,284,0.999990198,0.981212746,1.915147569,0.011986469,1
zfp_p_20_so4_a2_SRF,285,1,0.998360595,1.884403935,0.009462573,1
zfp_p_20_so4_a2_SRF,286,0.999934849,1,2.153862847,0.005844139,1
zfp_p_20_so4_a2_SRF,287,0.999998073,1,2.275028935,0.00960633,1
zfp_p_20_so4_a2_SRF,288,0.999999885,0.985755371,2.179181134,0.017986639,1
zfp_p_20_so4_a2_SRF,289,1,0.984701462,2.318431713,0.072349203,1
zfp_p_20_so4_a2_SRF,290,0.999994095,0.985755371,2.146629051,0.02365446,1
zfp_p_20_so4_a2_SRF,291,0.999993871,0.987706977,1.983868634,0.008315645,1
zfp_p_20_so4_a2_SRF,292,0.999999988,0.992408142,1.978443287,0.016467906,1
zfp_p_20_so4_a2_SRF,293,0.999969442,0.983593835,1.980251736,0.00410612,1
zfp_p_20_so4_a2_SRF,294,0.9999994,0.991736617,1.893446181,0.011293594,1
zfp_p_20_so4_a2_SRF,295,0.999980845,0.988607252,2.068865741,0.01441889,1
zfp_p_20_so4_a2_SRF,296,0.999952306,0.989458959,2.162905093,0.116583209,1
zfp_p_20_so4_a2_SRF,297,0.999970961,0.972667733,2.228009259,0.107704416,1
zfp_p_20_so4_a2_SRF,298,0.99988709,0.985755371,2.141203704,0.012170422,1
zfp_p_20_so4_a2_SRF,299,0.999999995,0.979937068,2.293113426,0.020013018,1
zfp_p_20_so4_a2_SRF,300,0.999991992,0.963839623,1.866319444,0.10506612,1
zfp_p_20_so4_a2_SRF,301,0.999999545,0.984701462,1.91333912,0.00492938,1
zfp_p_20_so4_a2_SRF,302,0.999999962,0.991736617,1.68004919,0.004441171,1
zfp_p_20_so4_a2_SRF,303,0.999999025,0.981212746,1.909722222,0.014535707,1
zfp_p_20_so4_a2_SRF,304,0.999984406,0.987706977,1.953125,0.016461539,1
zfp_p_20_so4_a2_SRF,305,0.999929404,0.986756786,1.790364583,0.040422106,1
zfp_p_20_so4_a2_SRF,306,0.999999519,0.985755371,1.804832176,0.031630975,1
zfp_p_20_so4_a2_SRF,307,0.999999588,0.989458959,1.918764468,0.054574889,1
zfp_p_20_so4_a2_SRF,308,0.999974153,0.983593835,1.754195602,0.015324387,1
zfp_p_20_so4_a2_SRF,309,1,0.983593835,1.886212384,0.011831912,1
zfp_p_20_so4_a2_SRF,310,0.999999798,0.975757287,2.106843171,0.012798019,1
zfp_p_20_so4_a2_SRF,311,0.999984164,0.988607252,1.897063079,0.009904804,1
zfp_p_20_so4_a2_SRF,312,0.999972937,0.984701462,1.821108218,0.010825786,1
zfp_p_20_so4_a2_SRF,313,0.999977507,0.983593835,1.743344907,0.005058023,1
zfp_p_20_so4_a2_SRF,314,0.999974093,0.977210288,1.604094329,0.034972443,1
zfp_p_20_so4_a2_SRF,315,0.999998476,1,1.634837963,0.003009703,1
zfp_p_20_so4_a2_SRF,316,0.999995659,0.9976711,1.524522569,0.005734567,1
zfp_p_20_so4_a2_SRF,317,0.999999405,0.985755371,1.470269097,0.004669567,1
zfp_p_20_so4_a2_SRF,318,0.999996048,0.987706977,1.450376157,0.010403753,1
zfp_p_20_so4_a2_SRF,319,0.999982112,0.982431307,1.508246528,0.010774496,1
zfp_p_20_so4_a2_SRF,320,0.999998572,0.969328356,1.529947917,0.020094011,1
zfp_p_20_so4_a2_SRF,321,0.999981424,0.985755371,1.526331019,0.008095245,1
zfp_p_20_so4_a2_SRF,322,0.999992179,0.983593835,1.179108796,0.003532136,1
zfp_p_20_so4_a2_SRF,323,0.99999926,1,1.356336806,0.004791686,1
zfp_p_20_so4_a2_SRF,324,0.999999734,1,1.273148148,0.004607267,1
zfp_p_20_so4_a2_SRF,325,0.999997314,0.999991714,1.519097222,0.004107974,1
zfp_p_20_so4_a2_SRF,326,0.999983616,0.982431307,1.784939236,0.015430104,1
zfp_p_20_so4_a2_SRF,327,0.999987238,0.991022216,1.576967593,0.006474527,1
zfp_p_20_so4_a2_SRF,328,0.999963747,0.993038273,1.866319444,0.017651845,1
zfp_p_20_so4_a2_SRF,329,0.9999784,0.996417342,1.625795718,0.0162577,1
zfp_p_20_so4_a2_SRF,330,0.999994604,0.991736617,1.779513889,0.021417315,1
zfp_p_20_so4_a2_SRF,331,0.999999861,0.984701462,1.786747685,0.055480776,1
zfp_p_20_so4_a2_SRF,332,0.999989798,0.987706977,1.457609954,0.006799601,1
zfp_p_20_so4_a2_SRF,333,0.999984049,0.977210288,1.303891782,0.00137914,1
zfp_p_20_so4_a2_SRF,334,0.999999691,0.992408142,1.303891782,0.003456353,1
zfp_p_20_so4_a2_SRF,335,0.999999176,1,1.280381944,0.00496253,1
zfp_p_20_so4_a2_SRF,336,0.999998091,0.998360595,1.171875,0.002140003,1
zfp_p_20_so4_a2_SRF,337,0.999999939,0.989458959,1.188151042,0.003757057,1
zfp_p_20_so4_a2_SRF,338,0.999993068,0.999999892,1.159215856,0.005619511,1
zfp_p_20_so4_a2_SRF,339,0.999999529,0.972667733,1.246021412,0.014158669,1
zfp_p_20_so4_a2_SRF,340,0.999947071,0.983593835,1.21166088,0.014248126,1
zfp_p_20_so4_a2_SRF,341,0.999998847,0.993038273,1.423249421,0.014833585,1
zfp_p_20_so4_a2_SRF,342,0.999999456,0.989458959,1.390697338,0.008953452,1
zfp_p_20_so4_a2_SRF,343,0.99999949,0.991736617,1.586009838,0.029672156,1
zfp_p_20_so4_a2_SRF,344,0.999992054,0.985755371,1.408781829,0.007467041,1
zfp_p_20_so4_a2_SRF,345,0.999979838,0.987706977,1.558883102,0.013680437,1
zfp_p_20_so4_a2_SRF,346,1,0.986756786,1.472077546,0.006649763,1
zfp_p_20_so4_a2_SRF,347,0.999967245,0.991736617,1.274956597,0.003922573,1
zfp_p_20_so4_a2_SRF,348,0.999997166,0.983593835,1.359953704,0.009535949,1
zfp_p_20_so4_a2_SRF,349,0.999997007,0.990263477,1.204427083,0.008528432,1
zfp_p_20_so4_a2_SRF,350,0.999994581,1,1.455801505,0.004514596,1
zfp_p_20_so4_a2_SRF,351,0.999982234,0.986756786,1.54260706,0.014448417,1
zfp_p_20_so4_a2_SRF,352,0.999996333,0.987706977,1.481119792,0.066933944,1
zfp_p_20_so4_a2_SRF,353,0.999989705,0.999999998,1.555266204,0.036819693,1
zfp_p_20_so4_a2_SRF,354,0.999995913,1,1.575159144,0.011068448,1
zfp_p_20_so4_a2_SRF,355,0.999997926,0.987706977,1.519097222,0.027994412,1
zfp_p_20_so4_a2_SRF,356,0.999998888,0.981212746,1.473885995,0.019943894,1
zfp_p_20_so4_a2_SRF,357,1,0.985755371,1.60228588,0.033653729,1
zfp_p_20_so4_a2_SRF,358,0.999964051,0.981212746,1.712601273,0.0034751,1
zfp_p_20_so4_a2_SRF,359,0.999994889,0.984701462,1.613136574,0.008637407,1
zfp_p_20_so4_a2_SRF,360,0.999999968,0.999996437,1.701750579,0.014802443,1
zfp_p_20_so4_a2_SRF,361,0.999992031,0.975757287,1.868127894,0.017299862,1
zfp_p_20_so4_a2_SRF,362,1,1,1.956741898,0.021378856,1
zfp_p_20_so4_a2_SRF,363,0.999969115,1,1.671006944,0.019958555,1
zfp_p_20_so4_a2_SRF,364,0.999996624,0.990263477,1.587818287,0.005910777,1
zfp_p_20_so4_a2_SRF,365,0.999999418,0.992408142,1.627604167,0.011456123,1
zfp_p_20_so4_a2_SRF,366,0.99998757,0.987706977,1.359953704,0.008172379,1
zfp_p_20_so4_a2_SRF,367,0.999992029,0.999999982,1.470269097,0.002549118,1
zfp_p_20_so4_a2_SRF,368,0.99999132,0.984701462,1.614945023,0.009705021,1
zfp_p_20_so4_a2_SRF,369,0.999995573,1,1.656539352,0.067488979,1
zfp_p_20_so4_a2_SRF,370,0.999996045,0.999963894,1.690899884,0.005089213,1
zfp_p_20_so4_a2_SRF,371,0.999997224,0.986756786,1.479311343,0.066910434,1
zfp_p_20_so4_a2_SRF,372,0.99999192,0.990263477,1.32740162,0.019339221,1
zfp_p_20_so4_a2_SRF,373,0.999999978,0.990263477,1.262297454,0.002645252,1
zfp_p_20_so4_a2_SRF,374,0.999990817,0.985755371,1.24963831,0.010195637,1
zfp_p_20_so4_a2_SRF,375,0.999999928,0.986756786,1.293041088,0.005481699,1
zfp_p_20_so4_a2_SRF,376,0.999987215,0.978603241,1.282190394,0.002944592,1
zfp_p_20_so4_a2_SRF,377,0.999988347,0.991022216,1.399739583,0.003140184,1
zfp_p_20_so4_a2_SRF,378,0.999997935,0.991736617,1.311125579,0.003242318,1
zfp_p_20_so4_a2_SRF,379,0.999978407,0.999999954,1.307508681,0.007436122,1
zfp_p_20_so4_a2_SRF,380,0.99999258,0.999999998,1.408781829,0.00785783,1
zfp_p_20_so4_a2_SRF,381,0.999991378,0.999700262,1.30931713,0.00331398,1
zfp_p_20_so4_a2_SRF,382,1,0.979937068,1.446759259,0.003439371,1
zfp_p_20_so4_a2_SRF,383,0.999992465,0.969328356,1.341869213,0.010374687,1
zfp_p_20_so4_a2_SRF,384,0.999987515,0.981212746,1.177300347,0.008976498,1
zfp_p_20_so4_a2_SRF,385,0.999998924,0.991736617,1.378038194,0.00442433,1
zfp_p_20_so4_a2_SRF,386,0.999996709,0.974243371,1.258680556,0.003727988,1
zfp_p_20_so4_a2_SRF,387,0.999956871,0.975757287,1.200810185,0.014018098,1
zfp_p_20_so4_a2_SRF,388,0.999993273,0.986756786,1.303891782,0.003417978,1
zfp_p_20_so4_a2_SRF,389,1,0.991736617,1.184534144,0.003083967,1
zfp_p_20_so4_a2_SRF,390,0.999987388,0.979937068,1.139322917,0.002307302,1
zfp_p_20_so4_a2_SRF,391,0.999999392,0.985755371,1.358145255,0.005712074,1
zfp_p_20_so4_a2_SRF,392,0.999998958,0.986756786,1.441333912,0.028135591,1
zfp_p_20_so4_a2_SRF,393,0.999999681,0.978603241,1.54260706,0.007464582,1
zfp_p_20_so4_a2_SRF,394,0.999999796,0.986756786,1.560691551,0.063267882,1
zfp_p_20_so4_a2_SRF,395,0.999993916,0.986756786,0.933159722,0.003573915,1
zfp_p_20_so4_a2_SRF,396,0.999994431,0.992408142,0.985604745,0.005316376,1
zfp_p_20_so4_a2_SRF,397,0.999995087,0.979937068,1.039858218,0.012295094,1
zfp_p_20_so4_a2_SRF,398,0.999888724,0.999439824,0.991030093,0.001917659,1
zfp_p_20_so4_a2_SRF,399,0.999994813,1,1.226128472,0.002578884,1
zfp_p_20_so4_a2_SRF,400,0.999969325,0.991736617,1.374421296,0.022984445,1
zfp_p_20_so4_a2_SRF,401,0.999999602,0.981212746,1.361762153,0.010603223,1
zfp_p_20_so4_a2_SRF,402,0.999998687,0.992408142,1.188151042,0.009719022,1
zfp_p_20_so4_a2_SRF,403,0.999968036,1,1.455801505,0.009044109,1
zfp_p_20_so4_a2_SRF,404,0.999996654,0.99999736,1.685474537,0.004415022,1
zfp_p_20_so4_a2_SRF,405,0.999998778,0.986756786,1.378038194,0.008971509,1
zfp_p_20_so4_a2_SRF,406,0.999979936,0.981212746,1.3671875,0.018181554,1
zfp_p_20_so4_a2_SRF,407,0.999985077,0.972667733,1.560691551,0.014261874,1
zfp_p_20_so4_a2_SRF,408,0.999994323,0.977210288,1.576967593,0.006012079,1
zfp_p_20_so4_a2_SRF,409,0.999990529,0.978603241,1.573350694,0.005374325,1
zfp_p_20_so4_a2_SRF,410,0.999989144,0.992408142,1.453993056,0.004182517,1
zfp_p_20_so4_a2_SRF,411,1,0.989458959,1.164641204,0.002343961,1
zfp_p_20_so4_a2_SRF,412,0.99999369,0.983593835,1.07421875,0.003892899,1
zfp_p_20_so4_a2_SRF,413,0.999994119,0.987706977,1.000072338,0.002476139,1
zfp_p_20_so4_a2_SRF,414,0.999993029,0.991022216,1.374421296,0.012259315,1
zfp_p_20_so4_a2_SRF,415,0.999995541,0.989458959,1.50462963,0.003824086,1
zfp_p_20_so4_a2_SRF,416,0.999998086,0.985755371,1.334635417,0.009142153,1
zfp_p_20_so4_a2_SRF,417,0.999972892,0.987706977,1.38708044,0.012028493,1
zfp_p_20_so4_a2_SRF,418,0.999974752,0.974243371,1.341869213,0.003817901,1
zfp_p_20_so4_a2_SRF,419,0.999989732,0.991022216,1.410590278,0.003418469,1
zfp_p_20_so4_a2_SRF,420,0.999980915,1,1.569733796,0.005189432,1
zfp_p_20_so4_a2_SRF,421,0.999986483,0.974243371,1.490162037,0.002861201,1
zfp_p_20_so4_a2_SRF,422,0.999899861,0.984701462,1.276765046,0.00701393,1
zfp_p_20_so4_a2_SRF,423,0.999995595,0.983593835,1.618561921,0.004146135,1
zfp_p_20_so4_a2_SRF,424,0.999965658,0.988607252,1.549840856,0.012211025,1
zfp_p_20_so4_a2_SRF,425,0.999987686,0.989458959,1.658347801,0.012806034,1
zfp_p_20_so4_a2_SRF,426,0.999976678,0.990263477,2.222583912,0.017974238,1
zfp_p_20_so4_a2_SRF,427,0.999978168,0.987706977,1.50462963,0.007477661,1
zfp_p_20_so4_a2_SRF,428,0.999989189,0.992408142,1.613136574,0.002670835,1
zfp_p_20_so4_a2_SRF,429,0.999992099,1,1.750578704,0.006731721,1
zfp_p_20_so4_a2_SRF,430,1,0.984701462,1.553457755,0.021448195,1
zfp_p_20_so4_a2_SRF,431,0.999981805,0.987706977,1.338252315,0.005790538,1
zfp_p_20_so4_a2_SRF,432,0.999996886,0.9675633,1.538990162,0.01559769,1
zfp_p_20_so4_a2_SRF,433,0.999998136,0.988607252,1.618561921,0.01763236,1
zfp_p_20_so4_a2_SRF,434,0.999937635,0.94126277,1.694516782,0.008795221,1
zfp_p_20_so4_a2_SRF,435,0.999999913,0.975757287,1.271339699,0.009108434,1
zfp_p_20_so4_a2_SRF,436,0.999997799,0.979937068,1.46484375,0.014442998,1
zfp_p_20_so4_a2_SRF,437,0.999973336,0.975757287,1.439525463,0.018381867,1
zfp_p_20_so4_a2_SRF,438,0.999994706,0.981212746,1.251446759,0.004357289,1
zfp_p_20_so4_a2_SRF,439,0.999988468,0.989458959,1.193576389,0.002476742,1
zfp_p_20_so4_a2_SRF,440,0.999996032,0.981212746,1.332826968,0.003847666,1
zfp_p_20_so4_a2_SRF,441,0.999999084,0.969328356,1.388888889,0.003298269,1
zfp_p_20_so4_a2_SRF,442,0.999999295,0.982431307,1.332826968,0.006347477,1
zfp_p_20_so4_a2_SRF,443,1,0.991736617,1.213469329,0.003364672,1
zfp_p_20_so4_a2_SRF,444,0.999977717,0.972667733,1.137514468,0.008453484,1
zfp_p_20_so4_a2_SRF,445,0.999989415,0.988607252,1.276765046,0.003595825,1
zfp_p_20_so4_a2_SRF,446,0.999970202,0.983593835,1.238787616,0.001966133,1
zfp_p_20_so4_a2_SRF,447,0.999992771,0.991022216,1.265914352,0.001764673,1
zfp_p_20_so4_a2_SRF,448,0.999998017,0.979937068,1.276765046,0.00282461,1
zfp_p_20_so4_a2_SRF,449,0.999979454,0.989458959,1.251446759,0.002124124,1
zfp_p_20_so4_a2_SRF,450,0.99999166,0.986756786,1.202618634,0.018070754,1
zfp_p_20_so4_a2_SRF,451,0.999999567,0.988607252,1.349103009,0.004203344,1
zfp_p_20_so4_a2_SRF,452,0.999988954,0.985755371,1.34729456,0.00681954,1
zfp_p_20_so4_a2_SRF,453,1,0.977210288,1.294849537,0.012745049,1
zfp_p_20_so4_a2_SRF,454,0.999831077,0.988607252,1.233362269,0.003276082,1
zfp_p_20_so4_a2_SRF,455,1,0.981212746,1.264105903,0.009112867,1
zfp_p_20_so4_a2_SRF,456,0.999975739,0.991736617,1.227936921,0.016870941,1
zfp_p_20_so4_a2_SRF,457,0.999990824,0.981212746,0.985604745,0.004370776,1
zfp_p_20_so4_a2_SRF,458,0.99992937,0.979937068,0.884331597,0.001768518,1
zfp_p_20_so4_a2_SRF,459,0.999996189,0.984701462,1.085069444,0.00294687,1
zfp_p_20_so4_a2_SRF,460,0.999992521,0.983593835,1.13208912,0.002202109,1
zfp_p_20_so4_a2_SRF,461,0.999986225,0.986756786,1.22974537,0.002417539,1
zfp_p_20_so4_a2_SRF,462,0.999929687,0.986756786,1.202618634,0.024000177,1
zfp_p_20_so4_a2_SRF,463,0.999999573,0.993038273,1.273148148,0.003028783,1
zfp_p_20_so4_a2_SRF,464,1,0.990263477,1.123046875,0.002669595,1
zfp_p_20_so4_a2_SRF,465,0.999984939,0.986756786,1.144748264,0.002983358,1
zfp_p_20_so4_a2_SRF,466,0.999333329,0.979937068,1.236979167,0.003213978,1
zfp_p_20_so4_a2_SRF,467,0.99996409,0.994180369,1.218894676,0.009048015,1
zfp_p_20_so4_a2_SRF,468,0.99999966,0.988607252,1.137514468,0.001968387,1
zfp_p_20_so4_a2_SRF,469,1,0.984701462,1.072410301,0.004011298,1
zfp_p_20_so4_a2_SRF,470,0.999998947,0.983593835,1.200810185,0.003838946,1
zfp_p_20_so4_a2_SRF,471,0.999999002,0.986756786,1.396122685,0.003861027,1
zfp_p_20_so4_a2_SRF,472,0.999964959,0.978603241,1.390697338,0.013400351,1
zfp_p_20_so4_a2_SRF,473,0.999956209,0.986756786,1.274956597,0.02938725,1
zfp_p_20_so4_a2_SRF,474,0.999994209,0.988607252,1.104962384,0.003043806,1
zfp_p_20_so4_a2_SRF,475,1,0.989458959,1.242404514,0.012485081,1
zfp_p_20_so4_a2_SRF,476,0.999985203,0.990263477,1.242404514,0.004270112,1
zfp_p_20_so4_a2_SRF,477,0.999967101,0.985755371,1.255063657,0.026673236,1
zfp_p_20_so4_a2_SRF,478,0.999964845,0.990263477,1.123046875,0.007045006,1
zfp_p_20_so4_a2_SRF,479,0.999999788,0.979937068,1.153790509,0.001959677,1
zfp_p_20_so4_a2_SRF,480,0.999988231,0.997096779,1.247829861,0.012415463,1
zfp_p_20_so4_a2_SRF,481,0.99996195,0.996034503,1.396122685,0.026329618,1
zfp_p_20_so4_a2_SRF,482,0.99999995,0.984701462,1.314742477,0.017673913,1
zfp_p_20_so4_a2_SRF,483,1,0.991022216,1.282190394,0.026030641,1
zfp_p_20_so4_a2_SRF,484,0.999999728,0.985755371,1.363570602,0.015266321,1
zfp_p_20_so4_a2_SRF,485,1,0.986756786,1.359953704,0.018799468,1
zfp_p_20_so4_a2_SRF,486,0.999999856,0.987706977,1.356336806,0.004272361,1
zfp_p_20_so4_a2_SRF,487,0.999994193,0.991736617,1.365379051,0.004781893,1
zfp_p_20_so4_a2_SRF,488,0.999999973,0.991022216,1.48473669,0.003093815,1
zfp_p_20_so4_a2_SRF,489,0.999999573,0.988607252,1.481119792,0.011319444,1
zfp_p_20_so4_a2_SRF,490,0.999958742,0.999786331,1.370804398,0.002328976,1
zfp_p_20_so4_a2_SRF,491,1,0.999998593,1.189959491,0.001623763,1
zfp_p_20_so4_a2_SRF,492,0.999995653,1,1.168258102,0.004395619,1
zfp_p_20_so4_a2_SRF,493,0.999999293,0.987706977,1.188151042,0.010667761,1
zfp_p_20_so4_a2_SRF,494,0.999998977,0.990263477,1.343677662,0.004654481,1
zfp_p_20_so4_a2_SRF,495,0.999939077,0.991022216,1.341869213,0.004725041,1
zfp_p_20_so4_a2_SRF,496,1,0.984701462,1.587818287,0.003423326,1
zfp_p_20_so4_a2_SRF,497,0.999956189,0.986756786,1.573350694,0.003837446,1
zfp_p_20_so4_a2_SRF,498,1,0.986756786,1.397931134,0.040063441,1
zfp_p_20_so4_a2_SRF,499,0.999990076,0.989458959,1.408781829,0.016314653,1
zfp_p_20_so4_a2_SRF,500,0.9999993,0.987706977,1.889829282,0.038490369,1
zfp_p_20_so4_a2_SRF,501,0.999992982,0.991022216,1.859085648,0.164753908,1
zfp_p_20_so4_a2_SRF,502,0.999993724,0.986756786,1.672815394,0.026811927,1
zfp_p_20_so4_a2_SRF,503,0.999998811,0.981212746,1.651114005,0.029142068,1
zfp_p_20_so4_a2_SRF,504,1,0.994695369,2.003761574,0.051491047,1
zfp_p_20_so4_a2_SRF,505,0.999944794,0.995620909,1.77770544,0.085258465,1
zfp_p_20_so4_a2_SRF,506,0.999999993,0.991022216,1.701750579,0.047721761,1
zfp_p_20_so4_a2_SRF,507,0.9999715,0.987706977,1.531756366,0.097378366,1
zfp_p_20_so4_a2_SRF,508,1,0.986756786,1.524522569,0.185171391,1
zfp_p_20_so4_a2_SRF,509,0.999999953,0.991736617,1.58239294,0.009903272,1
zfp_p_20_so4_a2_SRF,510,0.999975184,0.981212746,1.38708044,0.0079424,1
zfp_p_20_so4_a2_SRF,511,0.999989125,0.987706977,1.555266204,0.050504981,1
zfp_p_20_so4_a2_SRF,512,0.999922027,0.988607252,1.580584491,0.034943951,1
zfp_p_20_so4_a2_SRF,513,0.999998865,0.957763548,1.446759259,0.010197689,1
zfp_p_20_so4_a2_SRF,514,0.99999615,0.989458959,1.538990162,0.073256782,1
zfp_p_20_so4_a2_SRF,515,0.999998397,0.975757287,1.481119792,0.004274994,1
zfp_p_20_so4_a2_SRF,516,0.999999783,0.977210288,1.754195602,0.023824428,1
zfp_p_20_so4_a2_SRF,517,0.999969463,0.985755371,1.730685764,0.020509637,1
zfp_p_20_so4_a2_SRF,518,0.9998692,0.989458959,1.578776042,0.007310315,1
zfp_p_20_so4_a2_SRF,519,0.99999994,0.991022216,1.627604167,0.002711667,1
zfp_p_20_so4_a2_SRF,520,0.999986005,0.982431307,1.578776042,0.00576566,1
zfp_p_20_so4_a2_SRF,521,0.999996306,0.990263477,1.64026331,0.090071423,1
zfp_p_20_so4_a2_SRF,522,1,0.996034503,1.81568287,0.019831914,1
zfp_p_20_so4_a2_SRF,523,0.999999865,0.991022216,2.150245949,0.008944323,1
zfp_p_20_so4_a2_SRF,524,0.999915726,0.977210288,1.915147569,0.024048489,1
zfp_p_20_so4_a2_SRF,525,0.999998935,0.990263477,1.60228588,0.13740557,1
zfp_p_20_so4_a2_SRF,526,0.999995085,0.977210288,1.421440972,0.02333793,1
zfp_p_20_so4_a2_SRF,527,0.999938147,0.985755371,1.363570602,0.062127181,1
zfp_p_20_so4_a2_SRF,528,0.999999983,0.991736617,1.28942419,0.002382772,1
zfp_p_20_so4_a2_SRF,529,0.999999798,0.991022216,1.238787616,0.009860294,1
zfp_p_20_so4_a2_SRF,530,0.999995079,1,1.318359375,0.002379041,1
zfp_p_20_so4_a2_SRF,531,0.999880226,0.985755371,1.446759259,0.007551389,1
zfp_p_20_so4_a2_SRF,532,0.999995765,0.986756786,1.841001157,0.036596792,1
zfp_p_20_so4_a2_SRF,533,0.999976386,0.984701462,1.945891204,0.010832651,1
zfp_p_20_so4_a2_SRF,534,0.999999431,0.990263477,1.846426505,0.005221005,1
zfp_p_20_so4_a2_SRF,535,0.999998105,0.993038273,1.499204282,0.007929314,1
zfp_p_20_so4_a2_SRF,536,0.999999436,0.990263477,1.38708044,0.031122698,1
zfp_p_20_so4_a2_SRF,537,1,0.991736617,1.260489005,0.011193457,1
zfp_p_20_so4_a2_SRF,538,1,0.982431307,1.450376157,0.007358733,1
zfp_p_20_so4_a2_SRF,539,0.999989366,0.989458959,1.312934028,0.005114455,1
zfp_p_20_so4_a2_SRF,540,0.999967532,0.984701462,1.361762153,0.003463836,1
zfp_p_20_so4_a2_SRF,541,1,0.994180369,1.251446759,0.003345664,1
zfp_p_20_so4_a2_SRF,542,0.999998973,1,1.466652199,0.00412037,1
zfp_p_20_so4_a2_SRF,543,0.999998502,0.991736617,1.419632523,0.002786532,1
zfp_p_20_so4_a2_SRF,544,0.999987125,0.987706977,1.589626736,0.008191718,1
zfp_p_20_so4_a2_SRF,545,0.999996164,0.985755371,1.971209491,0.018870255,1
zfp_p_20_so4_a2_SRF,546,0.99998333,0.978603241,1.878978588,0.250081701,1
zfp_p_20_so4_a2_SRF,547,0.999997332,0.983593835,1.734302662,0.006399363,1
zfp_p_20_so4_a2_SRF,548,0.999999861,0.984701462,1.38708044,0.010978998,1
zfp_p_20_so4_a2_SRF,549,1,0.985755371,1.463035301,0.100639956,1
zfp_p_20_so4_a2_SRF,550,0.999989134,0.986756786,1.497395833,0.006813969,1
zfp_p_20_so4_a2_SRF,551,1,0.981212746,1.470269097,0.028948464,1
zfp_p_20_so4_a2_SRF,552,0.999994107,0.991022216,1.48473669,0.009117255,1
zfp_p_20_so4_a2_SRF,553,0.99999999,0.984701462,1.461226852,0.012788294,1
zfp_p_20_so4_a2_SRF,554,0.999999203,0.986756786,1.549840856,0.016541776,1
zfp_p_20_so4_a2_SRF,555,0.999999854,0.984701462,1.674623843,0.022100626,1
zfp_p_20_so4_a2_SRF,556,0.999999558,0.989458959,1.607711227,0.180184411,1
zfp_p_20_so4_a2_SRF,557,1,0.999586858,1.540798611,0.010820587,1
zfp_p_20_so4_a2_SRF,558,1,0.988607252,1.985677083,0.071041137,1
zfp_p_20_so4_a2_SRF,559,1,0.982431307,1.998336227,0.022973023,1
zfp_p_20_so4_a2_SRF,560,1,0.986756786,1.571542245,0.02838053,1
zfp_p_20_so4_a2_SRF,561,1,0.985755371,1.416015625,0.00470465,1
zfp_p_20_so4_a2_SRF,562,0.999979906,0.975757287,1.549840856,0.01015741,1
zfp_p_20_so4_a2_SRF,563,0.99999998,0.984701462,1.784939236,0.025048314,1
zfp_p_20_so4_a2_SRF,564,0.999971717,0.982431307,1.945891204,0.185239427,1
zfp_p_20_so4_a2_SRF,565,1,0.988607252,2.001953125,0.006094927,1
zfp_p_20_so4_a2_SRF,566,0.999999534,0.988607252,2.041739005,0.022150249,1
zfp_p_20_so4_a2_SRF,567,0.999966286,0.986756786,1.971209491,0.339190599,1
zfp_p_20_so4_a2_SRF,568,1,0.985755371,1.748770255,0.009928235,1
zfp_p_20_so4_a2_SRF,569,0.999980409,0.988607252,1.752387153,0.009614392,1
zfp_p_20_so4_a2_SRF,570,1,0.989458959,1.334635417,0.006318738,1
zfp_p_20_so4_a2_SRF,571,0.999989674,0.988607252,1.159215856,0.008522035,1
zfp_p_20_so4_a2_SRF,572,0.999990772,0.972667733,1.401548032,0.008714395,1
zfp_p_20_so4_a2_SRF,573,0.999999976,0.991022216,1.38708044,0.003787392,1
zfp_p_20_so4_a2_SRF,574,0.999998367,0.989458959,1.761429398,0.017824982,1
zfp_p_20_so4_a2_SRF,575,0.999990915,0.984701462,1.765046296,0.009443688,1
zfp_p_20_so4_a2_SRF,576,0.99999994,0.982431307,1.68004919,0.005368105,1
zfp_p_20_so4_a2_SRF,577,1,0.985755371,1.746961806,0.013578893,1
zfp_p_20_so4_a2_SRF,578,1,0.974243371,1.716218171,0.007834283,1
zfp_p_20_so4_a2_SRF,579,0.999999807,0.977210288,1.77770544,0.006566948,1
zfp_p_20_so4_a2_SRF,580,0.999998804,0.986756786,1.42505787,0.006659777,1
zfp_p_20_so4_a2_SRF,581,0.999996026,1,1.614945023,0.00259987,1
zfp_p_20_so4_a2_SRF,582,1,1,1.62037037,0.011733753,1
zfp_p_20_so4_a2_SRF,583,0.999885817,0.990263477,1.904296875,0.088564673,1
zfp_p_20_so4_a2_SRF,584,0.999997388,0.991022216,2.029079861,0.006239117,1
zfp_p_20_so4_a2_SRF,585,0.999900957,0.975757287,1.833767361,0.106365989,1
zfp_p_20_so4_a2_SRF,586,0.999904266,0.979937068,1.788556134,0.005331472,1
zfp_p_20_so4_a2_SRF,587,0.999984899,0.983593835,1.842809606,0.017635357,1
zfp_p_20_so4_a2_SRF,588,0.999999729,0.990263477,1.734302662,0.003552025,1
zfp_p_20_so4_a2_SRF,589,0.999923823,0.993628511,1.560691551,0.00321881,1
zfp_p_20_so4_a2_SRF,590,1,0.986756786,1.730685764,0.012096301,1
zfp_p_20_so4_a2_SRF,591,0.999987648,0.991736617,1.586009838,0.062419293,1
zfp_p_20_so4_a2_SRF,592,0.999998943,0.978603241,1.526331019,0.005574623,1
zfp_p_20_so4_a2_SRF,593,0.999995695,0.993038273,1.316550926,0.007106152,1
zfp_p_20_so4_a2_SRF,594,0.999999751,0.990263477,1.217086227,0.003663866,1
zfp_p_20_so4_a2_SRF,595,1,0.987706977,1.497395833,0.004335378,1
zfp_p_20_so4_a2_SRF,596,0.999954263,0.948734288,1.783130787,0.00427443,1
zfp_p_20_so4_a2_SRF,597,0.999994993,0.983593835,1.924189815,0.013519884,1
zfp_p_20_so4_a2_SRF,598,1,0.982431307,1.994719329,0.008220057,1
zfp_p_20_so4_a2_SRF,599,0.99996239,0.986756786,1.519097222,0.012295051,1
zfp_p_20_so4_a2_SRF,600,0.99996569,0.988607252,1.671006944,0.010027548,1
zfp_p_20_so4_a2_SRF,601,1,0.990263477,1.595052083,0.006207893,1
zfp_p_20_so4_a2_SRF,602,0.999930634,0.991736617,1.99291088,0.042278677,1
zfp_p_20_so4_a2_SRF,603,0.999997663,0.978603241,1.515480324,0.002877155,1
zfp_p_20_so4_a2_SRF,604,1,0.982431307,1.842809606,0.002057313,1
zfp_p_20_so4_a2_SRF,605,0.999997092,0.991736617,1.81568287,0.004978265,1
zfp_p_20_so4_a2_SRF,606,1,0.981212746,2.199074074,0.01628839,1
zfp_p_20_so4_a2_SRF,607,1,0.993038273,2.103226273,0.009274311,1
zfp_p_20_so4_a2_SRF,608,1,0.987706977,2.242476852,0.019076674,1
zfp_p_20_so4_a2_SRF,609,1,0.993628511,1.89525463,0.010663308,1
zfp_p_20_so4_a2_SRF,610,0.999855636,0.984701462,1.790364583,0.014480831,1
zfp_p_20_so4_a2_SRF,611,0.999999682,0.987706977,1.698133681,0.007448237,1
zfp_p_20_so4_a2_SRF,612,1,0.957763548,1.461226852,0.002289761,1
zfp_p_20_so4_a2_SRF,613,0.999995693,0.974243371,1.553457755,0.246772142,1
zfp_p_20_so4_a2_SRF,614,0.999798429,1,1.365379051,0.027962633,1
zfp_p_20_so4_a2_SRF,615,0.999905174,1,1.291232639,0.005503294,1
zfp_p_20_so4_a2_SRF,616,0.999944704,1,1.144748264,0.002441787,1
zfp_p_20_so4_a2_SRF,617,1,0.999786331,1.256872106,0.002881429,1
zfp_p_20_so4_a2_SRF,618,0.999880566,1,1.419632523,0.007418213,1
zfp_p_20_so4_a2_SRF,619,0.999953169,1,1.607711227,0.016701563,1
zfp_p_20_so4_a2_SRF,620,0.999981346,0.991022216,1.477502894,0.005410413,1
zfp_p_20_so4_a2_SRF,621,1,0.969328356,1.839192708,0.002975572,1
zfp_p_20_so4_a2_SRF,622,0.999999819,0.991022216,1.730685764,0.005099375,1
zfp_p_20_so4_a2_SRF,623,1,0.984701462,1.822916667,0.006800975,1
zfp_p_20_so4_a2_SRF,624,0.999995554,0.985755371,1.683666088,0.004749422,1
zfp_p_20_so4_a2_SRF,625,1,0.988607252,1.837384259,0.003241452,1
zfp_p_20_so4_a2_SRF,626,0.999999949,0.987706977,1.828342014,0.004292272,1
zfp_p_20_so4_a2_SRF,627,1,0.989458959,2.048972801,0.003101872,1
zfp_p_20_so4_a2_SRF,628,0.999988581,0.987706977,1.555266204,0.00342142,1
zfp_p_20_so4_a2_SRF,629,1,0.974243371,1.803023727,0.017861456,1
zfp_p_20_so4_a2_SRF,630,0.999995015,0.991736617,1.604094329,0.00224374,1
zfp_p_20_so4_a2_SRF,631,0.999999896,0.984701462,1.759620949,0.003522546,1
zfp_p_20_so4_a2_SRF,632,0.999999103,0.975757287,1.77770544,0.011535046,1
zfp_p_20_so4_a2_SRF,633,0.999999836,0.982431307,1.705367477,0.008100413,1
zfp_p_20_so4_a2_SRF,634,1,0.991022216,1.736111111,0.006682878,1
zfp_p_20_so4_a2_SRF,635,0.999977886,0.984701462,1.812065972,0.011053127,1
zfp_p_20_so4_a2_SRF,636,0.999999978,0.986756786,1.864510995,0.012937024,1
zfp_p_20_so4_a2_SRF,637,0.99999028,0.996770936,1.987485532,0.010753764,1
zfp_p_20_so4_a2_SRF,638,1,0.977210288,1.85546875,0.005474717,1
zfp_p_20_so4_a2_SRF,639,0.999962705,1,1.859085648,0.008198566,1
zfp_p_20_so4_a2_SRF,640,0.999981471,0.991022216,1.985677083,0.004460385,1
zfp_p_20_so4_a2_SRF,641,0.999978085,0.983593835,1.891637731,0.01850321,1
zfp_p_20_so4_a2_SRF,642,0.999932047,0.983593835,1.770471644,0.00700811,1
zfp_p_20_so4_a2_SRF,643,0.999999274,0.963839623,1.783130787,0.002968329,1
zfp_p_20_so4_a2_SRF,644,0.99998429,0.991736617,1.77770544,0.008195906,1
zfp_p_20_so4_a2_SRF,645,0.999999587,0.986756786,1.649305556,0.005382349,1
zfp_p_20_so4_a2_SRF,646,1,0.999999892,1.882595486,0.019845745,1
zfp_p_20_so4_a2_SRF,647,0.999990082,1,1.922381366,0.008157958,1
zfp_p_20_so4_a2_SRF,648,0.999997961,0.965733891,1.969401042,0.006501766,1
zfp_p_20_so4_a2_SRF,649,0.999978901,0.979937068,1.689091435,0.002592231,1
zfp_p_20_so4_a2_SRF,650,1,0.987706977,1.605902778,0.00308788,1
zfp_p_20_so4_a2_SRF,651,0.999993122,0.985755371,1.486545139,0.005232916,1
zfp_p_20_so4_a2_SRF,652,0.999983417,0.982431307,1.538990162,0.004155638,1
zfp_p_20_so4_a2_SRF,653,0.999999936,0.981212746,1.676432292,0.003002369,1
zfp_p_20_so4_a2_SRF,654,0.999985354,0.990263477,1.481119792,0.005229223,1
zfp_p_20_so4_a2_SRF,655,0.999999862,0.991736617,1.756004051,0.005168862,1
zfp_p_20_so4_a2_SRF,656,1,0.986756786,1.938657407,0.013914847,1
zfp_p_20_so4_a2_SRF,657,0.999969629,0.979937068,2.309389468,0.010538644,1
zfp_p_20_so4_a2_SRF,658,0.999999539,0.993628511,2.571614583,0.228984002,1
zfp_p_20_so4_a2_SRF,659,1,0.972667733,2.605975116,0.00925877,1
zfp_p_20_so4_a2_SRF,660,0.999999562,0.991022216,2.256944444,0.024937785,1
zfp_p_20_so4_a2_SRF,661,0.999986756,0.991736617,2.014612269,0.007214532,1
zfp_p_20_so4_a2_SRF,662,0.999925802,0.985755371,1.817491319,0.006581831,1
zfp_p_20_so4_a2_SRF,663,0.999997852,0.991022216,1.627604167,0.002617919,1
zfp_p_20_so4_a2_SRF,664,0.999999954,0.959854801,1.356336806,0.003499188,1
zfp_p_20_so4_a2_SRF,665,0.99999996,0.987706977,1.164641204,0.003760836,1
zfp_p_20_so4_a2_SRF,666,0.999979424,0.981212746,1.439525463,0.004698546,1
zfp_p_20_so4_a2_SRF,667,0.999949854,0.985755371,1.486545139,0.006662817,1
zfp_p_20_so4_a2_SRF,668,0.99999987,0.985755371,1.605902778,0.010108876,1
zfp_p_20_so4_a2_SRF,669,0.999998987,0.983593835,1.524522569,0.003161635,1
zfp_p_20_so4_a2_SRF,670,0.999999961,0.989458959,1.305700231,0.004290533,1
zfp_p_20_so4_a2_SRF,671,0.999999995,0.988607252,1.251446759,0.002229584,1
zfp_p_20_so4_a2_SRF,672,0.999999973,0.982431307,1.282190394,0.002203451,1
zfp_p_20_so4_a2_SRF,673,0.999981506,0.989458959,1.473885995,0.003612892,1
zfp_p_20_so4_a2_SRF,674,0.999998778,0.974243371,1.622178819,0.003282297,1
zfp_p_20_so4_a2_SRF,675,0.999994842,0.981212746,1.62037037,0.003908239,1
zfp_p_20_so4_a2_SRF,676,1,0.982431307,1.481119792,0.02366376,1
zfp_p_20_so4_a2_SRF,677,0.999983454,0.990263477,1.470269097,0.024369802,1
zfp_p_20_so4_a2_SRF,678,0.999995605,0.969328356,1.388888889,0.009069541,1
zfp_p_20_so4_a2_SRF,679,0.999999935,0.991022216,1.746961806,0.012446728,1
zfp_p_20_so4_a2_SRF,680,0.99997881,1,1.48473669,0.010827145,1
zfp_p_20_so4_a2_SRF,681,0.999984822,0.993038273,1.763237847,0.006145504,1
zfp_p_20_so4_a2_SRF,682,0.999995124,1,1.52271412,0.027999203,1
zfp_p_20_so4_a2_SRF,683,0.999999194,0.977210288,1.614945023,0.018835309,1
zfp_p_20_so4_a2_SRF,684,1,0.981212746,1.687282986,0.011618489,1
zfp_p_20_so4_a2_SRF,685,1,0.986756786,1.669198495,0.005957951,1
zfp_p_20_so4_a2_SRF,686,1,0.982431307,1.681857639,0.009988885,1
zfp_p_20_so4_a2_SRF,687,0.999982724,0.996034503,1.558883102,0.014640909,1
zfp_p_20_so4_a2_SRF,688,0.999999975,0.985755371,1.839192708,0.012982099,1
zfp_p_20_so4_a2_SRF,689,1,0.982431307,1.996527778,0.094327126,1
zfp_p_20_so4_a2_SRF,690,0.999999846,0.975757287,1.774088542,0.015954259,1
zfp_p_20_so4_a2_SRF,691,1,0.990263477,1.929615162,0.015539838,1
zfp_p_20_so4_a2_SRF,692,0.999940276,0.997096779,1.627604167,0.003340312,1
zfp_p_20_so4_a2_SRF,693,0.999993325,0.998550067,1.656539352,0.022193594,1
zfp_p_20_so4_a2_SRF,694,0.999979958,0.99517504,1.754195602,0.020282764,1
zfp_p_20_so4_a2_SRF,695,0.999967867,0.999015527,2.047164352,0.010693648,1
zfp_p_20_so4_a2_SRF,696,0.999990987,0.993038273,1.801215278,0.006099058,1
zfp_p_20_so4_a2_SRF,697,0.999985167,0.987706977,1.878978588,0.008656127,1
zfp_p_20_so4_a2_SRF,698,0.999999101,1,1.622178819,0.030645177,1
zfp_p_20_so4_a2_SRF,699,1,0.984701462,1.685474537,0.01624135,1
zfp_p_20_so4_a2_SRF,700,0.999980399,0.991022216,1.38708044,0.006645484,1
zfp_p_20_so4_a2_SRF,701,1,0.999999971,1.421440972,0.010146203,1
zfp_p_20_so4_a2_SRF,702,0.999998473,0.990263477,1.481119792,0.00338767,1
zfp_p_20_so4_a2_SRF,703,1,0.981212746,1.065176505,0.002582971,1
zfp_p_20_so4_a2_SRF,704,0.999995103,0.985755371,1.434100116,0.002514265,1
zfp_p_20_so4_a2_SRF,705,0.999990887,0.992408142,1.473885995,0.008837848,1
zfp_p_20_so4_a2_SRF,706,0.999864622,1,1.365379051,0.069413833,1
zfp_p_20_so4_a2_SRF,707,0.99999577,1,1.501012731,0.007257354,1
zfp_p_20_so4_a2_SRF,708,0.999997364,0.992408142,1.77770544,0.00669406,1
zfp_p_20_so4_a2_SRF,709,0.999989244,0.975757287,1.5625,0.017542996,1
zfp_p_20_so4_a2_SRF,710,0.999987959,0.991736617,1.683666088,0.008619586,1
zfp_p_20_so4_a2_SRF,711,0.999994492,0.984701462,1.638454861,0.005022843,1
zfp_p_20_so4_a2_SRF,712,0.999979016,0.991736617,1.495587384,0.008679095,1
zfp_p_20_so4_a2_SRF,713,0.999998377,0.971029624,1.13208912,0.003182153,1
zfp_p_20_so4_a2_SRF,714,0.999998893,1,1.19176794,0.05519987,1
zfp_p_20_so4_a2_SRF,715,0.9999815,0.982431307,1.363570602,0.004312099,1
zfp_p_20_so4_a2_SRF,716,0.999989395,1,1.283998843,0.002851777,1
zfp_p_20_so4_a2_SRF,717,0.999948148,1,1.137514468,0.005143191,1
zfp_p_20_so4_a2_SRF,718,0.999991438,1,1.157407407,0.00357859,1
zfp_p_20_so4_a2_SRF,719,0.999997639,0.978603241,1.161024306,0.004873741,1
zfp_p_20_so4_a2_SRF,720,0.999973805,0.999999982,1.365379051,0.005596897,1
zfp_p_20_so4_a2_SRF,721,0.999992396,0.977210288,1.287615741,0.004241701,1
zfp_p_20_so4_a2_SRF,722,0.999999693,0.974243371,1.256872106,0.004740581,1
zfp_p_20_so4_a2_SRF,723,0.999974926,0.999999993,1.28942419,0.009521347,1
zfp_p_20_so4_a2_SRF,724,0.999983615,0.999982119,1.22974537,0.002708137,1
zfp_p_20_so4_a2_SRF,725,0.999999294,0.984701462,1.311125579,0.003134496,1
zfp_p_20_so4_a2_SRF,726,0.999998663,0.988607252,1.119429977,0.003661083,1
zfp_p_20_so4_a2_SRF,727,0.999978973,0.991022216,1.063368056,0.042059798,1
zfp_p_20_so4_a2_SRF,728,0.999997166,0.975757287,1.130280671,0.010520637,1
zfp_p_20_so4_a2_SRF,729,0.999976763,0.975757287,0.998263889,0.006747596,1
zfp_p_22_so4_a2_SRF,0,1,0.978603241,0.629340278,0.013325058,1
zfp_p_22_so4_a2_SRF,1,1,1,0.13744213,0.00097377,1
zfp_p_22_so4_a2_SRF,2,1,0.994695369,0.146484375,0.004727815,1
zfp_p_22_so4_a2_SRF,3,1,0.972667733,0.222439236,0.001211499,1
zfp_p_22_so4_a2_SRF,4,1,0.986756786,0.1953125,0.000903773,1
zfp_p_22_so4_a2_SRF,5,1,0.999944204,0.226056134,0.001807401,1
zfp_p_22_so4_a2_SRF,6,0.999948664,0.971029624,0.23509838,0.002023134,1
zfp_p_22_so4_a2_SRF,7,0.999999884,0.983593835,0.218822338,0.005537874,1
zfp_p_22_so4_a2_SRF,8,0.999998305,0.989458959,0.35083912,0.005682477,1
zfp_p_22_so4_a2_SRF,9,0.999990598,0.986756786,0.379774306,0.015209656,1
zfp_p_22_so4_a2_SRF,10,0.999971277,0.995620909,0.256799769,0.001077807,1
zfp_p_22_so4_a2_SRF,11,0.999998845,0.985755371,0.233289931,0.001573833,1
zfp_p_22_so4_a2_SRF,12,1,0.991736617,0.151909722,0.002737984,1
zfp_p_22_so4_a2_SRF,13,0.999998206,1,0.104890046,0.000756473,1
zfp_p_22_so4_a2_SRF,14,1,1,0.128399884,0.000560527,1
zfp_p_22_so4_a2_SRF,15,1,0.9988763,0.206163194,0.010085761,1
zfp_p_22_so4_a2_SRF,16,0.999996139,0.989458959,0.200737847,0.001490451,1
zfp_p_22_so4_a2_SRF,17,0.999996913,0.992408142,0.198929398,0.000723161,1
zfp_p_22_so4_a2_SRF,18,1,1,0.307436343,0.001763859,1
zfp_p_22_so4_a2_SRF,19,0.999998721,1,0.227864583,0.001822228,1
zfp_p_22_so4_a2_SRF,20,0.999999989,0.978603241,0.159143519,0.000520515,1
zfp_p_22_so4_a2_SRF,21,1,0.989458959,0.148292824,0.001992265,1
zfp_p_22_so4_a2_SRF,22,1,0.992408142,0.146484375,0.00082285,1
zfp_p_22_so4_a2_SRF,23,1,0.993038273,0.132016782,0.001061059,1
zfp_p_22_so4_a2_SRF,24,0.999998152,1,0.180844907,0.001252984,1
zfp_p_22_so4_a2_SRF,25,0.99999991,0.982431307,0.148292824,0.001651627,1
zfp_p_22_so4_a2_SRF,26,0.999997918,0.991022216,0.104890046,0.000854868,1
zfp_p_22_so4_a2_SRF,27,0.999998558,0.989458959,0.103081597,0.000586961,1
zfp_p_22_so4_a2_SRF,28,1,0.982431307,0.090422454,0.000454502,1
zfp_p_22_so4_a2_SRF,29,1,0.985755371,0.104890046,0.000326261,1
zfp_p_22_so4_a2_SRF,30,1,0.985755371,0.095847801,0.000534265,1
zfp_p_22_so4_a2_SRF,31,0.99999983,0.981212746,0.151909722,0.000818742,1
zfp_p_22_so4_a2_SRF,32,1,0.990263477,0.144675926,0.000981402,1
zfp_p_22_so4_a2_SRF,33,0.999998749,0.987706977,0.130208333,0.001096471,1
zfp_p_22_so4_a2_SRF,34,1,0.991736617,0.150101273,0.002604803,1
zfp_p_22_so4_a2_SRF,35,0.999983942,0.984701462,0.148292824,0.001032297,1
zfp_p_22_so4_a2_SRF,36,0.999999771,0.999999954,0.21520544,0.003770082,1
zfp_p_22_so4_a2_SRF,37,1,0.999820854,0.173611111,0.004442509,1
zfp_p_22_so4_a2_SRF,38,0.99999997,0.991736617,0.188078704,0.005106425,1
zfp_p_22_so4_a2_SRF,39,1,0.991022216,0.247757523,0.003889397,1
zfp_p_22_so4_a2_SRF,40,1,0.989458959,0.191695602,0.001533421,1
zfp_p_22_so4_a2_SRF,41,1,0.987706977,0.200737847,0.001069533,1
zfp_p_22_so4_a2_SRF,42,1,0.988607252,0.377965856,0.004692161,1
zfp_p_22_so4_a2_SRF,43,1,0.990263477,0.294777199,0.01287662,1
zfp_p_22_so4_a2_SRF,44,0.999999987,0.979937068,0.267650463,0.029632549,1
zfp_p_22_so4_a2_SRF,45,1,0.993038273,0.264033565,0.019961311,1
zfp_p_22_so4_a2_SRF,46,0.999999474,0.979937068,0.25318287,0.00224549,1
zfp_p_22_so4_a2_SRF,47,1,0.992408142,0.202546296,0.002538321,1
zfp_p_22_so4_a2_SRF,48,0.999999988,0.975757287,0.245949074,0.000806845,1
zfp_p_22_so4_a2_SRF,49,1,0.987706977,0.229673032,0.001791532,1
zfp_p_22_so4_a2_SRF,50,0.999990667,0.991736617,0.300202546,0.000814878,1
zfp_p_22_so4_a2_SRF,51,0.999997961,0.979937068,0.345413773,0.001997859,1
zfp_p_22_so4_a2_SRF,52,1,0.987706977,0.139250579,0.001703392,1
zfp_p_22_so4_a2_SRF,53,1,0.943819845,0.106698495,0.000555008,1
zfp_p_22_so4_a2_SRF,54,0.999995154,0.991022216,0.168185764,0.006090205,1
zfp_p_22_so4_a2_SRF,55,0.999994979,1,0.108506944,0.001147099,1
zfp_p_22_so4_a2_SRF,56,1,0.983593835,0.110315394,0.006404759,1
zfp_p_22_so4_a2_SRF,57,1,0.988607252,0.142867477,0.004112711,1
zfp_p_22_so4_a2_SRF,58,1,0.983593835,0.150101273,0.00088188,1
zfp_p_22_so4_a2_SRF,59,0.999999934,0.989458959,0.189887153,0.000903333,1
zfp_p_22_so4_a2_SRF,60,1,0.991022216,0.206163194,0.000804333,1
zfp_p_22_so4_a2_SRF,61,0.999999992,0.991022216,0.329137731,0.002507384,1
zfp_p_22_so4_a2_SRF,62,0.999990648,0.981212746,0.339988426,0.005106214,1
zfp_p_22_so4_a2_SRF,63,1,0.986756786,0.345413773,0.00079799,1
zfp_p_22_so4_a2_SRF,64,0.999987263,0.991022216,0.236906829,0.000724368,1
zfp_p_22_so4_a2_SRF,65,1,0.977210288,0.258608218,0.001406042,1
zfp_p_22_so4_a2_SRF,66,1,0.984701462,0.184461806,0.000787472,1
zfp_p_22_so4_a2_SRF,67,1,0.982431307,0.200737847,0.027986007,1
zfp_p_22_so4_a2_SRF,68,1,0.981212746,0.15552662,0.00094346,1
zfp_p_22_so4_a2_SRF,69,0.999997892,0.986756786,0.207971644,0.000958781,1
zfp_p_22_so4_a2_SRF,70,0.999997251,0.979937068,0.191695602,0.005409092,1
zfp_p_22_so4_a2_SRF,71,1,0.989458959,0.220630787,0.001040324,1
zfp_p_22_so4_a2_SRF,72,1,0.978603241,0.231481481,0.00132041,1
zfp_p_22_so4_a2_SRF,73,1,0.991736617,0.1953125,0.007748129,1
zfp_p_22_so4_a2_SRF,74,0.999997005,0.983593835,0.227864583,0.001593631,1
zfp_p_22_so4_a2_SRF,75,0.99999998,0.990263477,0.168185764,0.002351862,1
zfp_p_22_so4_a2_SRF,76,1,0.990263477,0.128399884,0.001021106,1
zfp_p_22_so4_a2_SRF,77,1,0.988607252,0.113932292,0.000919959,1
zfp_p_22_so4_a2_SRF,78,0.999998549,0.977210288,0.084997106,0.000374905,1
zfp_p_22_so4_a2_SRF,79,0.999956545,0.9675633,0.151909722,0.000871378,1
zfp_p_22_so4_a2_SRF,80,1,0.987706977,0.153718171,0.002234125,1
zfp_p_22_so4_a2_SRF,81,0.999998681,0.991022216,0.173611111,0.000774686,1
zfp_p_22_so4_a2_SRF,82,0.999998133,0.990263477,0.180844907,0.001047905,1
zfp_p_22_so4_a2_SRF,83,1,0.988607252,0.177228009,0.000959695,1
zfp_p_22_so4_a2_SRF,84,0.99997827,0.984701462,0.182653356,0.0008944,1
zfp_p_22_so4_a2_SRF,85,1,0.991736617,0.169994213,0.001242589,1
zfp_p_22_so4_a2_SRF,86,0.999986553,0.982431307,0.168185764,0.000697156,1
zfp_p_22_so4_a2_SRF,87,0.999999519,0.988607252,0.119357639,0.000445376,1
zfp_p_22_so4_a2_SRF,88,1,0.977210288,0.121166088,0.00141802,1
zfp_p_22_so4_a2_SRF,89,1,0.987706977,0.141059028,0.002674207,1
zfp_p_22_so4_a2_SRF,90,1,0.988607252,0.11754919,0.00706542,1
zfp_p_22_so4_a2_SRF,91,0.999963993,0.991736617,0.144675926,0.006512394,1
zfp_p_22_so4_a2_SRF,92,0.999999965,0.990263477,0.218822338,0.001704224,1
zfp_p_22_so4_a2_SRF,93,1,0.974243371,0.162760417,0.002807741,1
zfp_p_22_so4_a2_SRF,94,1,0.991022216,0.200737847,0.000928669,1
zfp_p_22_so4_a2_SRF,95,1,0.987706977,0.198929398,0.001176566,1
zfp_p_22_so4_a2_SRF,96,1,0.997096779,0.206163194,0.001112765,1
zfp_p_22_so4_a2_SRF,97,1,0.992408142,0.186270255,0.00178552,1
zfp_p_22_so4_a2_SRF,98,1,0.981212746,0.182653356,0.00325316,1
zfp_p_22_so4_a2_SRF,99,0.999996591,0.986756786,0.193504051,0.002902182,1
zfp_p_22_so4_a2_SRF,100,1,0.982431307,0.188078704,0.013567978,1
zfp_p_22_so4_a2_SRF,101,1,0.994180369,0.164568866,0.000515865,1
zfp_p_22_so4_a2_SRF,102,0.999985972,0.992408142,0.231481481,0.001144686,1
zfp_p_22_so4_a2_SRF,103,0.999999,0.983593835,0.258608218,0.002245976,1
zfp_p_22_so4_a2_SRF,104,0.999993677,0.989458959,0.171802662,0.001173653,1
zfp_p_22_so4_a2_SRF,105,1,0.983593835,0.159143519,0.001832513,1
zfp_p_22_so4_a2_SRF,106,0.999984151,0.989458959,0.168185764,0.00379531,1
zfp_p_22_so4_a2_SRF,107,1,0.986756786,0.15552662,0.00186851,1
zfp_p_22_so4_a2_SRF,108,1,0.983593835,0.280309606,0.001079461,1
zfp_p_22_so4_a2_SRF,109,0.999999991,0.986756786,0.224247685,0.00683519,1
zfp_p_22_so4_a2_SRF,110,1,0.991022216,0.260416667,0.000929896,1
zfp_p_22_so4_a2_SRF,111,1,0.977210288,0.289351852,0.02406819,1
zfp_p_22_so4_a2_SRF,112,0.999999997,0.993038273,0.280309606,0.001544003,1
zfp_p_22_so4_a2_SRF,113,1,0.986756786,0.189887153,0.00352568,1
zfp_p_22_so4_a2_SRF,114,1,0.991022216,0.222439236,0.001068854,1
zfp_p_22_so4_a2_SRF,115,1,0.9675633,0.227864583,0.000402256,1
zfp_p_22_so4_a2_SRF,116,0.999999964,0.984701462,0.207971644,0.000771547,1
zfp_p_22_so4_a2_SRF,117,0.999994527,0.985755371,0.233289931,0.002249565,1
zfp_p_22_so4_a2_SRF,118,1,0.991736617,0.211588542,0.002390872,1
zfp_p_22_so4_a2_SRF,119,0.999992209,0.987706977,0.157335069,0.000772702,1
zfp_p_22_so4_a2_SRF,120,1,0.985755371,0.177228009,0.000690838,1
zfp_p_22_so4_a2_SRF,121,1,0.996770936,0.150101273,0.004813331,1
zfp_p_22_so4_a2_SRF,122,0.999999868,0.999140398,0.197120949,0.00137296,1
zfp_p_22_so4_a2_SRF,123,1,0.999820854,0.166377315,0.000892041,1
zfp_p_22_so4_a2_SRF,124,1,1,0.162760417,0.000694632,1
zfp_p_22_so4_a2_SRF,125,1,0.990263477,0.189887153,0.003362284,1
zfp_p_22_so4_a2_SRF,126,1,0.993038273,0.182653356,0.001852627,1
zfp_p_22_so4_a2_SRF,127,1,0.985755371,0.213396991,0.000673299,1
zfp_p_22_so4_a2_SRF,128,0.999995803,0.986756786,0.197120949,0.00109375,1
zfp_p_22_so4_a2_SRF,129,1,0.988607252,0.188078704,0.000493431,1
zfp_p_22_so4_a2_SRF,130,1,0.975757287,0.269458912,0.001708657,1
zfp_p_22_so4_a2_SRF,131,1,0.989458959,0.343605324,0.005843215,1
zfp_p_22_so4_a2_SRF,132,1,0.981212746,0.276692708,0.006648836,1
zfp_p_22_so4_a2_SRF,133,1,0.984701462,0.1953125,0.001322883,1
zfp_p_22_so4_a2_SRF,134,1,0.965733891,0.146484375,0.003007516,1
zfp_p_22_so4_a2_SRF,135,1,0.974243371,0.146484375,0.001025862,1
zfp_p_22_so4_a2_SRF,136,0.99999726,0.991736617,0.224247685,0.003753927,1
zfp_p_22_so4_a2_SRF,137,1,0.943819845,0.282118056,0.001191457,1
zfp_p_22_so4_a2_SRF,138,1,1,0.345413773,0.005116471,1
zfp_p_22_so4_a2_SRF,139,0.999998017,1,0.327329282,0.00169974,1
zfp_p_22_so4_a2_SRF,140,1,0.988607252,0.320095486,0.003853757,1
zfp_p_22_so4_a2_SRF,141,1,0.984701462,0.276692708,0.004326184,1
zfp_p_22_so4_a2_SRF,142,1,0.985755371,0.285734954,0.01069099,1
zfp_p_22_so4_a2_SRF,143,0.999992224,0.993038273,0.358072917,0.017643014,1
zfp_p_22_so4_a2_SRF,144,0.999998156,0.992408142,0.325520833,0.004705578,1
zfp_p_22_so4_a2_SRF,145,1,0.988607252,0.226056134,0.003168383,1
zfp_p_22_so4_a2_SRF,146,0.999999141,0.987706977,0.388816551,0.002968532,1
zfp_p_22_so4_a2_SRF,147,1,0.985755371,0.300202546,0.033749871,1
zfp_p_22_so4_a2_SRF,148,0.999950586,0.965733891,0.294777199,0.002028424,1
zfp_p_22_so4_a2_SRF,149,1,0.978603241,0.233289931,0.002228519,1
zfp_p_22_so4_a2_SRF,150,0.999999985,0.986756786,0.202546296,0.001497179,1
zfp_p_22_so4_a2_SRF,151,1,1,0.169994213,0.001244844,1
zfp_p_22_so4_a2_SRF,152,0.999999812,0.981212746,0.291160301,0.003381935,1
zfp_p_22_so4_a2_SRF,153,1,0.987706977,0.291160301,0.001910308,1
zfp_p_22_so4_a2_SRF,154,1,1,0.238715278,0.04105136,1
zfp_p_22_so4_a2_SRF,155,0.999999727,1,0.227864583,0.001311331,1
zfp_p_22_so4_a2_SRF,156,1,0.982431307,0.240523727,0.010983526,1
zfp_p_22_so4_a2_SRF,157,1,0.987706977,0.321903935,0.048049536,1
zfp_p_22_so4_a2_SRF,158,1,0.974243371,0.341796875,0.006636593,1
zfp_p_22_so4_a2_SRF,159,0.999956388,0.990263477,0.424985532,0.012930319,1
zfp_p_22_so4_a2_SRF,160,1,0.991736617,0.347222222,0.007259983,1
zfp_p_22_so4_a2_SRF,161,1,0.990263477,0.262225116,0.049538379,1
zfp_p_22_so4_a2_SRF,162,0.999994558,0.985755371,0.37073206,0.043964528,1
zfp_p_22_so4_a2_SRF,163,1,0.985755371,0.229673032,0.002145985,1
zfp_p_22_so4_a2_SRF,164,1,0.989458959,0.321903935,0.012264105,1
zfp_p_22_so4_a2_SRF,165,1,0.988607252,0.291160301,0.005198709,1
zfp_p_22_so4_a2_SRF,166,1,0.988607252,0.27307581,0.016381433,1
zfp_p_22_so4_a2_SRF,167,0.99999985,0.994695369,0.294777199,0.007163706,1
zfp_p_22_so4_a2_SRF,168,1,0.992408142,0.338179977,0.003910837,1
zfp_p_22_so4_a2_SRF,169,1,0.994695369,0.475622106,0.018902293,1
zfp_p_22_so4_a2_SRF,170,1,0.990263477,0.417751736,0.046790124,1
zfp_p_22_so4_a2_SRF,171,1,0.979937068,0.368923611,0.039665388,1
zfp_p_22_so4_a2_SRF,172,1,0.993628511,0.233289931,0.009957389,1
zfp_p_22_so4_a2_SRF,173,1,0.987706977,0.249565972,0.010854737,1
zfp_p_22_so4_a2_SRF,174,1,0.987706977,0.256799769,0.001747553,1
zfp_p_22_so4_a2_SRF,175,0.999998339,0.991736617,0.1953125,0.001269812,1
zfp_p_22_so4_a2_SRF,176,0.999998586,0.988607252,0.220630787,0.003591011,1
zfp_p_22_so4_a2_SRF,177,1,0.986756786,0.262225116,0.002413163,1
zfp_p_22_so4_a2_SRF,178,0.999999821,0.992408142,0.249565972,0.001055125,1
zfp_p_22_so4_a2_SRF,179,1,0.981212746,0.318287037,0.00343939,1
zfp_p_22_so4_a2_SRF,180,0.999999301,0.992408142,0.186270255,0.017589588,1
zfp_p_22_so4_a2_SRF,181,0.999965757,0.986756786,0.269458912,0.005933466,1
zfp_p_22_so4_a2_SRF,182,1,1,0.280309606,0.011149706,1
zfp_p_22_so4_a2_SRF,183,1,1,0.394241898,0.006906383,1
zfp_p_22_so4_a2_SRF,184,1,0.992408142,0.359881366,0.057124848,1
zfp_p_22_so4_a2_SRF,185,0.999992667,0.978603241,0.334563079,0.016955582,1
zfp_p_22_so4_a2_SRF,186,1,0.984701462,0.338179977,0.007371828,1
zfp_p_22_so4_a2_SRF,187,0.999999903,0.991736617,0.260416667,0.007970078,1
zfp_p_22_so4_a2_SRF,188,1,0.979937068,0.251374421,0.003035492,1
zfp_p_22_so4_a2_SRF,189,1,1,0.359881366,0.004781868,1
zfp_p_22_so4_a2_SRF,190,1,0.984701462,0.41051794,0.001728246,1
zfp_p_22_so4_a2_SRF,191,1,0.979937068,0.679976852,0.131702816,1
zfp_p_22_so4_a2_SRF,192,1,0.988607252,0.385199653,0.05489584,1
zfp_p_22_so4_a2_SRF,193,1,0.990263477,0.547960069,0.103541162,1
zfp_p_22_so4_a2_SRF,194,1,0.978603241,0.298394097,0.006531028,1
zfp_p_22_so4_a2_SRF,195,0.999995834,0.991022216,0.189887153,0.002760751,1
zfp_p_22_so4_a2_SRF,196,0.999999773,1,0.224247685,0.001736996,1
zfp_p_22_so4_a2_SRF,197,1,1,0.303819444,0.002976455,1
zfp_p_22_so4_a2_SRF,198,0.999971906,0.992408142,0.419560185,0.048431083,1
zfp_p_22_so4_a2_SRF,199,1,1,0.434027778,0.012047693,1
zfp_p_22_so4_a2_SRF,200,1,0.999850532,0.41051794,0.008826002,1
zfp_p_22_so4_a2_SRF,201,1,0.981212746,0.262225116,0.002153362,1
zfp_p_22_so4_a2_SRF,202,0.999999713,0.989458959,0.206163194,0.001038892,1
zfp_p_22_so4_a2_SRF,203,0.999992272,0.989458959,0.256799769,0.00099555,1
zfp_p_22_so4_a2_SRF,204,1,0.988607252,0.164568866,0.00197316,1
zfp_p_22_so4_a2_SRF,205,1,0.999999998,0.180844907,0.000563708,1
zfp_p_22_so4_a2_SRF,206,0.999999011,1,0.160951968,0.001789771,1
zfp_p_22_so4_a2_SRF,207,1,1,0.126591435,0.000813156,1
zfp_p_22_so4_a2_SRF,208,1,0.975757287,0.150101273,0.004060139,1
zfp_p_22_so4_a2_SRF,209,1,0.987706977,0.231481481,0.001763217,1
zfp_p_22_so4_a2_SRF,210,0.999991773,0.992408142,0.218822338,0.001345066,1
zfp_p_22_so4_a2_SRF,211,0.999999972,0.984701462,0.363498264,0.026989855,1
zfp_p_22_so4_a2_SRF,212,0.999999809,0.991022216,0.381582755,0.003929339,1
zfp_p_22_so4_a2_SRF,213,1,0.981212746,0.443070023,0.003920209,1
zfp_p_22_so4_a2_SRF,214,1,0.992408142,0.477430556,0.01041947,1
zfp_p_22_so4_a2_SRF,215,1,0.986756786,0.33275463,0.002783774,1
zfp_p_22_so4_a2_SRF,216,1,0.979937068,0.439453125,0.002352904,1
zfp_p_22_so4_a2_SRF,217,1,0.990263477,0.437644676,0.006141828,1
zfp_p_22_so4_a2_SRF,218,0.999999988,0.992408142,0.289351852,0.001285074,1
zfp_p_22_so4_a2_SRF,219,1,0.985755371,0.274884259,0.001238321,1
zfp_p_22_so4_a2_SRF,220,0.999999772,1,0.265842014,0.001644247,1
zfp_p_22_so4_a2_SRF,221,1,1,0.267650463,0.002196198,1
zfp_p_22_so4_a2_SRF,222,1,0.984701462,0.282118056,0.00100667,1
zfp_p_22_so4_a2_SRF,223,1,0.991736617,0.365306713,0.001745652,1
zfp_p_22_so4_a2_SRF,224,1,0.984701462,0.385199653,0.003886004,1
zfp_p_22_so4_a2_SRF,225,1,0.989458959,0.399667245,0.001603435,1
zfp_p_22_so4_a2_SRF,226,1,0.991022216,0.347222222,0.0016969,1
zfp_p_22_so4_a2_SRF,227,1,0.988607252,0.260416667,0.002151179,1
zfp_p_22_so4_a2_SRF,228,1,0.977210288,0.217013889,0.001268544,1
zfp_p_22_so4_a2_SRF,229,1,0.987706977,0.307436343,0.003428028,1
zfp_p_22_so4_a2_SRF,230,1,0.991736617,0.130208333,0.00108996,1
zfp_p_22_so4_a2_SRF,231,1,0.990263477,0.184461806,0.001168689,1
zfp_p_22_so4_a2_SRF,232,1,0.982431307,0.31286169,0.002743416,1
zfp_p_22_so4_a2_SRF,233,1,0.987706977,0.491898148,0.001280057,1
zfp_p_22_so4_a2_SRF,234,1,0.982431307,0.233289931,0.002306737,1
zfp_p_22_so4_a2_SRF,235,1,0.989458959,0.291160301,0.003784596,1
zfp_p_22_so4_a2_SRF,236,1,0.977210288,0.265842014,0.001297215,1
zfp_p_22_so4_a2_SRF,237,1,0.993038273,0.298394097,0.001051794,1
zfp_p_22_so4_a2_SRF,238,0.999983783,0.991022216,0.217013889,0.000512473,1
zfp_p_22_so4_a2_SRF,239,0.999998635,0.975757287,0.197120949,0.001139252,1
zfp_p_22_so4_a2_SRF,240,1,0.990263477,0.285734954,0.002475376,1
zfp_p_22_so4_a2_SRF,241,1,0.981212746,0.338179977,0.00208979,1
zfp_p_22_so4_a2_SRF,242,0.999999941,1,0.439453125,0.002475724,1
zfp_p_22_so4_a2_SRF,243,1,1,0.171802662,0.000734666,1
zfp_p_22_so4_a2_SRF,244,0.999999985,0.991736617,0.267650463,0.0014839,1
zfp_p_22_so4_a2_SRF,245,0.999914559,0.986756786,0.341796875,0.003695971,1
zfp_p_22_so4_a2_SRF,246,1,0.990263477,0.289351852,0.000740626,1
zfp_p_22_so4_a2_SRF,247,1,0.987706977,0.29296875,0.000898367,1
zfp_p_22_so4_a2_SRF,248,1,1,0.213396991,0.001436774,1
zfp_p_22_so4_a2_SRF,249,1,0.984701462,0.283926505,0.003610554,1
zfp_p_22_so4_a2_SRF,250,1,0.997096779,0.287543403,0.000776854,1
zfp_p_22_so4_a2_SRF,251,1,0.990263477,0.432219329,0.009245539,1
zfp_p_22_so4_a2_SRF,252,1,0.992408142,0.271267361,0.001749492,1
zfp_p_22_so4_a2_SRF,253,1,0.991736617,0.29296875,0.001750702,1
zfp_p_22_so4_a2_SRF,254,1,0.992408142,0.211588542,0.004563058,1
zfp_p_22_so4_a2_SRF,255,1,0.986756786,0.092230903,0.000820512,1
zfp_p_22_so4_a2_SRF,256,0.999991498,0.994180369,0.218822338,0.000742753,1
zfp_p_22_so4_a2_SRF,257,1,0.992408142,0.300202546,0.0012746,1
zfp_p_22_so4_a2_SRF,258,1,0.986756786,0.271267361,0.000792237,1
zfp_p_22_so4_a2_SRF,259,0.9999564,0.975757287,0.245949074,0.000854876,1
zfp_p_22_so4_a2_SRF,260,0.99999982,0.984701462,0.200737847,0.000988513,1
zfp_p_22_so4_a2_SRF,261,1,0.992408142,0.132016782,0.000578369,1
zfp_p_22_so4_a2_SRF,262,0.999997299,1,0.153718171,0.001611038,1
zfp_p_22_so4_a2_SRF,263,0.999995521,1,0.193504051,0.004146852,1
zfp_p_22_so4_a2_SRF,264,0.999998614,0.988607252,0.300202546,0.001665108,1
zfp_p_22_so4_a2_SRF,265,1,0.991022216,0.264033565,0.001066566,1
zfp_p_22_so4_a2_SRF,266,0.999998935,0.977210288,0.336371528,0.002103698,1
zfp_p_22_so4_a2_SRF,267,0.999999808,0.987706977,0.269458912,0.001145438,1
zfp_p_22_so4_a2_SRF,268,1,0.990263477,0.213396991,0.001134427,1
zfp_p_22_so4_a2_SRF,269,1,0.988607252,0.329137731,0.002651141,1
zfp_p_22_so4_a2_SRF,270,1,0.981212746,0.25318287,0.004014456,1
zfp_p_22_so4_a2_SRF,271,1,0.978603241,0.264033565,0.001337151,1
zfp_p_22_so4_a2_SRF,272,1,0.996770936,0.238715278,0.003187029,1
zfp_p_22_so4_a2_SRF,273,1,0.991736617,0.256799769,0.001605299,1
zfp_p_22_so4_a2_SRF,274,1,0.989458959,0.356264468,0.002478287,1
zfp_p_22_so4_a2_SRF,275,1,0.988607252,0.269458912,0.000815408,1
zfp_p_22_so4_a2_SRF,276,0.999999924,0.993038273,0.256799769,0.001550182,1
zfp_p_22_so4_a2_SRF,277,1,0.993038273,0.278501157,0.001539652,1
zfp_p_22_so4_a2_SRF,278,1,0.988607252,0.274884259,0.001508807,1
zfp_p_22_so4_a2_SRF,279,0.999999917,0.983593835,0.244140625,0.000543344,1
zfp_p_22_so4_a2_SRF,280,1,0.990263477,0.302010995,0.001008,1
zfp_p_22_so4_a2_SRF,281,1,0.992408142,0.368923611,0.001873816,1
zfp_p_22_so4_a2_SRF,282,1,0.992408142,0.44849537,0.003765991,1
zfp_p_22_so4_a2_SRF,283,1,0.9675633,0.551576968,0.003211775,1
zfp_p_22_so4_a2_SRF,284,1,0.981212746,0.358072917,0.002531551,1
zfp_p_22_so4_a2_SRF,285,0.999999895,0.999999989,0.358072917,0.000935884,1
zfp_p_22_so4_a2_SRF,286,1,1,0.356264468,0.00176857,1
zfp_p_22_so4_a2_SRF,287,1,1,0.392433449,0.002571979,1
zfp_p_22_so4_a2_SRF,288,0.999999941,0.992408142,0.365306713,0.007541969,1
zfp_p_22_so4_a2_SRF,289,1,0.991736617,0.464771412,0.004263274,1
zfp_p_22_so4_a2_SRF,290,1,0.992408142,0.363498264,0.015537574,1
zfp_p_22_so4_a2_SRF,291,0.999999981,0.993038273,0.367115162,0.004626169,1
zfp_p_22_so4_a2_SRF,292,0.999975557,0.987706977,0.383391204,0.02015904,1
zfp_p_22_so4_a2_SRF,293,0.999979312,0.988607252,0.278501157,0.002543121,1
zfp_p_22_so4_a2_SRF,294,0.999984692,0.986756786,0.305627894,0.001990337,1
zfp_p_22_so4_a2_SRF,295,0.999999993,0.989458959,0.354456019,0.0022651,1
zfp_p_22_so4_a2_SRF,296,0.999994379,0.982431307,0.437644676,0.08376137,1
zfp_p_22_so4_a2_SRF,297,0.999984485,0.994180369,0.533492477,0.018714614,1
zfp_p_22_so4_a2_SRF,298,0.999942311,0.974243371,0.405092593,0.008146868,1
zfp_p_22_so4_a2_SRF,299,0.999999489,0.975757287,0.614872685,0.008829155,1
zfp_p_22_so4_a2_SRF,300,0.999999573,0.988607252,0.298394097,0.010332128,1
zfp_p_22_so4_a2_SRF,301,1,0.981212746,0.399667245,0.001104025,1
zfp_p_22_so4_a2_SRF,302,0.999999979,0.986756786,0.352647569,0.002385609,1
zfp_p_22_so4_a2_SRF,303,0.999997131,0.985755371,0.356264468,0.002090505,1
zfp_p_22_so4_a2_SRF,304,1,0.977210288,0.341796875,0.008426496,1
zfp_p_22_so4_a2_SRF,305,1,0.991022216,0.356264468,0.00691611,1
zfp_p_22_so4_a2_SRF,306,0.999999519,0.985755371,0.419560185,0.006454272,1
zfp_p_22_so4_a2_SRF,307,0.999999883,0.983593835,0.522641782,0.010209231,1
zfp_p_22_so4_a2_SRF,308,0.999986774,0.987706977,0.363498264,0.004740687,1
zfp_p_22_so4_a2_SRF,309,1,0.991736617,0.361689815,0.002423996,1
zfp_p_22_so4_a2_SRF,310,0.999996132,0.981212746,0.415943287,0.005385284,1
zfp_p_22_so4_a2_SRF,311,1,0.983593835,0.349030671,0.001728481,1
zfp_p_22_so4_a2_SRF,312,0.999995788,0.977210288,0.356264468,0.002086619,1
zfp_p_22_so4_a2_SRF,313,1,0.981212746,0.323712384,0.005330933,1
zfp_p_22_so4_a2_SRF,314,0.999999977,0.986756786,0.296585648,0.001398337,1
zfp_p_22_so4_a2_SRF,315,1,1,0.226056134,0.001014604,1
zfp_p_22_so4_a2_SRF,316,1,0.999993691,0.206163194,0.001215737,1
zfp_p_22_so4_a2_SRF,317,1,0.991736617,0.164568866,0.001542518,1
zfp_p_22_so4_a2_SRF,318,1,0.987706977,0.198929398,0.003097793,1
zfp_p_22_so4_a2_SRF,319,0.999999861,0.987706977,0.211588542,0.002579728,1
zfp_p_22_so4_a2_SRF,320,1,0.978603241,0.227864583,0.000961221,1
zfp_p_22_so4_a2_SRF,321,0.999961309,0.986756786,0.245949074,0.00138285,1
zfp_p_22_so4_a2_SRF,322,1,0.983593835,0.150101273,0.000843098,1
zfp_p_22_so4_a2_SRF,323,0.999999451,1,0.180844907,0.001804721,1
zfp_p_22_so4_a2_SRF,324,0.999999996,1,0.13744213,0.001262212,1
zfp_p_22_so4_a2_SRF,325,0.999998514,1,0.256799769,0.001410855,1
zfp_p_22_so4_a2_SRF,326,1,0.963839623,0.314670139,0.002143627,1
zfp_p_22_so4_a2_SRF,327,1,0.994695369,0.206163194,0.001262017,1
zfp_p_22_so4_a2_SRF,328,1,0.998550067,0.341796875,0.001906046,1
zfp_p_22_so4_a2_SRF,329,1,0.99991585,0.247757523,0.001792987,1
zfp_p_22_so4_a2_SRF,330,0.999999687,0.986756786,0.341796875,0.008615826,1
zfp_p_22_so4_a2_SRF,331,0.999999862,0.984701462,0.354456019,0.029564012,1
zfp_p_22_so4_a2_SRF,332,1,0.987706977,0.164568866,0.000691168,1
zfp_p_22_so4_a2_SRF,333,0.999993088,0.988607252,0.103081597,0.000346908,1
zfp_p_22_so4_a2_SRF,334,0.999999697,0.991736617,0.146484375,0.000907057,1
zfp_p_22_so4_a2_SRF,335,0.999999987,1,0.135633681,0.000771603,1
zfp_p_22_so4_a2_SRF,336,1,0.996417342,0.11754919,0.00342535,1
zfp_p_22_so4_a2_SRF,337,1,0.988607252,0.141059028,0.000452273,1
zfp_p_22_so4_a2_SRF,338,0.999999623,0.999999892,0.148292824,0.000978585,1
zfp_p_22_so4_a2_SRF,339,1,0.991736617,0.204354745,0.003018045,1
zfp_p_22_so4_a2_SRF,340,1,0.990263477,0.146484375,0.002506316,1
zfp_p_22_so4_a2_SRF,341,1,0.989458959,0.151909722,0.00362918,1
zfp_p_22_so4_a2_SRF,342,0.999999757,0.971029624,0.184461806,0.002305188,1
zfp_p_22_so4_a2_SRF,343,0.999999936,0.992408142,0.224247685,0.003013122,1
zfp_p_22_so4_a2_SRF,344,0.999994015,0.991736617,0.209780093,0.00253152,1
zfp_p_22_so4_a2_SRF,345,1,0.979937068,0.222439236,0.002250329,1
zfp_p_22_so4_a2_SRF,346,1,0.985755371,0.233289931,0.0011285,1
zfp_p_22_so4_a2_SRF,347,0.999974827,0.981212746,0.180844907,0.000964946,1
zfp_p_22_so4_a2_SRF,348,0.999999821,0.993038273,0.188078704,0.000961389,1
zfp_p_22_so4_a2_SRF,349,0.999999779,0.989458959,0.168185764,0.005720653,1
zfp_p_22_so4_a2_SRF,350,1,1,0.23509838,0.001167575,1
zfp_p_22_so4_a2_SRF,351,1,0.992408142,0.258608218,0.00721626,1
zfp_p_22_so4_a2_SRF,352,0.999980461,0.987706977,0.226056134,0.001737605,1
zfp_p_22_so4_a2_SRF,353,1,1,0.291160301,0.00393472,1
zfp_p_22_so4_a2_SRF,354,0.999999978,1,0.287543403,0.007169515,1
zfp_p_22_so4_a2_SRF,355,0.999999994,0.986756786,0.372540509,0.003973078,1
zfp_p_22_so4_a2_SRF,356,0.999997387,0.979937068,0.274884259,0.006621598,1
zfp_p_22_so4_a2_SRF,357,1,0.988607252,0.309244792,0.004754092,1
zfp_p_22_so4_a2_SRF,358,1,0.988607252,0.314670139,0.001971256,1
zfp_p_22_so4_a2_SRF,359,0.999994889,0.977210288,0.276692708,0.001693042,1
zfp_p_22_so4_a2_SRF,360,0.999999977,1,0.329137731,0.002368305,1
zfp_p_22_so4_a2_SRF,361,0.999997131,0.972667733,0.385199653,0.002997721,1
zfp_p_22_so4_a2_SRF,362,0.999997713,1,0.435836227,0.00470072,1
zfp_p_22_so4_a2_SRF,363,0.999993982,1,0.303819444,0.004308204,1
zfp_p_22_so4_a2_SRF,364,1,0.987706977,0.287543403,0.002176627,1
zfp_p_22_so4_a2_SRF,365,0.999999802,0.998151838,0.330946181,0.003381084,1
zfp_p_22_so4_a2_SRF,366,1,0.992408142,0.184461806,0.001501077,1
zfp_p_22_so4_a2_SRF,367,1,1,0.213396991,0.000666106,1
zfp_p_22_so4_a2_SRF,368,1,0.982431307,0.33275463,0.002882637,1
zfp_p_22_so4_a2_SRF,369,0.999998056,1,0.336371528,0.010112977,1
zfp_p_22_so4_a2_SRF,370,1,1,0.244140625,0.000768905,1
zfp_p_22_so4_a2_SRF,371,0.999999105,0.988607252,0.29296875,0.033536897,1
zfp_p_22_so4_a2_SRF,372,0.999997988,0.982431307,0.21520544,0.019194139,1
zfp_p_22_so4_a2_SRF,373,1,0.983593835,0.15552662,0.000737563,1
zfp_p_22_so4_a2_SRF,374,1,0.986756786,0.184461806,0.002041805,1
zfp_p_22_so4_a2_SRF,375,1,0.991736617,0.197120949,0.001022852,1
zfp_p_22_so4_a2_SRF,376,1,0.991736617,0.197120949,0.001582865,1
zfp_p_22_so4_a2_SRF,377,0.999997052,0.989458959,0.209780093,0.000468859,1
zfp_p_22_so4_a2_SRF,378,0.999951866,0.988607252,0.162760417,0.000444278,1
zfp_p_22_so4_a2_SRF,379,1,0.999993691,0.150101273,0.006176367,1
zfp_p_22_so4_a2_SRF,380,0.999998619,1,0.229673032,0.001819857,1
zfp_p_22_so4_a2_SRF,381,1,1,0.227864583,0.001765868,1
zfp_p_22_so4_a2_SRF,382,0.999992275,0.991736617,0.21520544,0.002796706,1
zfp_p_22_so4_a2_SRF,383,1,0.989458959,0.162760417,0.002012352,1
zfp_p_22_so4_a2_SRF,384,0.999998927,0.990263477,0.171802662,0.002410353,1
zfp_p_22_so4_a2_SRF,385,1,0.997096779,0.217013889,0.003081147,1
zfp_p_22_so4_a2_SRF,386,1,0.990263477,0.15552662,0.003294082,1
zfp_p_22_so4_a2_SRF,387,1,0.988607252,0.15552662,0.001377902,1
zfp_p_22_so4_a2_SRF,388,1,0.991736617,0.133825231,0.001299239,1
zfp_p_22_so4_a2_SRF,389,0.999999621,0.993038273,0.13744213,0.001613033,1
zfp_p_22_so4_a2_SRF,390,1,0.988607252,0.15552662,0.000634451,1
zfp_p_22_so4_a2_SRF,391,0.999999803,0.991736617,0.1953125,0.002603387,1
zfp_p_22_so4_a2_SRF,392,0.999991512,0.990263477,0.280309606,0.001471479,1
zfp_p_22_so4_a2_SRF,393,1,0.988607252,0.245949074,0.006827469,1
zfp_p_22_so4_a2_SRF,394,0.999999796,0.989458959,0.260416667,0.001533799,1
zfp_p_22_so4_a2_SRF,395,0.999999983,0.987706977,0.133825231,0.000869241,1
zfp_p_22_so4_a2_SRF,396,0.999998548,0.987706977,0.128399884,0.00090991,1
zfp_p_22_so4_a2_SRF,397,0.999994381,0.994180369,0.159143519,0.002122217,1
zfp_p_22_so4_a2_SRF,398,1,0.999875923,0.151909722,0.001394479,1
zfp_p_22_so4_a2_SRF,399,0.999999958,1,0.150101273,0.002435073,1
zfp_p_22_so4_a2_SRF,400,0.999961552,0.987706977,0.231481481,0.001386985,1
zfp_p_22_so4_a2_SRF,401,0.999999981,0.990263477,0.238715278,0.004053146,1
zfp_p_22_so4_a2_SRF,402,0.999999865,0.991736617,0.17541956,0.0027632,1
zfp_p_22_so4_a2_SRF,403,1,1,0.276692708,0.004092938,1
zfp_p_22_so4_a2_SRF,404,1,1,0.282118056,0.001806865,1
zfp_p_22_so4_a2_SRF,405,0.99999911,0.991022216,0.222439236,0.004075913,1
zfp_p_22_so4_a2_SRF,406,0.999999963,0.992408142,0.162760417,0.002493094,1
zfp_p_22_so4_a2_SRF,407,0.999998166,0.984701462,0.265842014,0.001742939,1
zfp_p_22_so4_a2_SRF,408,1,0.994180369,0.278501157,0.004243378,1
zfp_p_22_so4_a2_SRF,409,1,0.987706977,0.27307581,0.000897825,1
zfp_p_22_so4_a2_SRF,410,0.999999646,0.996417342,0.173611111,0.000312365,1
zfp_p_22_so4_a2_SRF,411,1,0.982431307,0.13744213,0.00060204,1
zfp_p_22_so4_a2_SRF,412,0.999994097,0.989458959,0.139250579,0.000956402,1
zfp_p_22_so4_a2_SRF,413,0.9999985,0.991736617,0.139250579,0.004224886,1
zfp_p_22_so4_a2_SRF,414,1,0.985755371,0.191695602,0.003311597,1
zfp_p_22_so4_a2_SRF,415,0.999999853,0.981212746,0.146484375,0.002129464,1
zfp_p_22_so4_a2_SRF,416,0.99999998,0.986756786,0.173611111,0.002105167,1
zfp_p_22_so4_a2_SRF,417,1,0.975757287,0.168185764,0.001147579,1
zfp_p_22_so4_a2_SRF,418,1,0.981212746,0.142867477,0.002213816,1
zfp_p_22_so4_a2_SRF,419,0.999996949,0.983593835,0.238715278,0.001220062,1
zfp_p_22_so4_a2_SRF,420,1,1,0.240523727,0.001192228,1
zfp_p_22_so4_a2_SRF,421,0.999999339,0.994695369,0.211588542,0.002146053,1
zfp_p_22_so4_a2_SRF,422,1,0.983593835,0.132016782,0.000533215,1
zfp_p_22_so4_a2_SRF,423,1,0.987706977,0.17541956,0.000402765,1
zfp_p_22_so4_a2_SRF,424,0.999996036,0.990263477,0.182653356,0.000970936,1
zfp_p_22_so4_a2_SRF,425,0.999991402,0.991022216,0.316478588,0.002515979,1
zfp_p_22_so4_a2_SRF,426,1,0.991022216,0.502748843,0.008303439,1
zfp_p_22_so4_a2_SRF,427,0.999986561,0.982431307,0.200737847,0.000983961,1
zfp_p_22_so4_a2_SRF,428,0.999998236,0.988607252,0.222439236,0.002687581,1
zfp_p_22_so4_a2_SRF,429,1,1,0.323712384,0.002814606,1
zfp_p_22_so4_a2_SRF,430,1,0.987706977,0.244140625,0.041431186,1
zfp_p_22_so4_a2_SRF,431,0.999996001,0.982431307,0.171802662,0.001870214,1
zfp_p_22_so4_a2_SRF,432,0.999999993,0.978603241,0.227864583,0.001962006,1
zfp_p_22_so4_a2_SRF,433,1,0.985755371,0.229673032,0.00218188,1
zfp_p_22_so4_a2_SRF,434,1,0.988607252,0.316478588,0.002517043,1
zfp_p_22_so4_a2_SRF,435,0.999996769,0.986756786,0.173611111,0.004242079,1
zfp_p_22_so4_a2_SRF,436,1,0.985755371,0.171802662,0.001691666,1
zfp_p_22_so4_a2_SRF,437,0.999997352,0.990263477,0.15552662,0.002773947,1
zfp_p_22_so4_a2_SRF,438,1,0.990263477,0.110315394,0.001132839,1
zfp_p_22_so4_a2_SRF,439,0.999989345,0.990263477,0.142867477,0.000848802,1
zfp_p_22_so4_a2_SRF,440,1,0.982431307,0.142867477,0.000685504,1
zfp_p_22_so4_a2_SRF,441,0.999994237,0.991736617,0.173611111,0.000694622,1
zfp_p_22_so4_a2_SRF,442,1,0.991736617,0.177228009,0.002351994,1
zfp_p_22_so4_a2_SRF,443,1,0.987706977,0.119357639,0.000981719,1
zfp_p_22_so4_a2_SRF,444,1,0.983593835,0.135633681,0.001149408,1
zfp_p_22_so4_a2_SRF,445,1,0.994695369,0.150101273,0.00068644,1
zfp_p_22_so4_a2_SRF,446,0.999984285,0.991022216,0.148292824,0.000671062,1
zfp_p_22_so4_a2_SRF,447,1,0.982431307,0.141059028,0.000886737,1
zfp_p_22_so4_a2_SRF,448,0.999999025,0.990263477,0.157335069,0.001010551,1
zfp_p_22_so4_a2_SRF,449,0.999990186,0.979937068,0.180844907,0.00069906,1
zfp_p_22_so4_a2_SRF,450,0.999999888,0.992408142,0.142867477,0.003572972,1
zfp_p_22_so4_a2_SRF,451,1,0.986756786,0.166377315,0.001295887,1
zfp_p_22_so4_a2_SRF,452,0.999971564,0.978603241,0.169994213,0.001604739,1
zfp_p_22_so4_a2_SRF,453,0.999997683,0.993038273,0.189887153,0.002677771,1
zfp_p_22_so4_a2_SRF,454,0.999833918,0.990263477,0.139250579,0.001068884,1
zfp_p_22_so4_a2_SRF,455,0.999978253,0.986756786,0.11754919,0.000667872,1
zfp_p_22_so4_a2_SRF,456,1,0.990263477,0.142867477,0.002046332,1
zfp_p_22_so4_a2_SRF,457,1,0.991736617,0.088614005,0.001409589,1
zfp_p_22_so4_a2_SRF,458,0.999999947,0.993628511,0.099464699,0.001861577,1
zfp_p_22_so4_a2_SRF,459,0.999999677,0.989458959,0.095847801,0.000869049,1
zfp_p_22_so4_a2_SRF,460,1,0.988607252,0.13744213,0.000494925,1
zfp_p_22_so4_a2_SRF,461,0.999999014,0.978603241,0.132016782,0.000761675,1
zfp_p_22_so4_a2_SRF,462,1,0.992408142,0.15552662,0.000854475,1
zfp_p_22_so4_a2_SRF,463,1,0.993038273,0.144675926,0.000689208,1
zfp_p_22_so4_a2_SRF,464,0.999999831,0.992408142,0.121166088,0.008145543,1
zfp_p_22_so4_a2_SRF,465,1,0.991736617,0.184461806,0.000664373,1
zfp_p_22_so4_a2_SRF,466,1,0.988607252,0.141059028,0.001231576,1
zfp_p_22_so4_a2_SRF,467,1,0.999700262,0.160951968,0.002868648,1
zfp_p_22_so4_a2_SRF,468,1,0.989458959,0.128399884,0.005234214,1
zfp_p_22_so4_a2_SRF,469,1,0.993628511,0.132016782,0.001223941,1
zfp_p_22_so4_a2_SRF,470,1,0.989458959,0.11754919,0.000904901,1
zfp_p_22_so4_a2_SRF,471,0.999998542,0.984701462,0.146484375,0.00181221,1
zfp_p_22_so4_a2_SRF,472,0.999999311,0.989458959,0.217013889,0.001901215,1
zfp_p_22_so4_a2_SRF,473,0.999956209,0.969328356,0.168185764,0.009211354,1
zfp_p_22_so4_a2_SRF,474,0.999999981,0.999252033,0.130208333,0.000661554,1
zfp_p_22_so4_a2_SRF,475,1,0.987706977,0.197120949,0.000970275,1
zfp_p_22_so4_a2_SRF,476,0.999985203,0.984701462,0.171802662,0.001184138,1
zfp_p_22_so4_a2_SRF,477,0.999986528,0.987706977,0.160951968,0.010586575,1
zfp_p_22_so4_a2_SRF,478,1,0.991022216,0.132016782,0.001493918,1
zfp_p_22_so4_a2_SRF,479,0.999999916,0.975757287,0.115740741,0.000397847,1
zfp_p_22_so4_a2_SRF,480,1,0.999954974,0.177228009,0.001192724,1
zfp_p_22_so4_a2_SRF,481,1,0.999700262,0.244140625,0.000994593,1
zfp_p_22_so4_a2_SRF,482,0.999970584,0.984701462,0.202546296,0.002003962,1
zfp_p_22_so4_a2_SRF,483,1,0.994695369,0.211588542,0.001423494,1
zfp_p_22_so4_a2_SRF,484,1,0.981212746,0.27307581,0.005475322,1
zfp_p_22_so4_a2_SRF,485,0.999999996,0.974243371,0.224247685,0.00132685,1
zfp_p_22_so4_a2_SRF,486,1,0.986756786,0.204354745,0.000903578,1
zfp_p_22_so4_a2_SRF,487,1,0.977210288,0.184461806,0.001836606,1
zfp_p_22_so4_a2_SRF,488,0.999980302,0.992408142,0.209780093,0.00131523,1
zfp_p_22_so4_a2_SRF,489,1,0.982431307,0.258608218,0.002267047,1
zfp_p_22_so4_a2_SRF,490,1,0.999989208,0.189887153,0.000829068,1
zfp_p_22_so4_a2_SRF,491,0.999985551,0.999999982,0.189887153,0.00082831,1
zfp_p_22_so4_a2_SRF,492,1,1,0.133825231,0.001292821,1
zfp_p_22_so4_a2_SRF,493,1,0.984701462,0.153718171,0.004940731,1
zfp_p_22_so4_a2_SRF,494,0.999998977,0.984701462,0.278501157,0.001238477,1
zfp_p_22_so4_a2_SRF,495,1,0.983593835,0.197120949,0.001812213,1
zfp_p_22_so4_a2_SRF,496,0.999958971,0.979937068,0.265842014,0.001003552,1
zfp_p_22_so4_a2_SRF,497,1,0.985755371,0.251374421,0.002024265,1
zfp_p_22_so4_a2_SRF,498,1,0.979937068,0.267650463,0.03112747,1
zfp_p_22_so4_a2_SRF,499,1,0.993038273,0.321903935,0.022161074,1
zfp_p_22_so4_a2_SRF,500,0.999929164,0.993038273,0.361689815,0.00182997,1
zfp_p_22_so4_a2_SRF,501,0.999981135,0.983593835,0.29296875,0.021806045,1
zfp_p_22_so4_a2_SRF,502,0.999999973,0.979937068,0.29296875,0.007579438,1
zfp_p_22_so4_a2_SRF,503,0.999990729,0.992408142,0.276692708,0.025740035,1
zfp_p_22_so4_a2_SRF,504,1,0.996770936,0.318287037,0.002804721,1
zfp_p_22_so4_a2_SRF,505,1,0.999439824,0.356264468,0.004990414,1
zfp_p_22_so4_a2_SRF,506,1,0.989458959,0.354456019,0.011155522,1
zfp_p_22_so4_a2_SRF,507,1,0.991022216,0.245949074,0.011827701,1
zfp_p_22_so4_a2_SRF,508,1,0.992408142,0.233289931,0.058028,1
zfp_p_22_so4_a2_SRF,509,1,0.988607252,0.218822338,0.004699064,1
zfp_p_22_so4_a2_SRF,510,1,0.989458959,0.169994213,0.001445432,1
zfp_p_22_so4_a2_SRF,511,1,0.990263477,0.171802662,0.009338059,1
zfp_p_22_so4_a2_SRF,512,1,0.986756786,0.27307581,0.004277958,1
zfp_p_22_so4_a2_SRF,513,1,0.992408142,0.202546296,0.002435514,1
zfp_p_22_so4_a2_SRF,514,1,0.990263477,0.191695602,0.014464549,1
zfp_p_22_so4_a2_SRF,515,1,0.977210288,0.141059028,0.00036349,1
zfp_p_22_so4_a2_SRF,516,1,0.992408142,0.227864583,0.002425506,1
zfp_p_22_so4_a2_SRF,517,1,0.972667733,0.233289931,0.004332575,1
zfp_p_22_so4_a2_SRF,518,0.999991,0.985755371,0.198929398,0.001034544,1
zfp_p_22_so4_a2_SRF,519,1,0.981212746,0.206163194,0.001946607,1
zfp_p_22_so4_a2_SRF,520,1,0.977210288,0.227864583,0.001586561,1
zfp_p_22_so4_a2_SRF,521,1,0.988607252,0.271267361,0.001961048,1
zfp_p_22_so4_a2_SRF,522,1,0.977210288,0.260416667,0.005663436,1
zfp_p_22_so4_a2_SRF,523,1,0.986756786,0.412326389,0.003068212,1
zfp_p_22_so4_a2_SRF,524,0.999946044,0.990263477,0.376157407,0.014938266,1
zfp_p_22_so4_a2_SRF,525,0.999994641,0.986756786,0.264033565,0.025939592,1
zfp_p_22_so4_a2_SRF,526,1,0.988607252,0.184461806,0.004449152,1
zfp_p_22_so4_a2_SRF,527,1,0.988607252,0.224247685,0.014392278,1
zfp_p_22_so4_a2_SRF,528,1,0.987706977,0.189887153,0.001014139,1
zfp_p_22_so4_a2_SRF,529,0.999999972,0.984701462,0.144675926,0.000857755,1
zfp_p_22_so4_a2_SRF,530,1,1,0.130208333,0.000877151,1
zfp_p_22_so4_a2_SRF,531,1,0.982431307,0.227864583,0.000759649,1
zfp_p_22_so4_a2_SRF,532,1,0.990263477,0.316478588,0.002130287,1
zfp_p_22_so4_a2_SRF,533,1,0.989458959,0.396050347,0.002095638,1
zfp_p_22_so4_a2_SRF,534,1,0.992408142,0.379774306,0.00161776,1
zfp_p_22_so4_a2_SRF,535,1,0.985755371,0.166377315,0.002559445,1
zfp_p_22_so4_a2_SRF,536,1,0.991736617,0.209780093,0.005625927,1
zfp_p_22_so4_a2_SRF,537,1,0.986756786,0.169994213,0.003406775,1
zfp_p_22_so4_a2_SRF,538,1,0.993628511,0.1953125,0.001845414,1
zfp_p_22_so4_a2_SRF,539,0.999999382,0.991022216,0.146484375,0.00152361,1
zfp_p_22_so4_a2_SRF,540,1,0.986756786,0.173611111,0.000427909,1
zfp_p_22_so4_a2_SRF,541,1,0.977210288,0.128399884,0.000611857,1
zfp_p_22_so4_a2_SRF,542,0.999999854,1,0.166377315,0.003198688,1
zfp_p_22_so4_a2_SRF,543,1,0.993038273,0.142867477,0.000708435,1
zfp_p_22_so4_a2_SRF,544,1,0.989458959,0.184461806,0.001949784,1
zfp_p_22_so4_a2_SRF,545,0.99999538,0.989458959,0.374348958,0.003742635,1
zfp_p_22_so4_a2_SRF,546,0.999997118,0.984701462,0.278501157,0.041962173,1
zfp_p_22_so4_a2_SRF,547,1,0.988607252,0.198929398,0.00200236,1
zfp_p_22_so4_a2_SRF,548,1,0.9675633,0.231481481,0.007896869,1
zfp_p_22_so4_a2_SRF,549,1,0.991022216,0.269458912,0.011117757,1
zfp_p_22_so4_a2_SRF,550,1,0.994180369,0.227864583,0.00221668,1
zfp_p_22_so4_a2_SRF,551,1,0.987706977,0.242332176,0.055370232,1
zfp_p_22_so4_a2_SRF,552,1,0.987706977,0.1953125,0.000755047,1
zfp_p_22_so4_a2_SRF,553,0.999999142,0.986756786,0.238715278,0.002272534,1
zfp_p_22_so4_a2_SRF,554,0.999999835,0.990263477,0.198929398,0.013014928,1
zfp_p_22_so4_a2_SRF,555,1,0.984701462,0.265842014,0.001315933,1
zfp_p_22_so4_a2_SRF,556,1,0.988607252,0.240523727,0.006923313,1
zfp_p_22_so4_a2_SRF,557,1,0.99999736,0.264033565,0.001737332,1
zfp_p_22_so4_a2_SRF,558,0.999999985,0.979937068,0.282118056,0.024915597,1
zfp_p_22_so4_a2_SRF,559,0.999999755,0.987706977,0.35083912,0.007087041,1
zfp_p_22_so4_a2_SRF,560,1,0.992408142,0.226056134,0.003618683,1
zfp_p_22_so4_a2_SRF,561,1,0.982431307,0.184461806,0.002863314,1
zfp_p_22_so4_a2_SRF,562,0.999999646,0.982431307,0.213396991,0.000837031,1
zfp_p_22_so4_a2_SRF,563,1,0.990263477,0.302010995,0.008182483,1
zfp_p_22_so4_a2_SRF,564,0.999999802,0.983593835,0.311053241,0.025931956,1
zfp_p_22_so4_a2_SRF,565,1,0.994695369,0.372540509,0.000949765,1
zfp_p_22_so4_a2_SRF,566,0.99999999,0.990263477,0.339988426,0.001793796,1
zfp_p_22_so4_a2_SRF,567,0.999966286,0.987706977,0.372540509,0.144117264,1
zfp_p_22_so4_a2_SRF,568,1,0.975757287,0.296585648,0.001892057,1
zfp_p_22_so4_a2_SRF,569,0.999980861,0.992408142,0.280309606,0.002184038,1
zfp_p_22_so4_a2_SRF,570,1,0.983593835,0.146484375,0.000868409,1
zfp_p_22_so4_a2_SRF,571,1,0.963839623,0.115740741,0.002204882,1
zfp_p_22_so4_a2_SRF,572,1,0.988607252,0.1953125,0.003768015,1
zfp_p_22_so4_a2_SRF,573,1,0.991736617,0.166377315,0.000871725,1
zfp_p_22_so4_a2_SRF,574,1,0.989458959,0.330946181,0.008109979,1
zfp_p_22_so4_a2_SRF,575,0.999967739,0.982431307,0.282118056,0.003140876,1
zfp_p_22_so4_a2_SRF,576,1,0.978603241,0.229673032,0.006720468,1
zfp_p_22_so4_a2_SRF,577,1,0.982431307,0.256799769,0.001781827,1
zfp_p_22_so4_a2_SRF,578,0.999973445,0.988607252,0.197120949,0.001343772,1
zfp_p_22_so4_a2_SRF,579,1,0.988607252,0.245949074,0.00096407,1
zfp_p_22_so4_a2_SRF,580,1,0.990263477,0.218822338,0.003067221,1
zfp_p_22_so4_a2_SRF,581,0.999994554,1,0.189887153,0.000798213,1
zfp_p_22_so4_a2_SRF,582,1,1,0.258608218,0.00225462,1
zfp_p_22_so4_a2_SRF,583,0.999885282,0.981212746,0.338179977,0.050003948,1
zfp_p_22_so4_a2_SRF,584,0.999973038,0.991736617,0.334563079,0.022694372,1
zfp_p_22_so4_a2_SRF,585,1,0.993038273,0.191695602,0.001748517,1
zfp_p_22_so4_a2_SRF,586,1,0.986756786,0.217013889,0.004233907,1
zfp_p_22_so4_a2_SRF,587,0.999999992,0.990263477,0.262225116,0.007067489,1
zfp_p_22_so4_a2_SRF,588,1,0.986756786,0.229673032,0.000596237,1
zfp_p_22_so4_a2_SRF,589,1,0.993628511,0.160951968,0.000556892,1
zfp_p_22_so4_a2_SRF,590,1,0.986756786,0.294777199,0.001760995,1
zfp_p_22_so4_a2_SRF,591,0.999998863,0.993628511,0.23509838,0.067586131,1
zfp_p_22_so4_a2_SRF,592,1,0.987706977,0.177228009,0.000869339,1
zfp_p_22_so4_a2_SRF,593,1,0.992408142,0.157335069,0.000912139,1
zfp_p_22_so4_a2_SRF,594,1,0.989458959,0.122974537,0.000844644,1
zfp_p_22_so4_a2_SRF,595,1,0.992408142,0.204354745,0.000536038,1
zfp_p_22_so4_a2_SRF,596,1,0.989458959,0.325520833,0.001397422,1
zfp_p_22_so4_a2_SRF,597,1,0.989458959,0.363498264,0.000552182,1
zfp_p_22_so4_a2_SRF,598,1,0.984701462,0.320095486,0.003599648,1
zfp_p_22_so4_a2_SRF,599,1,0.983593835,0.1953125,0.001389564,1
zfp_p_22_so4_a2_SRF,600,1,0.975757287,0.217013889,0.001554275,1
zfp_p_22_so4_a2_SRF,601,1,0.991022216,0.249565972,0.001004769,1
zfp_p_22_so4_a2_SRF,602,1,0.984701462,0.435836227,0.002185119,1
zfp_p_22_so4_a2_SRF,603,1,0.990263477,0.213396991,0.000636584,1
zfp_p_22_so4_a2_SRF,604,1,0.988607252,0.233289931,0.001006906,1
zfp_p_22_so4_a2_SRF,605,1,0.991736617,0.217013889,0.001004218,1
zfp_p_22_so4_a2_SRF,606,1,0.991736617,0.423177083,0.003523248,1
zfp_p_22_so4_a2_SRF,607,1,0.985755371,0.46838831,0.040368774,1
zfp_p_22_so4_a2_SRF,608,0.999999997,0.983593835,0.495515046,0.010031807,1
zfp_p_22_so4_a2_SRF,609,1,0.982431307,0.249565972,0.001097692,1
zfp_p_22_so4_a2_SRF,610,1,0.990263477,0.242332176,0.000728372,1
zfp_p_22_so4_a2_SRF,611,1,0.981212746,0.209780093,0.003779099,1
zfp_p_22_so4_a2_SRF,612,1,0.987706977,0.157335069,0.000432517,1
zfp_p_22_so4_a2_SRF,613,1,0.991022216,0.220630787,0.002324434,1
zfp_p_22_so4_a2_SRF,614,0.999898145,1,0.169994213,0.002003985,1
zfp_p_22_so4_a2_SRF,615,1,1,0.179036458,0.000978017,1
zfp_p_22_so4_a2_SRF,616,1,1,0.130208333,0.001121372,1
zfp_p_22_so4_a2_SRF,617,1,0.999998989,0.179036458,0.002271917,1
zfp_p_22_so4_a2_SRF,618,0.999999197,1,0.180844907,0.001129705,1
zfp_p_22_so4_a2_SRF,619,1,1,0.207971644,0.009730478,1
zfp_p_22_so4_a2_SRF,620,0.999981346,0.993038273,0.171802662,0.001249294,1
zfp_p_22_so4_a2_SRF,621,1,0.988607252,0.222439236,0.000615356,1
zfp_p_22_so4_a2_SRF,622,1,0.992408142,0.231481481,0.002620569,1
zfp_p_22_so4_a2_SRF,623,1,0.990263477,0.206163194,0.0018822,1
zfp_p_22_so4_a2_SRF,624,1,0.983593835,0.169994213,0.000587341,1
zfp_p_22_so4_a2_SRF,625,1,0.986756786,0.226056134,0.001190509,1
zfp_p_22_so4_a2_SRF,626,0.999962594,0.979937068,0.238715278,0.001079281,1
zfp_p_22_so4_a2_SRF,627,1,0.984701462,0.303819444,0.001226179,1
zfp_p_22_so4_a2_SRF,628,1,0.993038273,0.168185764,0.001276288,1
zfp_p_22_so4_a2_SRF,629,1,0.988607252,0.200737847,0.000995517,1
zfp_p_22_so4_a2_SRF,630,0.999996588,0.987706977,0.17541956,0.000907763,1
zfp_p_22_so4_a2_SRF,631,1,0.988607252,0.23509838,0.000970721,1
zfp_p_22_so4_a2_SRF,632,0.999994268,0.986756786,0.303819444,0.003434627,1
zfp_p_22_so4_a2_SRF,633,1,0.991022216,0.224247685,0.002001952,1
zfp_p_22_so4_a2_SRF,634,1,0.986756786,0.311053241,0.00245363,1
zfp_p_22_so4_a2_SRF,635,0.999976516,0.991736617,0.316478588,0.00509701,1
zfp_p_22_so4_a2_SRF,636,1,0.984701462,0.264033565,0.004484702,1
zfp_p_22_so4_a2_SRF,637,1,0.999517971,0.285734954,0.0009226,1
zfp_p_22_so4_a2_SRF,638,1,0.983593835,0.294777199,0.001884507,1
zfp_p_22_so4_a2_SRF,639,0.999998508,1,0.23509838,0.001757906,1
zfp_p_22_so4_a2_SRF,640,1,0.987706977,0.285734954,0.001088532,1
zfp_p_22_so4_a2_SRF,641,1,0.982431307,0.258608218,0.040132989,1
zfp_p_22_so4_a2_SRF,642,0.99998384,0.985755371,0.249565972,0.003090716,1
zfp_p_22_so4_a2_SRF,643,0.999999966,0.990263477,0.240523727,0.00097366,1
zfp_p_22_so4_a2_SRF,644,1,0.992408142,0.198929398,0.001214857,1
zfp_p_22_so4_a2_SRF,645,1,0.984701462,0.184461806,0.000942169,1
zfp_p_22_so4_a2_SRF,646,1,0.999998593,0.23509838,0.001742579,1
zfp_p_22_so4_a2_SRF,647,0.999939958,1,0.276692708,0.000724808,1
zfp_p_22_so4_a2_SRF,648,0.999999928,0.987706977,0.417751736,0.001424068,1
zfp_p_22_so4_a2_SRF,649,1,0.988607252,0.17541956,0.00073363,1
zfp_p_22_so4_a2_SRF,650,1,0.984701462,0.227864583,0.000909342,1
zfp_p_22_so4_a2_SRF,651,1,0.986756786,0.15552662,0.001327839,1
zfp_p_22_so4_a2_SRF,652,0.999999333,0.986756786,0.189887153,0.00098161,1
zfp_p_22_so4_a2_SRF,653,1,0.991736617,0.188078704,0.000896866,1
zfp_p_22_so4_a2_SRF,654,0.999985635,0.979937068,0.206163194,0.001032214,1
zfp_p_22_so4_a2_SRF,655,1,0.984701462,0.236906829,0.000957435,1
zfp_p_22_so4_a2_SRF,656,1,0.981212746,0.338179977,0.001248197,1
zfp_p_22_so4_a2_SRF,657,1,0.991022216,0.464771412,0.010347131,1
zfp_p_22_so4_a2_SRF,658,1,0.993038273,0.647424769,0.032244341,1
zfp_p_22_so4_a2_SRF,659,0.999999885,0.988607252,0.526258681,0.008424138,1
zfp_p_22_so4_a2_SRF,660,1,0.999820854,0.580512153,0.004884301,1
zfp_p_22_so4_a2_SRF,661,0.99999054,0.991736617,0.464771412,0.001431444,1
zfp_p_22_so4_a2_SRF,662,0.999965992,0.992408142,0.33275463,0.001928646,1
zfp_p_22_so4_a2_SRF,663,1,0.987706977,0.218822338,0.000655262,1
zfp_p_22_so4_a2_SRF,664,1,0.984701462,0.139250579,0.000819808,1
zfp_p_22_so4_a2_SRF,665,1,0.982431307,0.150101273,0.000721401,1
zfp_p_22_so4_a2_SRF,666,0.999999994,0.978603241,0.188078704,0.000857163,1
zfp_p_22_so4_a2_SRF,667,0.999999985,0.991022216,0.1953125,0.001268152,1
zfp_p_22_so4_a2_SRF,668,1,0.983593835,0.258608218,0.005593915,1
zfp_p_22_so4_a2_SRF,669,0.999999782,0.993628511,0.200737847,0.000924687,1
zfp_p_22_so4_a2_SRF,670,0.999999961,0.972667733,0.186270255,0.000846827,1
zfp_p_22_so4_a2_SRF,671,0.99999987,0.982431307,0.122974537,0.000841867,1
zfp_p_22_so4_a2_SRF,672,1,0.987706977,0.159143519,0.000885547,1
zfp_p_22_so4_a2_SRF,673,0.999986549,0.981212746,0.169994213,0.000538214,1
zfp_p_22_so4_a2_SRF,674,1,0.986756786,0.25318287,0.000916245,1
zfp_p_22_so4_a2_SRF,675,1,0.991736617,0.204354745,0.001001519,1
zfp_p_22_so4_a2_SRF,676,1,0.985755371,0.298394097,0.005724459,1
zfp_p_22_so4_a2_SRF,677,0.999995069,0.975757287,0.229673032,0.006499863,1
zfp_p_22_so4_a2_SRF,678,1,0.987706977,0.233289931,0.002531828,1
zfp_p_22_so4_a2_SRF,679,1,0.992408142,0.388816551,0.003675132,1
zfp_p_22_so4_a2_SRF,680,0.999993888,1,0.177228009,0.002075529,1
zfp_p_22_so4_a2_SRF,681,0.999999989,0.971029624,0.339988426,0.011641217,1
zfp_p_22_so4_a2_SRF,682,1,1,0.249565972,0.00758353,1
zfp_p_22_so4_a2_SRF,683,1,0.990263477,0.260416667,0.007556328,1
zfp_p_22_so4_a2_SRF,684,1,0.990263477,0.289351852,0.003157098,1
zfp_p_22_so4_a2_SRF,685,1,0.985755371,0.282118056,0.001232373,1
zfp_p_22_so4_a2_SRF,686,1,0.991022216,0.311053241,0.002532855,1
zfp_p_22_so4_a2_SRF,687,1,0.999439824,0.236906829,0.005703804,1
zfp_p_22_so4_a2_SRF,688,1,0.991736617,0.327329282,0.001387177,1
zfp_p_22_so4_a2_SRF,689,0.999994335,0.988607252,0.401475694,0.014012656,1
zfp_p_22_so4_a2_SRF,690,1,0.990263477,0.336371528,0.020836429,1
zfp_p_22_so4_a2_SRF,691,1,0.979937068,0.443070023,0.014129448,1
zfp_p_22_so4_a2_SRF,692,0.999999907,0.99872155,0.254991319,0.001195331,1
zfp_p_22_so4_a2_SRF,693,1,0.999999954,0.296585648,0.002619473,1
zfp_p_22_so4_a2_SRF,694,1,0.999991714,0.321903935,0.005952745,1
zfp_p_22_so4_a2_SRF,695,0.999999768,1,0.394241898,0.001659241,1
zfp_p_22_so4_a2_SRF,696,0.999999315,0.993628511,0.289351852,0.002218173,1
zfp_p_22_so4_a2_SRF,697,1,0.986756786,0.33275463,0.001778302,1
zfp_p_22_so4_a2_SRF,698,0.999999101,1,0.294777199,0.005619576,1
zfp_p_22_so4_a2_SRF,699,0.999996965,0.983593835,0.309244792,0.002587443,1
zfp_p_22_so4_a2_SRF,700,1,0.994695369,0.244140625,0.001236771,1
zfp_p_22_so4_a2_SRF,701,1,1,0.247757523,0.002389512,1
zfp_p_22_so4_a2_SRF,702,0.999998473,0.985755371,0.23509838,0.003740989,1
zfp_p_22_so4_a2_SRF,703,1,0.988607252,0.101273148,0.000393696,1
zfp_p_22_so4_a2_SRF,704,1,0.994695369,0.169994213,0.000362325,1
zfp_p_22_so4_a2_SRF,705,1,0.986756786,0.282118056,0.003017753,1
zfp_p_22_so4_a2_SRF,706,1,1,0.211588542,0.012949806,1
zfp_p_22_so4_a2_SRF,707,0.99998114,1,0.220630787,0.001385283,1
zfp_p_22_so4_a2_SRF,708,1,0.991736617,0.330946181,0.002367942,1
zfp_p_22_so4_a2_SRF,709,1,0.974243371,0.276692708,0.003237723,1
zfp_p_22_so4_a2_SRF,710,1,0.988607252,0.338179977,0.005617964,1
zfp_p_22_so4_a2_SRF,711,0.99999992,0.993628511,0.267650463,0.001363265,1
zfp_p_22_so4_a2_SRF,712,0.999999968,0.999252033,0.251374421,0.001831277,1
zfp_p_22_so4_a2_SRF,713,0.999999962,0.991736617,0.153718171,0.006073624,1
zfp_p_22_so4_a2_SRF,714,1,1,0.17541956,0.002287561,1
zfp_p_22_so4_a2_SRF,715,1,0.990263477,0.264033565,0.002121558,1
zfp_p_22_so4_a2_SRF,716,0.999993932,1,0.171802662,0.000878522,1
zfp_p_22_so4_a2_SRF,717,0.999957891,1,0.168185764,0.000545534,1
zfp_p_22_so4_a2_SRF,718,0.999999771,1,0.153718171,0.00119055,1
zfp_p_22_so4_a2_SRF,719,1,0.994180369,0.15552662,0.001216641,1
zfp_p_22_so4_a2_SRF,720,1,1,0.240523727,0.005521091,1
zfp_p_22_so4_a2_SRF,721,0.999999583,0.975757287,0.289351852,0.002770053,1
zfp_p_22_so4_a2_SRF,722,0.999999722,0.991736617,0.191695602,0.003662785,1
zfp_p_22_so4_a2_SRF,723,1,1,0.164568866,0.001819224,1
zfp_p_22_so4_a2_SRF,724,0.999995822,0.999999954,0.169994213,0.001023102,1
zfp_p_22_so4_a2_SRF,725,1,0.985755371,0.148292824,0.001532058,1
zfp_p_22_so4_a2_SRF,726,0.999999421,0.992408142,0.13744213,0.000848643,1
zfp_p_22_so4_a2_SRF,727,0.999999054,0.983593835,0.144675926,0.006002499,1
zfp_p_22_so4_a2_SRF,728,0.999999045,0.965733891,0.157335069,0.001821349,1
zfp_p_22_so4_a2_SRF,729,1,0.983593835,0.141059028,0.001025395,1
zfp_p_24_so4_a2_SRF,0,1,0.996770936,0.180844907,0.235805195,1
zfp_p_24_so4_a2_SRF,1,1,1,0.005425347,0.000220357,1
zfp_p_24_so4_a2_SRF,2,1,0.998151838,0.014467593,0.000363703,1
zfp_p_24_so4_a2_SRF,3,1,0.984701462,0.037977431,0.000527603,1
zfp_p_24_so4_a2_SRF,4,1,0.993038273,0.030743634,0.000157945,1
zfp_p_24_so4_a2_SRF,5,1,1,0.025318287,0.001222124,1
zfp_p_24_so4_a2_SRF,6,1,0.993038273,0.034360532,0.000607914,1
zfp_p_24_so4_a2_SRF,7,0.999999884,0.995620909,0.041594329,0.000655613,1
zfp_p_24_so4_a2_SRF,8,0.999999876,0.9976711,0.066912616,0.000761207,1
zfp_p_24_so4_a2_SRF,9,0.999999958,0.991736617,0.066912616,0.000514723,1
zfp_p_24_so4_a2_SRF,10,1,0.999351501,0.036168981,0.000273901,1
zfp_p_24_so4_a2_SRF,11,0.999998748,0.988607252,0.036168981,0.000780416,1
zfp_p_24_so4_a2_SRF,12,1,0.985755371,0.030743634,0.000797763,1
zfp_p_24_so4_a2_SRF,13,0.999998694,1,0.01989294,0.000356239,1
zfp_p_24_so4_a2_SRF,14,1,1,0.010850694,0.000196133,1
zfp_p_24_so4_a2_SRF,15,1,0.99999736,0.030743634,0.000573549,1
zfp_p_24_so4_a2_SRF,16,0.999999932,0.994695369,0.027126736,0.001196734,1
zfp_p_24_so4_a2_SRF,17,1,0.999989208,0.016276042,0.004151595,1
zfp_p_24_so4_a2_SRF,18,1,1,0.028935185,0.000800404,1
zfp_p_24_so4_a2_SRF,19,1,1,0.014467593,0.000218444,1
zfp_p_24_so4_a2_SRF,20,1,0.988607252,0.01989294,0.000116436,1
zfp_p_24_so4_a2_SRF,21,1,0.977210288,0.010850694,8.63E-05,1
zfp_p_24_so4_a2_SRF,22,1,0.996770936,0.014467593,0.000309698,1
zfp_p_24_so4_a2_SRF,23,1,0.999586858,0.007233796,0.000120668,1
zfp_p_24_so4_a2_SRF,24,1,1,0.01989294,0.000252268,1
zfp_p_24_so4_a2_SRF,25,1,0.997096779,0.01989294,0.000155994,1
zfp_p_24_so4_a2_SRF,26,1,0.999982119,0.007233796,0.000109873,1
zfp_p_24_so4_a2_SRF,27,1,0.999850532,0.005425347,0.00011345,1
zfp_p_24_so4_a2_SRF,28,1,0.991736617,0.001808449,8.53E-05,1
zfp_p_24_so4_a2_SRF,29,0.999985112,0.991022216,0.009042245,0.000178092,1
zfp_p_24_so4_a2_SRF,30,0.999995791,0.991022216,0.005425347,0.000115525,1
zfp_p_24_so4_a2_SRF,31,1,0.999746353,0.014467593,0.000161798,1
zfp_p_24_so4_a2_SRF,32,1,0.988607252,0.018084491,0.000201847,1
zfp_p_24_so4_a2_SRF,33,1,0.995620909,0.009042245,0.000113267,1
zfp_p_24_so4_a2_SRF,34,0.999999136,0.978603241,0.014467593,0.000424736,1
zfp_p_24_so4_a2_SRF,35,1,0.986756786,0.014467593,0.000229704,1
zfp_p_24_so4_a2_SRF,36,1,0.999999999,0.036168981,0.001440022,1
zfp_p_24_so4_a2_SRF,37,1,1,0.012659144,0.000232277,1
zfp_p_24_so4_a2_SRF,38,1,0.991022216,0.023509838,0.0012016,1
zfp_p_24_so4_a2_SRF,39,1,0.996034503,0.061487269,0.0006981,1
zfp_p_24_so4_a2_SRF,40,1,0.99517504,0.018084491,0.000239794,1
zfp_p_24_so4_a2_SRF,41,1,0.986756786,0.032552083,0.000328652,1
zfp_p_24_so4_a2_SRF,42,1,0.996034503,0.094039352,0.000704549,1
zfp_p_24_so4_a2_SRF,43,1,0.993038273,0.066912616,0.003044336,1
zfp_p_24_so4_a2_SRF,44,1,0.994695369,0.075954861,0.000911179,1
zfp_p_24_so4_a2_SRF,45,0.999999896,0.993038273,0.054253472,0.002286794,1
zfp_p_24_so4_a2_SRF,46,1,0.993038273,0.03978588,0.000273774,1
zfp_p_24_so4_a2_SRF,47,1,0.990263477,0.036168981,0.000567849,1
zfp_p_24_so4_a2_SRF,48,1,0.998151838,0.021701389,0.000153968,1
zfp_p_24_so4_a2_SRF,49,0.999999674,0.99517504,0.016276042,0.000351462,1
zfp_p_24_so4_a2_SRF,50,0.999998558,0.991736617,0.014467593,0.000161163,1
zfp_p_24_so4_a2_SRF,51,0.999999159,0.993038273,0.07776331,0.000500308,1
zfp_p_24_so4_a2_SRF,52,1,0.992408142,0.007233796,0.000280663,1
zfp_p_24_so4_a2_SRF,53,1,0.992408142,0.014467593,0.000305987,1
zfp_p_24_so4_a2_SRF,54,0.999997651,0.993038273,0.036168981,0.001182916,1
zfp_p_24_so4_a2_SRF,55,1,1,0.007233796,0.00096845,1
zfp_p_24_so4_a2_SRF,56,1,0.999351501,0.007233796,0.000539585,1
zfp_p_24_so4_a2_SRF,57,1,0.995620909,0.01989294,0.001272728,1
zfp_p_24_so4_a2_SRF,58,0.999998335,0.991736617,0.016276042,0.000325475,1
zfp_p_24_so4_a2_SRF,59,1,0.990263477,0.021701389,0.000158882,1
zfp_p_24_so4_a2_SRF,60,1,0.991736617,0.009042245,0.000314441,1
zfp_p_24_so4_a2_SRF,61,0.999999604,0.996034503,0.065104167,0.000314156,1
zfp_p_24_so4_a2_SRF,62,1,0.991022216,0.081380208,0.000297389,1
zfp_p_24_so4_a2_SRF,63,1,0.994695369,0.012659144,0.000184995,1
zfp_p_24_so4_a2_SRF,64,1,0.993628511,0.005425347,0.000213013,1
zfp_p_24_so4_a2_SRF,65,1,0.990263477,0.03978588,0.000592956,1
zfp_p_24_so4_a2_SRF,66,1,0.993628511,0.021701389,0.000359489,1
zfp_p_24_so4_a2_SRF,67,0.99999937,0.992408142,0.054253472,0.00536836,1
zfp_p_24_so4_a2_SRF,68,1,0.990263477,0.036168981,0.000270962,1
zfp_p_24_so4_a2_SRF,69,0.999997975,0.992408142,0.037977431,0.000604608,1
zfp_p_24_so4_a2_SRF,70,1,0.991022216,0.037977431,0.000382043,1
zfp_p_24_so4_a2_SRF,71,1,0.987706977,0.021701389,0.000413815,1
zfp_p_24_so4_a2_SRF,72,1,0.986756786,0.01989294,0.000220867,1
zfp_p_24_so4_a2_SRF,73,1,0.986756786,0.032552083,0.000965316,1
zfp_p_24_so4_a2_SRF,74,0.999999665,0.991736617,0.041594329,0.001147669,1
zfp_p_24_so4_a2_SRF,75,1,0.992408142,0.027126736,0.000764978,1
zfp_p_24_so4_a2_SRF,76,1,0.985755371,0.010850694,0.000217913,1
zfp_p_24_so4_a2_SRF,77,1,0.989458959,0.001808449,9.25E-05,1
zfp_p_24_so4_a2_SRF,78,1,0.991736617,0.005425347,0.000217374,1
zfp_p_24_so4_a2_SRF,79,0.999998114,0.995620909,0.009042245,0.000149025,1
zfp_p_24_so4_a2_SRF,80,1,0.992408142,0.023509838,0.000261018,1
zfp_p_24_so4_a2_SRF,81,1,0.984701462,0.010850694,0.00097983,1
zfp_p_24_so4_a2_SRF,82,1,0.993038273,0.010850694,0.000209646,1
zfp_p_24_so4_a2_SRF,83,1,0.992408142,0.018084491,0.000949746,1
zfp_p_24_so4_a2_SRF,84,0.999994967,0.993628511,0.014467593,0.000151554,1
zfp_p_24_so4_a2_SRF,85,1,0.985755371,0.028935185,0.000679623,1
zfp_p_24_so4_a2_SRF,86,1,0.991022216,0.016276042,0.000274585,1
zfp_p_24_so4_a2_SRF,87,1,0.990263477,0.010850694,0.000140024,1
zfp_p_24_so4_a2_SRF,88,1,0.99517504,0.018084491,0.000163451,1
zfp_p_24_so4_a2_SRF,89,1,0.991022216,0.027126736,0.001481462,1
zfp_p_24_so4_a2_SRF,90,1,0.995620909,0.016276042,0.000228973,1
zfp_p_24_so4_a2_SRF,91,1,0.996417342,0.025318287,0.000361593,1
zfp_p_24_so4_a2_SRF,92,0.99999881,0.992408142,0.01989294,0.001803448,1
zfp_p_24_so4_a2_SRF,93,1,0.991022216,0.014467593,0.000471869,1
zfp_p_24_so4_a2_SRF,94,1,0.994180369,0.021701389,0.000184564,1
zfp_p_24_so4_a2_SRF,95,1,0.988607252,0.014467593,0.000127868,1
zfp_p_24_so4_a2_SRF,96,1,0.999986055,0.010850694,0.000287608,1
zfp_p_24_so4_a2_SRF,97,1,0.984701462,0.037977431,0.000416455,1
zfp_p_24_so4_a2_SRF,98,1,0.994180369,0.034360532,0.000843899,1
zfp_p_24_so4_a2_SRF,99,1,0.993038273,0.043402778,0.000968882,1
zfp_p_24_so4_a2_SRF,100,1,0.994695369,0.03978588,0.005052298,1
zfp_p_24_so4_a2_SRF,101,0.999999851,0.993628511,0.01989294,0.000269084,1
zfp_p_24_so4_a2_SRF,102,1,0.986756786,0.009042245,0.000329026,1
zfp_p_24_so4_a2_SRF,103,1,0.9976711,0.043402778,0.000510144,1
zfp_p_24_so4_a2_SRF,104,1,0.986756786,0.023509838,0.000387352,1
zfp_p_24_so4_a2_SRF,105,1,0.988607252,0.014467593,0.000279232,1
zfp_p_24_so4_a2_SRF,106,1,0.991736617,0.027126736,0.000771339,1
zfp_p_24_so4_a2_SRF,107,1,0.989458959,0.023509838,0.000480096,1
zfp_p_24_so4_a2_SRF,108,1,0.996417342,0.025318287,0.000717321,1
zfp_p_24_so4_a2_SRF,109,1,0.993628511,0.037977431,0.003288176,1
zfp_p_24_so4_a2_SRF,110,1,0.99517504,0.032552083,0.000175731,1
zfp_p_24_so4_a2_SRF,111,1,0.990263477,0.05787037,0.000480446,1
zfp_p_24_so4_a2_SRF,112,1,0.996034503,0.036168981,0.000627965,1
zfp_p_24_so4_a2_SRF,113,1,0.994180369,0.025318287,0.000456951,1
zfp_p_24_so4_a2_SRF,114,1,0.991022216,0.016276042,0.000290105,1
zfp_p_24_so4_a2_SRF,115,1,0.99517504,0.009042245,0.00011364,1
zfp_p_24_so4_a2_SRF,116,1,0.983593835,0.021701389,0.000253387,1
zfp_p_24_so4_a2_SRF,117,1,0.990263477,0.021701389,0.000213935,1
zfp_p_24_so4_a2_SRF,118,1,0.99517504,0.041594329,0.000618413,1
zfp_p_24_so4_a2_SRF,119,1,0.997922462,0.021701389,0.000274272,1
zfp_p_24_so4_a2_SRF,120,1,0.99517504,0.005425347,0.000175293,1
zfp_p_24_so4_a2_SRF,121,1,0.99989754,0.016276042,0.001456448,1
zfp_p_24_so4_a2_SRF,122,1,0.99989754,0.016276042,0.000326622,1
zfp_p_24_so4_a2_SRF,123,1,1,0.007233796,0.000188915,1
zfp_p_24_so4_a2_SRF,124,1,1,0.018084491,0.000370674,1
zfp_p_24_so4_a2_SRF,125,1,0.991736617,0.021701389,0.000584051,1
zfp_p_24_so4_a2_SRF,126,1,0.996417342,0.023509838,0.000209125,1
zfp_p_24_so4_a2_SRF,127,1,0.993038273,0.01989294,0.000229485,1
zfp_p_24_so4_a2_SRF,128,1,0.995620909,0.023509838,0.000178411,1
zfp_p_24_so4_a2_SRF,129,1,0.994180369,0.023509838,0.000513224,1
zfp_p_24_so4_a2_SRF,130,0.999991205,0.9976711,0.052445023,0.000941269,1
zfp_p_24_so4_a2_SRF,131,1,0.987706977,0.07776331,0.000854676,1
zfp_p_24_so4_a2_SRF,132,1,0.978603241,0.048828125,0.000580747,1
zfp_p_24_so4_a2_SRF,133,1,0.995620909,0.034360532,0.000267611,1
zfp_p_24_so4_a2_SRF,134,1,0.993038273,0.023509838,0.001086053,1
zfp_p_24_so4_a2_SRF,135,1,0.978603241,0.007233796,0.000159675,1
zfp_p_24_so4_a2_SRF,136,1,0.991022216,0.025318287,0.000197633,1
zfp_p_24_so4_a2_SRF,137,1,0.995620909,0.028935185,0.000237264,1
zfp_p_24_so4_a2_SRF,138,1,1,0.066912616,0.002148019,1
zfp_p_24_so4_a2_SRF,139,1,1,0.061487269,0.000690764,1
zfp_p_24_so4_a2_SRF,140,1,0.993628511,0.052445023,0.000562261,1
zfp_p_24_so4_a2_SRF,141,1,0.996034503,0.048828125,0.001164316,1
zfp_p_24_so4_a2_SRF,142,1,0.989458959,0.065104167,0.000701967,1
zfp_p_24_so4_a2_SRF,143,1,0.993038273,0.086805556,0.001086436,1
zfp_p_24_so4_a2_SRF,144,1,0.996034503,0.088614005,0.003549542,1
zfp_p_24_so4_a2_SRF,145,1,0.994180369,0.043402778,0.000954513,1
zfp_p_24_so4_a2_SRF,146,0.999999141,0.993038273,0.07776331,0.000969727,1
zfp_p_24_so4_a2_SRF,147,1,0.991022216,0.068721065,0.00560065,1
zfp_p_24_so4_a2_SRF,148,1,0.994180369,0.036168981,0.000400825,1
zfp_p_24_so4_a2_SRF,149,1,0.985755371,0.041594329,0.000253149,1
zfp_p_24_so4_a2_SRF,150,1,0.990263477,0.03978588,0.001021114,1
zfp_p_24_so4_a2_SRF,151,1,1,0.045211227,0.000320767,1
zfp_p_24_so4_a2_SRF,152,1,0.993628511,0.05787037,0.000498847,1
zfp_p_24_so4_a2_SRF,153,1,0.988607252,0.052445023,0.000417707,1
zfp_p_24_so4_a2_SRF,154,1,1,0.045211227,0.016336189,1
zfp_p_24_so4_a2_SRF,155,1,1,0.059678819,0.002586571,1
zfp_p_24_so4_a2_SRF,156,1,0.991022216,0.079571759,0.009028948,1
zfp_p_24_so4_a2_SRF,157,1,0.999971236,0.094039352,0.014786575,1
zfp_p_24_so4_a2_SRF,158,1,0.996417342,0.072337963,0.001245699,1
zfp_p_24_so4_a2_SRF,159,1,0.993628511,0.150101273,0.011991938,1
zfp_p_24_so4_a2_SRF,160,1,0.989458959,0.075954861,0.003296876,1
zfp_p_24_so4_a2_SRF,161,1,0.986756786,0.054253472,0.000977079,1
zfp_p_24_so4_a2_SRF,162,1,0.990263477,0.108506944,0.010443306,1
zfp_p_24_so4_a2_SRF,163,1,0.997396348,0.047019676,0.000802108,1
zfp_p_24_so4_a2_SRF,164,1,0.991736617,0.068721065,0.003010929,1
zfp_p_24_so4_a2_SRF,165,1,0.990263477,0.028935185,0.002514173,1
zfp_p_24_so4_a2_SRF,166,1,0.992408142,0.070529514,0.001434592,1
zfp_p_24_so4_a2_SRF,167,1,0.993628511,0.056061921,0.002039666,1
zfp_p_24_so4_a2_SRF,168,1,0.994180369,0.081380208,0.000542616,1
zfp_p_24_so4_a2_SRF,169,1,0.9976711,0.200737847,0.003003664,1
zfp_p_24_so4_a2_SRF,170,0.999999675,0.996770936,0.133825231,0.00363007,1
zfp_p_24_so4_a2_SRF,171,1,0.985755371,0.07776331,0.01086957,1
zfp_p_24_so4_a2_SRF,172,1,0.984701462,0.027126736,0.000399428,1
zfp_p_24_so4_a2_SRF,173,1,0.993628511,0.05787037,0.003932225,1
zfp_p_24_so4_a2_SRF,174,1,0.991022216,0.036168981,0.001054012,1
zfp_p_24_so4_a2_SRF,175,1,0.988607252,0.043402778,0.018164796,1
zfp_p_24_so4_a2_SRF,176,1,0.998550067,0.043402778,0.000559713,1
zfp_p_24_so4_a2_SRF,177,1,0.979937068,0.045211227,0.001899416,1
zfp_p_24_so4_a2_SRF,178,0.999999821,0.997096779,0.032552083,0.003345309,1
zfp_p_24_so4_a2_SRF,179,1,0.994180369,0.056061921,0.000870134,1
zfp_p_24_so4_a2_SRF,180,1,0.995620909,0.025318287,0.002101094,1
zfp_p_24_so4_a2_SRF,181,1,0.989458959,0.05787037,0.002092873,1
zfp_p_24_so4_a2_SRF,182,1,1,0.065104167,0.004237826,1
zfp_p_24_so4_a2_SRF,183,1,1,0.088614005,0.001007056,1
zfp_p_24_so4_a2_SRF,184,1,0.994695369,0.07776331,0.008867458,1
zfp_p_24_so4_a2_SRF,185,1,0.988607252,0.061487269,0.003311106,1
zfp_p_24_so4_a2_SRF,186,1,0.993038273,0.081380208,0.005391376,1
zfp_p_24_so4_a2_SRF,187,1,0.99517504,0.052445023,0.004548514,1
zfp_p_24_so4_a2_SRF,188,1,0.984701462,0.047019676,0.000960984,1
zfp_p_24_so4_a2_SRF,189,1,1,0.03978588,0.000757362,1
zfp_p_24_so4_a2_SRF,190,1,0.991022216,0.056061921,0.000796027,1
zfp_p_24_so4_a2_SRF,191,1,0.986756786,0.236906829,0.050704944,1
zfp_p_24_so4_a2_SRF,192,1,0.993628511,0.122974537,0.006711182,1
zfp_p_24_so4_a2_SRF,193,1,0.988607252,0.166377315,0.017118622,1
zfp_p_24_so4_a2_SRF,194,1,0.992408142,0.083188657,0.001344022,1
zfp_p_24_so4_a2_SRF,195,1,0.987706977,0.043402778,0.000271601,1
zfp_p_24_so4_a2_SRF,196,1,1,0.028935185,0.000990693,1
zfp_p_24_so4_a2_SRF,197,1,1,0.052445023,0.000334707,1
zfp_p_24_so4_a2_SRF,198,1,0.996034503,0.124782986,0.016982643,1
zfp_p_24_so4_a2_SRF,199,1,1,0.099464699,0.007520944,1
zfp_p_24_so4_a2_SRF,200,1,0.999647351,0.083188657,0.00060622,1
zfp_p_24_so4_a2_SRF,201,1,0.992408142,0.048828125,0.000875652,1
zfp_p_24_so4_a2_SRF,202,1,0.989458959,0.016276042,0.000182562,1
zfp_p_24_so4_a2_SRF,203,1,0.993628511,0.050636574,0.000378206,1
zfp_p_24_so4_a2_SRF,204,1,0.988607252,0.016276042,0.00013518,1
zfp_p_24_so4_a2_SRF,205,1,1,0.014467593,0.000771182,1
zfp_p_24_so4_a2_SRF,206,1,1,0.016276042,0.000993443,1
zfp_p_24_so4_a2_SRF,207,1,1,0.009042245,0.000237224,1
zfp_p_24_so4_a2_SRF,208,1,0.993628511,0.01989294,0.000841199,1
zfp_p_24_so4_a2_SRF,209,1,0.986756786,0.030743634,0.000327034,1
zfp_p_24_so4_a2_SRF,210,1,0.994695369,0.036168981,0.000243369,1
zfp_p_24_so4_a2_SRF,211,0.999988973,0.991736617,0.050636574,0.00089222,1
zfp_p_24_so4_a2_SRF,212,1,0.984701462,0.088614005,0.000922943,1
zfp_p_24_so4_a2_SRF,213,1,0.993038273,0.070529514,0.000550281,1
zfp_p_24_so4_a2_SRF,214,1,0.975757287,0.124782986,0.002795709,1
zfp_p_24_so4_a2_SRF,215,1,0.993038273,0.043402778,0.000507354,1
zfp_p_24_so4_a2_SRF,216,1,0.977210288,0.094039352,0.002625709,1
zfp_p_24_so4_a2_SRF,217,1,0.994695369,0.115740741,0.001561949,1
zfp_p_24_so4_a2_SRF,218,1,0.993628511,0.048828125,0.000701937,1
zfp_p_24_so4_a2_SRF,219,1,0.997096779,0.027126736,0.000606135,1
zfp_p_24_so4_a2_SRF,220,1,1,0.03978588,0.000352947,1
zfp_p_24_so4_a2_SRF,221,1,1,0.052445023,0.000489142,1
zfp_p_24_so4_a2_SRF,222,1,0.99517504,0.032552083,0.000919041,1
zfp_p_24_so4_a2_SRF,223,1,0.996770936,0.065104167,0.000482844,1
zfp_p_24_so4_a2_SRF,224,1,0.993628511,0.104890046,0.001823516,1
zfp_p_24_so4_a2_SRF,225,1,0.993038273,0.079571759,0.000580594,1
zfp_p_24_so4_a2_SRF,226,1,0.996770936,0.061487269,0.000957874,1
zfp_p_24_so4_a2_SRF,227,1,0.996417342,0.063295718,0.001185203,1
zfp_p_24_so4_a2_SRF,228,1,0.984701462,0.023509838,0.000458157,1
zfp_p_24_so4_a2_SRF,229,1,0.991022216,0.047019676,0.00040986,1
zfp_p_24_so4_a2_SRF,230,1,0.99517504,0.016276042,0.000230125,1
zfp_p_24_so4_a2_SRF,231,1,0.99517504,0.014467593,0.000178624,1
zfp_p_24_so4_a2_SRF,232,1,0.988607252,0.03978588,0.0006712,1
zfp_p_24_so4_a2_SRF,233,1,0.992408142,0.121166088,0.001692013,1
zfp_p_24_so4_a2_SRF,234,0.999998342,0.977210288,0.027126736,0.000226238,1
zfp_p_24_so4_a2_SRF,235,1,0.994180369,0.056061921,0.000789794,1
zfp_p_24_so4_a2_SRF,236,1,0.989458959,0.023509838,0.000642484,1
zfp_p_24_so4_a2_SRF,237,1,0.993038273,0.043402778,0.000298545,1
zfp_p_24_so4_a2_SRF,238,1,0.989458959,0.023509838,0.000217967,1
zfp_p_24_so4_a2_SRF,239,1,0.995620909,0.023509838,0.000311233,1
zfp_p_24_so4_a2_SRF,240,1,0.993628511,0.05787037,0.000999997,1
zfp_p_24_so4_a2_SRF,241,1,0.996770936,0.041594329,0.000635838,1
zfp_p_24_so4_a2_SRF,242,0.99999952,1,0.103081597,0.000981941,1
zfp_p_24_so4_a2_SRF,243,1,1,0.018084491,0.000137891,1
zfp_p_24_so4_a2_SRF,244,1,0.994180369,0.023509838,0.00015387,1
zfp_p_24_so4_a2_SRF,245,1,0.994180369,0.072337963,0.000721986,1
zfp_p_24_so4_a2_SRF,246,1,0.989458959,0.028935185,0.000326607,1
zfp_p_24_so4_a2_SRF,247,1,0.997096779,0.054253472,0.000373981,1
zfp_p_24_so4_a2_SRF,248,1,1,0.030743634,0.000182681,1
zfp_p_24_so4_a2_SRF,249,1,0.983593835,0.056061921,0.000772195,1
zfp_p_24_so4_a2_SRF,250,1,0.999351501,0.036168981,0.000393957,1
zfp_p_24_so4_a2_SRF,251,1,0.992408142,0.074146412,0.000272259,1
zfp_p_24_so4_a2_SRF,252,1,0.988607252,0.025318287,0.001019879,1
zfp_p_24_so4_a2_SRF,253,1,0.991022216,0.037977431,0.000311642,1
zfp_p_24_so4_a2_SRF,254,1,0.990263477,0.030743634,0.000262806,1
zfp_p_24_so4_a2_SRF,255,0.999998684,0.987706977,0.003616898,8.06E-05,1
zfp_p_24_so4_a2_SRF,256,1,0.996034503,0.01989294,0.000165741,1
zfp_p_24_so4_a2_SRF,257,1,0.996417342,0.034360532,0.000304599,1
zfp_p_24_so4_a2_SRF,258,1,0.994695369,0.023509838,0.000147844,1
zfp_p_24_so4_a2_SRF,259,1,0.992408142,0.021701389,0.000279515,1
zfp_p_24_so4_a2_SRF,260,1,0.991736617,0.021701389,0.000284351,1
zfp_p_24_so4_a2_SRF,261,1,0.993038273,0.003616898,0.000163622,1
zfp_p_24_so4_a2_SRF,262,1,1,0.01989294,0.000238165,1
zfp_p_24_so4_a2_SRF,263,1,1,0.023509838,0.000432025,1
zfp_p_24_so4_a2_SRF,264,1,0.993628511,0.030743634,0.000204693,1
zfp_p_24_so4_a2_SRF,265,1,0.99517504,0.045211227,0.00039613,1
zfp_p_24_so4_a2_SRF,266,1,0.991736617,0.05787037,0.000624179,1
zfp_p_24_so4_a2_SRF,267,1,0.989458959,0.030743634,0.000248102,1
zfp_p_24_so4_a2_SRF,268,1,0.996034503,0.023509838,0.000288652,1
zfp_p_24_so4_a2_SRF,269,1,0.984701462,0.034360532,0.000370598,1
zfp_p_24_so4_a2_SRF,270,1,0.991022216,0.032552083,0.000248945,1
zfp_p_24_so4_a2_SRF,271,1,0.989458959,0.030743634,0.000313754,1
zfp_p_24_so4_a2_SRF,272,1,0.996034503,0.018084491,0.000649599,1
zfp_p_24_so4_a2_SRF,273,1,0.992408142,0.025318287,0.000641112,1
zfp_p_24_so4_a2_SRF,274,1,0.974243371,0.037977431,0.000720059,1
zfp_p_24_so4_a2_SRF,275,1,0.995620909,0.030743634,0.000282126,1
zfp_p_24_so4_a2_SRF,276,1,0.998360595,0.036168981,0.000280562,1
zfp_p_24_so4_a2_SRF,277,1,0.992408142,0.036168981,0.000392595,1
zfp_p_24_so4_a2_SRF,278,1,0.993038273,0.047019676,0.000667254,1
zfp_p_24_so4_a2_SRF,279,1,0.993628511,0.018084491,0.000283596,1
zfp_p_24_so4_a2_SRF,280,1,0.985755371,0.030743634,0.000285351,1
zfp_p_24_so4_a2_SRF,281,1,0.996417342,0.03978588,0.000912981,1
zfp_p_24_so4_a2_SRF,282,1,0.990263477,0.070529514,0.000881598,1
zfp_p_24_so4_a2_SRF,283,1,0.972667733,0.126591435,0.000898773,1
zfp_p_24_so4_a2_SRF,284,1,0.992408142,0.048828125,0.001006217,1
zfp_p_24_so4_a2_SRF,285,1,1,0.041594329,0.000525039,1
zfp_p_24_so4_a2_SRF,286,1,1,0.052445023,0.000871705,1
zfp_p_24_so4_a2_SRF,287,1,1,0.052445023,0.000445867,1
zfp_p_24_so4_a2_SRF,288,1,0.993038273,0.095847801,0.002935172,1
zfp_p_24_so4_a2_SRF,289,1,0.996770936,0.083188657,0.000693122,1
zfp_p_24_so4_a2_SRF,290,1,0.996770936,0.036168981,0.001685663,1
zfp_p_24_so4_a2_SRF,291,1,0.993038273,0.037977431,0.000368671,1
zfp_p_24_so4_a2_SRF,292,1,0.992408142,0.070529514,0.000984777,1
zfp_p_24_so4_a2_SRF,293,1,0.996417342,0.045211227,0.000474514,1
zfp_p_24_so4_a2_SRF,294,1,0.992408142,0.068721065,0.001012703,1
zfp_p_24_so4_a2_SRF,295,1,0.978603241,0.050636574,0.000646456,1
zfp_p_24_so4_a2_SRF,296,0.99996713,0.997396348,0.086805556,0.02290207,1
zfp_p_24_so4_a2_SRF,297,1,0.991736617,0.13744213,0.006359115,1
zfp_p_24_so4_a2_SRF,298,1,0.993628511,0.121166088,0.000727937,1
zfp_p_24_so4_a2_SRF,299,1,0.990263477,0.206163194,0.002960631,1
zfp_p_24_so4_a2_SRF,300,1,0.994180369,0.059678819,0.000622448,1
zfp_p_24_so4_a2_SRF,301,1,0.982431307,0.032552083,0.000205444,1
zfp_p_24_so4_a2_SRF,302,1,0.991736617,0.03978588,0.00033677,1
zfp_p_24_so4_a2_SRF,303,1,0.996770936,0.061487269,0.000881639,1
zfp_p_24_so4_a2_SRF,304,1,0.985755371,0.043402778,0.001619399,1
zfp_p_24_so4_a2_SRF,305,1,0.997922462,0.092230903,0.001501592,1
zfp_p_24_so4_a2_SRF,306,1,0.989458959,0.059678819,0.001552565,1
zfp_p_24_so4_a2_SRF,307,1,0.991022216,0.169994213,0.003269595,1
zfp_p_24_so4_a2_SRF,308,1,0.990263477,0.054253472,0.000641117,1
zfp_p_24_so4_a2_SRF,309,1,0.994180369,0.056061921,0.000262731,1
zfp_p_24_so4_a2_SRF,310,1,0.991736617,0.072337963,0.001074002,1
zfp_p_24_so4_a2_SRF,311,1,0.984701462,0.066912616,0.000629781,1
zfp_p_24_so4_a2_SRF,312,1,0.987706977,0.070529514,0.001096997,1
zfp_p_24_so4_a2_SRF,313,1,0.993628511,0.068721065,0.000698601,1
zfp_p_24_so4_a2_SRF,314,1,0.991022216,0.054253472,0.000367409,1
zfp_p_24_so4_a2_SRF,315,1,1,0.025318287,0.000357537,1
zfp_p_24_so4_a2_SRF,316,1,1,0.025318287,0.000265149,1
zfp_p_24_so4_a2_SRF,317,0.999999996,0.994695369,0.030743634,0.000540375,1
zfp_p_24_so4_a2_SRF,318,1,0.99872155,0.037977431,0.001154227,1
zfp_p_24_so4_a2_SRF,319,1,0.993038273,0.01989294,0.000238152,1
zfp_p_24_so4_a2_SRF,320,1,0.987706977,0.032552083,0.000383194,1
zfp_p_24_so4_a2_SRF,321,1,0.989458959,0.032552083,0.001749163,1
zfp_p_24_so4_a2_SRF,322,1,0.990263477,0.009042245,0.000134993,1
zfp_p_24_so4_a2_SRF,323,1,1,0.014467593,0.000144063,1
zfp_p_24_so4_a2_SRF,324,1,1,0.009042245,0.000455815,1
zfp_p_24_so4_a2_SRF,325,1,1,0.041594329,0.000494637,1
zfp_p_24_so4_a2_SRF,326,1,0.999015527,0.05787037,0.000657414,1
zfp_p_24_so4_a2_SRF,327,1,0.997922462,0.034360532,0.000520963,1
zfp_p_24_so4_a2_SRF,328,1,0.999999838,0.030743634,0.000552215,1
zfp_p_24_so4_a2_SRF,329,1,1,0.061487269,0.000389474,1
zfp_p_24_so4_a2_SRF,330,1,0.995620909,0.090422454,0.00223433,1
zfp_p_24_so4_a2_SRF,331,1,0.997396348,0.115740741,0.004841628,1
zfp_p_24_so4_a2_SRF,332,1,0.990263477,0.010850694,0.00039285,1
zfp_p_24_so4_a2_SRF,333,1,0.994180369,0.001808449,0.000123663,1
zfp_p_24_so4_a2_SRF,334,1,0.986756786,0.012659144,0.000155833,1
zfp_p_24_so4_a2_SRF,335,1,1,0.012659144,0.000154428,1
zfp_p_24_so4_a2_SRF,336,1,0.999439824,0.010850694,0.000193992,1
zfp_p_24_so4_a2_SRF,337,1,0.996417342,0.007233796,0.000265817,1
zfp_p_24_so4_a2_SRF,338,1,0.999999999,0.012659144,0.000235992,1
zfp_p_24_so4_a2_SRF,339,1,0.99517504,0.045211227,0.000742979,1
zfp_p_24_so4_a2_SRF,340,1,0.998550067,0.014467593,0.000487161,1
zfp_p_24_so4_a2_SRF,341,1,0.99872155,0.016276042,0.001341779,1
zfp_p_24_so4_a2_SRF,342,0.999999962,0.996417342,0.01989294,0.00026715,1
zfp_p_24_so4_a2_SRF,343,1,0.998550067,0.030743634,0.000260945,1
zfp_p_24_so4_a2_SRF,344,1,0.991736617,0.034360532,0.0003148,1
zfp_p_24_so4_a2_SRF,345,1,0.990263477,0.034360532,0.001074084,1
zfp_p_24_so4_a2_SRF,346,1,0.988607252,0.030743634,0.000256393,1
zfp_p_24_so4_a2_SRF,347,1,0.995620909,0.023509838,0.00020015,1
zfp_p_24_so4_a2_SRF,348,1,0.982431307,0.034360532,0.000528132,1
zfp_p_24_so4_a2_SRF,349,1,0.985755371,0.021701389,0.000542115,1
zfp_p_24_so4_a2_SRF,350,0.999998692,1,0.018084491,0.000368042,1
zfp_p_24_so4_a2_SRF,351,1,0.994695369,0.056061921,0.000818134,1
zfp_p_24_so4_a2_SRF,352,1,0.998360595,0.03978588,0.000704145,1
zfp_p_24_so4_a2_SRF,353,1,1,0.045211227,0.00134149,1
zfp_p_24_so4_a2_SRF,354,0.999999694,1,0.061487269,0.000728652,1
zfp_p_24_so4_a2_SRF,355,1,0.996034503,0.086805556,0.003587693,1
zfp_p_24_so4_a2_SRF,356,1,0.982431307,0.070529514,0.000404162,1
zfp_p_24_so4_a2_SRF,357,1,0.986756786,0.079571759,0.002746235,1
zfp_p_24_so4_a2_SRF,358,1,0.997922462,0.056061921,0.000528787,1
zfp_p_24_so4_a2_SRF,359,1,0.999351501,0.043402778,0.00047227,1
zfp_p_24_so4_a2_SRF,360,0.999999771,1,0.066912616,0.001058348,1
zfp_p_24_so4_a2_SRF,361,0.999998982,0.996034503,0.103081597,0.001079665,1
zfp_p_24_so4_a2_SRF,362,1,1,0.11754919,0.001087728,1
zfp_p_24_so4_a2_SRF,363,1,1,0.045211227,0.000208855,1
zfp_p_24_so4_a2_SRF,364,1,0.988607252,0.043402778,0.000309862,1
zfp_p_24_so4_a2_SRF,365,0.99999788,0.999982119,0.041594329,0.001011536,1
zfp_p_24_so4_a2_SRF,366,1,0.999140398,0.027126736,0.00055159,1
zfp_p_24_so4_a2_SRF,367,1,1,0.021701389,0.000198965,1
zfp_p_24_so4_a2_SRF,368,1,0.991022216,0.05787037,0.001013602,1
zfp_p_24_so4_a2_SRF,369,0.999999584,1,0.074146412,0.000874157,1
zfp_p_24_so4_a2_SRF,370,1,1,0.027126736,0.00024375,1
zfp_p_24_so4_a2_SRF,371,1,0.989458959,0.059678819,0.018979318,1
zfp_p_24_so4_a2_SRF,372,1,0.992408142,0.047019676,0.007107937,1
zfp_p_24_so4_a2_SRF,373,1,0.997922462,0.009042245,0.000675468,1
zfp_p_24_so4_a2_SRF,374,1,0.997096779,0.023509838,0.001303233,1
zfp_p_24_so4_a2_SRF,375,1,0.995620909,0.036168981,0.000353158,1
zfp_p_24_so4_a2_SRF,376,1,0.990263477,0.025318287,0.000338196,1
zfp_p_24_so4_a2_SRF,377,0.99999997,0.995620909,0.014467593,0.00017294,1
zfp_p_24_so4_a2_SRF,378,1,0.994180369,0.016276042,0.00014401,1
zfp_p_24_so4_a2_SRF,379,1,1,0.01989294,0.000901488,1
zfp_p_24_so4_a2_SRF,380,0.999998438,1,0.032552083,0.000397324,1
zfp_p_24_so4_a2_SRF,381,1,1,0.032552083,0.000174025,1
zfp_p_24_so4_a2_SRF,382,1,0.985755371,0.018084491,0.000708004,1
zfp_p_24_so4_a2_SRF,383,1,0.997396348,0.018084491,0.000972469,1
zfp_p_24_so4_a2_SRF,384,1,0.996034503,0.025318287,0.001082632,1
zfp_p_24_so4_a2_SRF,385,1,0.99989754,0.03978588,0.000787261,1
zfp_p_24_so4_a2_SRF,386,1,0.997396348,0.028935185,0.00059837,1
zfp_p_24_so4_a2_SRF,387,1,0.992408142,0.018084491,0.000662922,1
zfp_p_24_so4_a2_SRF,388,1,0.981212746,0.016276042,0.000370373,1
zfp_p_24_so4_a2_SRF,389,1,0.991736617,0.01989294,0.000340825,1
zfp_p_24_so4_a2_SRF,390,1,0.99517504,0.012659144,0.000126427,1
zfp_p_24_so4_a2_SRF,391,1,0.997096779,0.030743634,0.000611023,1
zfp_p_24_so4_a2_SRF,392,0.999992554,0.991022216,0.052445023,0.000781164,1
zfp_p_24_so4_a2_SRF,393,1,0.997096779,0.03978588,0.000304856,1
zfp_p_24_so4_a2_SRF,394,1,0.988607252,0.052445023,0.000247427,1
zfp_p_24_so4_a2_SRF,395,1,0.992408142,0.018084491,0.000251282,1
zfp_p_24_so4_a2_SRF,396,1,0.997396348,0.012659144,0.000624166,1
zfp_p_24_so4_a2_SRF,397,1,0.996034503,0.027126736,0.000431998,1
zfp_p_24_so4_a2_SRF,398,1,0.999586858,0.025318287,0.000576694,1
zfp_p_24_so4_a2_SRF,399,1,1,0.014467593,0.000493932,1
zfp_p_24_so4_a2_SRF,400,1,0.992408142,0.027126736,0.001003393,1
zfp_p_24_so4_a2_SRF,401,1,0.99517504,0.050636574,0.000778487,1
zfp_p_24_so4_a2_SRF,402,1,0.99872155,0.027126736,0.000158931,1
zfp_p_24_so4_a2_SRF,403,1,1,0.034360532,0.001040268,1
zfp_p_24_so4_a2_SRF,404,1,1,0.032552083,0.000427109,1
zfp_p_24_so4_a2_SRF,405,1,0.992408142,0.036168981,0.000358846,1
zfp_p_24_so4_a2_SRF,406,1,0.9988763,0.032552083,0.00030995,1
zfp_p_24_so4_a2_SRF,407,1,0.985755371,0.050636574,0.001175926,1
zfp_p_24_so4_a2_SRF,408,1,0.9976711,0.048828125,0.000492539,1
zfp_p_24_so4_a2_SRF,409,1,0.991736617,0.01989294,0.000143293,1
zfp_p_24_so4_a2_SRF,410,1,0.999989208,0.010850694,0.000131411,1
zfp_p_24_so4_a2_SRF,411,1,0.99517504,0.010850694,0.000130566,1
zfp_p_24_so4_a2_SRF,412,1,0.996034503,0.021701389,0.000194037,1
zfp_p_24_so4_a2_SRF,413,0.9999985,0.979937068,0.021701389,0.000411382,1
zfp_p_24_so4_a2_SRF,414,1,0.987706977,0.021701389,0.000418017,1
zfp_p_24_so4_a2_SRF,415,1,0.9988763,0.032552083,0.000458059,1
zfp_p_24_so4_a2_SRF,416,1,0.994695369,0.027126736,0.000496412,1
zfp_p_24_so4_a2_SRF,417,1,0.988607252,0.021701389,0.000531554,1
zfp_p_24_so4_a2_SRF,418,1,0.996034503,0.023509838,0.000412375,1
zfp_p_24_so4_a2_SRF,419,0.999998134,0.990263477,0.034360532,0.000159139,1
zfp_p_24_so4_a2_SRF,420,0.999999064,1,0.034360532,0.000452859,1
zfp_p_24_so4_a2_SRF,421,1,0.994180369,0.01989294,0.001044352,1
zfp_p_24_so4_a2_SRF,422,0.999976347,0.983593835,0.012659144,0.000248591,1
zfp_p_24_so4_a2_SRF,423,0.999999889,0.988607252,0.005425347,0.000102877,1
zfp_p_24_so4_a2_SRF,424,1,0.981212746,0.028935185,0.001105464,1
zfp_p_24_so4_a2_SRF,425,1,0.997096779,0.045211227,0.000745956,1
zfp_p_24_so4_a2_SRF,426,1,0.99517504,0.070529514,0.000694848,1
zfp_p_24_so4_a2_SRF,427,1,0.982431307,0.028935185,0.000605455,1
zfp_p_24_so4_a2_SRF,428,1,0.994695369,0.025318287,0.001359641,1
zfp_p_24_so4_a2_SRF,429,1,1,0.048828125,0.000611229,1
zfp_p_24_so4_a2_SRF,430,1,0.993038273,0.045211227,0.001009818,1
zfp_p_24_so4_a2_SRF,431,1,0.989458959,0.021701389,0.000461677,1
zfp_p_24_so4_a2_SRF,432,1,0.988607252,0.045211227,0.000390976,1
zfp_p_24_so4_a2_SRF,433,1,0.993628511,0.03978588,0.000641539,1
zfp_p_24_so4_a2_SRF,434,1,0.994695369,0.05787037,0.000658792,1
zfp_p_24_so4_a2_SRF,435,0.99999897,0.987706977,0.028935185,0.000184783,1
zfp_p_24_so4_a2_SRF,436,1,0.994180369,0.018084491,0.000162344,1
zfp_p_24_so4_a2_SRF,437,0.999997424,0.993628511,0.018084491,0.000127702,1
zfp_p_24_so4_a2_SRF,438,1,0.993038273,0.014467593,0.000313176,1
zfp_p_24_so4_a2_SRF,439,1,0.991022216,0.014467593,0.000458846,1
zfp_p_24_so4_a2_SRF,440,1,0.995620909,0.005425347,0.000145031,1
zfp_p_24_so4_a2_SRF,441,1,0.991022216,0.014467593,0.000182024,1
zfp_p_24_so4_a2_SRF,442,1,0.986756786,0.023509838,0.000426107,1
zfp_p_24_so4_a2_SRF,443,1,0.995620909,0.01989294,0.000265824,1
zfp_p_24_so4_a2_SRF,444,1,0.985755371,0.023509838,0.000360155,1
zfp_p_24_so4_a2_SRF,445,1,0.994180369,0.01989294,0.000232248,1
zfp_p_24_so4_a2_SRF,446,1,0.989458959,0.010850694,0.00012708,1
zfp_p_24_so4_a2_SRF,447,1,0.999015527,0.010850694,0.00014039,1
zfp_p_24_so4_a2_SRF,448,1,0.991736617,0.009042245,0.000286762,1
zfp_p_24_so4_a2_SRF,449,0.999999881,0.991736617,0.010850694,0.000116411,1
zfp_p_24_so4_a2_SRF,450,1,0.987706977,0.025318287,0.00123784,1
zfp_p_24_so4_a2_SRF,451,1,0.977210288,0.036168981,0.000436015,1
zfp_p_24_so4_a2_SRF,452,1,0.987706977,0.023509838,0.000361601,1
zfp_p_24_so4_a2_SRF,453,1,0.997396348,0.028935185,0.000313887,1
zfp_p_24_so4_a2_SRF,454,1,0.996417342,0.010850694,0.00017094,1
zfp_p_24_so4_a2_SRF,455,1,0.988607252,0.014467593,0.000305487,1
zfp_p_24_so4_a2_SRF,456,1,0.993038273,0.028935185,0.000608828,1
zfp_p_24_so4_a2_SRF,457,0.999998923,0.988607252,0.010850694,0.000186746,1
zfp_p_24_so4_a2_SRF,458,1,0.994180369,0.007233796,0.000699139,1
zfp_p_24_so4_a2_SRF,459,0.999999677,0.994695369,0.012659144,0.000438457,1
zfp_p_24_so4_a2_SRF,460,1,0.993038273,0.005425347,0.000118822,1
zfp_p_24_so4_a2_SRF,461,1,0.995620909,0.014467593,0.000113023,1
zfp_p_24_so4_a2_SRF,462,1,0.992408142,0.018084491,0.000439554,1
zfp_p_24_so4_a2_SRF,463,1,0.995620909,0.014467593,0.000118092,1
zfp_p_24_so4_a2_SRF,464,0.999999831,0.996770936,0.014467593,0.000136992,1
zfp_p_24_so4_a2_SRF,465,1,0.991736617,0.025318287,0.000309952,1
zfp_p_24_so4_a2_SRF,466,1,0.991736617,0.014467593,0.000411948,1
zfp_p_24_so4_a2_SRF,467,1,1,0.041594329,0.001597175,1
zfp_p_24_so4_a2_SRF,468,1,0.990263477,0.034360532,0.00033358,1
zfp_p_24_so4_a2_SRF,469,1,0.998550067,0.01989294,0.000416918,1
zfp_p_24_so4_a2_SRF,470,1,0.997396348,0.012659144,0.000358173,1
zfp_p_24_so4_a2_SRF,471,1,0.998550067,0.021701389,0.000598938,1
zfp_p_24_so4_a2_SRF,472,1,0.994695369,0.018084491,0.00014796,1
zfp_p_24_so4_a2_SRF,473,1,0.987706977,0.027126736,0.004764548,1
zfp_p_24_so4_a2_SRF,474,1,1,0.012659144,0.000165358,1
zfp_p_24_so4_a2_SRF,475,1,0.993038273,0.01989294,0.000412687,1
zfp_p_24_so4_a2_SRF,476,1,0.994180369,0.025318287,0.000287777,1
zfp_p_24_so4_a2_SRF,477,0.999989081,0.992408142,0.023509838,0.000409307,1
zfp_p_24_so4_a2_SRF,478,1,0.997922462,0.007233796,0.000147563,1
zfp_p_24_so4_a2_SRF,479,0.999999907,0.979937068,0.010850694,0.000237982,1
zfp_p_24_so4_a2_SRF,480,1,1,0.028935185,0.000426804,1
zfp_p_24_so4_a2_SRF,481,1,1,0.036168981,0.000519291,1
zfp_p_24_so4_a2_SRF,482,1,0.994695369,0.028935185,0.000924604,1
zfp_p_24_so4_a2_SRF,483,1,0.999351501,0.03978588,0.000699238,1
zfp_p_24_so4_a2_SRF,484,1,0.998360595,0.066912616,0.000707428,1
zfp_p_24_so4_a2_SRF,485,1,0.994180369,0.047019676,0.000763778,1
zfp_p_24_so4_a2_SRF,486,1,0.993628511,0.028935185,0.000267259,1
zfp_p_24_so4_a2_SRF,487,1,0.996034503,0.028935185,0.000621401,1
zfp_p_24_so4_a2_SRF,488,1,0.987706977,0.043402778,0.000997989,1
zfp_p_24_so4_a2_SRF,489,1,0.991022216,0.041594329,0.000727092,1
zfp_p_24_so4_a2_SRF,490,1,1,0.016276042,0.000452009,1
zfp_p_24_so4_a2_SRF,491,1,1,0.014467593,0.000330145,1
zfp_p_24_so4_a2_SRF,492,1,1,0.018084491,0.000411435,1
zfp_p_24_so4_a2_SRF,493,1,0.994695369,0.034360532,0.000644321,1
zfp_p_24_so4_a2_SRF,494,1,0.991736617,0.041594329,0.001495399,1
zfp_p_24_so4_a2_SRF,495,0.999999936,0.992408142,0.034360532,0.000707974,1
zfp_p_24_so4_a2_SRF,496,1,0.985755371,0.023509838,0.000522936,1
zfp_p_24_so4_a2_SRF,497,1,0.993628511,0.025318287,0.000211299,1
zfp_p_24_so4_a2_SRF,498,1,0.996770936,0.075954861,0.020684118,1
zfp_p_24_so4_a2_SRF,499,1,0.992408142,0.075954861,0.002131129,1
zfp_p_24_so4_a2_SRF,500,0.999929164,0.9976711,0.047019676,0.001192547,1
zfp_p_24_so4_a2_SRF,501,1,0.993038273,0.052445023,0.004041515,1
zfp_p_24_so4_a2_SRF,502,1,0.989458959,0.070529514,0.000628541,1
zfp_p_24_so4_a2_SRF,503,1,0.993038273,0.084997106,0.001982355,1
zfp_p_24_so4_a2_SRF,504,1,0.999963894,0.048828125,0.003937075,1
zfp_p_24_so4_a2_SRF,505,1,1,0.081380208,0.003438395,1
zfp_p_24_so4_a2_SRF,506,1,0.994695369,0.043402778,0.000486187,1
zfp_p_24_so4_a2_SRF,507,1,0.992408142,0.03978588,0.001568063,1
zfp_p_24_so4_a2_SRF,508,1,0.987706977,0.056061921,0.002910312,1
zfp_p_24_so4_a2_SRF,509,0.999999995,0.981212746,0.034360532,0.000644269,1
zfp_p_24_so4_a2_SRF,510,1,0.986756786,0.018084491,0.001177272,1
zfp_p_24_so4_a2_SRF,511,1,0.994180369,0.030743634,0.001617291,1
zfp_p_24_so4_a2_SRF,512,1,0.995620909,0.056061921,0.001490473,1
zfp_p_24_so4_a2_SRF,513,1,0.991022216,0.027126736,0.00037902,1
zfp_p_24_so4_a2_SRF,514,1,0.992408142,0.050636574,0.001679138,1
zfp_p_24_so4_a2_SRF,515,1,0.992408142,0.010850694,0.000262321,1
zfp_p_24_so4_a2_SRF,516,1,0.985755371,0.01989294,0.00025624,1
zfp_p_24_so4_a2_SRF,517,0.99999123,0.994180369,0.043402778,0.001410073,1
zfp_p_24_so4_a2_SRF,518,1,0.996417342,0.030743634,0.000775108,1
zfp_p_24_so4_a2_SRF,519,1,0.991736617,0.01989294,0.000146636,1
zfp_p_24_so4_a2_SRF,520,1,0.996770936,0.023509838,0.000728095,1
zfp_p_24_so4_a2_SRF,521,1,0.991022216,0.048828125,0.000937445,1
zfp_p_24_so4_a2_SRF,522,1,0.99872155,0.059678819,0.000577315,1
zfp_p_24_so4_a2_SRF,523,1,0.989458959,0.03978588,0.000972024,1
zfp_p_24_so4_a2_SRF,524,1,0.992408142,0.072337963,0.001406104,1
zfp_p_24_so4_a2_SRF,525,1,0.99517504,0.084997106,0.005133802,1
zfp_p_24_so4_a2_SRF,526,0.999999571,0.993038273,0.045211227,0.001101375,1
zfp_p_24_so4_a2_SRF,527,0.999995913,0.996417342,0.05787037,0.001109239,1
zfp_p_24_so4_a2_SRF,528,1,0.995620909,0.021701389,0.00042714,1
zfp_p_24_so4_a2_SRF,529,1,0.993038273,0.014467593,0.000263818,1
zfp_p_24_so4_a2_SRF,530,1,1,0.012659144,0.000196688,1
zfp_p_24_so4_a2_SRF,531,1,0.994695369,0.025318287,0.000389926,1
zfp_p_24_so4_a2_SRF,532,1,0.991022216,0.086805556,0.001812348,1
zfp_p_24_so4_a2_SRF,533,0.999999719,0.986756786,0.05787037,0.001042364,1
zfp_p_24_so4_a2_SRF,534,1,0.992408142,0.099464699,0.000296816,1
zfp_p_24_so4_a2_SRF,535,1,0.995620909,0.021701389,0.000509773,1
zfp_p_24_so4_a2_SRF,536,1,0.988607252,0.030743634,0.000432271,1
zfp_p_24_so4_a2_SRF,537,1,0.993628511,0.048828125,0.001582612,1
zfp_p_24_so4_a2_SRF,538,1,0.996034503,0.03978588,0.001164177,1
zfp_p_24_so4_a2_SRF,539,1,0.994180369,0.023509838,0.000430136,1
zfp_p_24_so4_a2_SRF,540,1,0.992408142,0.009042245,0.000145268,1
zfp_p_24_so4_a2_SRF,541,1,0.99517504,0.003616898,7.73E-05,1
zfp_p_24_so4_a2_SRF,542,0.999999854,1,0.030743634,0.000189823,1
zfp_p_24_so4_a2_SRF,543,1,0.994180369,0.009042245,0.00020405,1
zfp_p_24_so4_a2_SRF,544,1,0.992408142,0.021701389,0.000956341,1
zfp_p_24_so4_a2_SRF,545,1,0.982431307,0.092230903,0.001205798,1
zfp_p_24_so4_a2_SRF,546,1,0.983593835,0.065104167,0.003371483,1
zfp_p_24_so4_a2_SRF,547,1,0.993038273,0.030743634,0.000428231,1
zfp_p_24_so4_a2_SRF,548,1,0.994695369,0.041594329,0.003830009,1
zfp_p_24_so4_a2_SRF,549,1,0.992408142,0.045211227,0.011853731,1
zfp_p_24_so4_a2_SRF,550,1,0.989458959,0.034360532,0.001641331,1
zfp_p_24_so4_a2_SRF,551,1,0.993628511,0.056061921,0.010506628,1
zfp_p_24_so4_a2_SRF,552,1,0.993628511,0.028935185,0.000220719,1
zfp_p_24_so4_a2_SRF,553,1,0.993038273,0.034360532,0.002965292,1
zfp_p_24_so4_a2_SRF,554,1,0.99517504,0.052445023,0.002964157,1
zfp_p_24_so4_a2_SRF,555,1,0.989458959,0.048828125,0.002550148,1
zfp_p_24_so4_a2_SRF,556,1,0.992408142,0.059678819,0.003659603,1
zfp_p_24_so4_a2_SRF,557,1,0.999999982,0.063295718,0.000613248,1
zfp_p_24_so4_a2_SRF,558,1,0.989458959,0.050636574,0.003519301,1
zfp_p_24_so4_a2_SRF,559,1,0.991736617,0.068721065,0.001345408,1
zfp_p_24_so4_a2_SRF,560,1,0.990263477,0.037977431,0.003053273,1
zfp_p_24_so4_a2_SRF,561,1,0.991022216,0.025318287,0.000584745,1
zfp_p_24_so4_a2_SRF,562,1,0.99517504,0.023509838,0.000236115,1
zfp_p_24_so4_a2_SRF,563,1,0.993628511,0.063295718,0.000674522,1
zfp_p_24_so4_a2_SRF,564,1,0.99517504,0.090422454,0.018814608,1
zfp_p_24_so4_a2_SRF,565,1,0.994695369,0.056061921,0.000268783,1
zfp_p_24_so4_a2_SRF,566,1,0.991022216,0.03978588,0.001694545,1
zfp_p_24_so4_a2_SRF,567,1,0.994695369,0.108506944,0.037237414,1
zfp_p_24_so4_a2_SRF,568,1,0.997096779,0.065104167,0.000941085,1
zfp_p_24_so4_a2_SRF,569,1,0.983593835,0.047019676,0.000667145,1
zfp_p_24_so4_a2_SRF,570,1,0.99517504,0.018084491,0.000186588,1
zfp_p_24_so4_a2_SRF,571,1,0.99517504,0.021701389,0.000193102,1
zfp_p_24_so4_a2_SRF,572,1,0.99517504,0.023509838,0.000331561,1
zfp_p_24_so4_a2_SRF,573,1,0.993628511,0.01989294,0.000193955,1
zfp_p_24_so4_a2_SRF,574,1,0.986756786,0.088614005,0.002174084,1
zfp_p_24_so4_a2_SRF,575,1,0.993628511,0.050636574,0.000757454,1
zfp_p_24_so4_a2_SRF,576,1,0.991022216,0.032552083,0.000853395,1
zfp_p_24_so4_a2_SRF,577,1,0.991736617,0.027126736,0.000459665,1
zfp_p_24_so4_a2_SRF,578,1,0.996417342,0.030743634,0.000345226,1
zfp_p_24_so4_a2_SRF,579,1,0.985755371,0.028935185,0.000484689,1
zfp_p_24_so4_a2_SRF,580,1,0.984701462,0.030743634,0.000649912,1
zfp_p_24_so4_a2_SRF,581,1,1,0.021701389,0.000377089,1
zfp_p_24_so4_a2_SRF,582,1,1,0.045211227,0.001337674,1
zfp_p_24_so4_a2_SRF,583,1,0.991736617,0.052445023,0.001038104,1
zfp_p_24_so4_a2_SRF,584,1,0.988607252,0.036168981,0.000734839,1
zfp_p_24_so4_a2_SRF,585,1,0.991022216,0.025318287,0.004944137,1
zfp_p_24_so4_a2_SRF,586,1,0.991022216,0.037977431,0.000353293,1
zfp_p_24_so4_a2_SRF,587,1,0.993628511,0.036168981,0.001195688,1
zfp_p_24_so4_a2_SRF,588,1,0.99517504,0.01989294,0.000253265,1
zfp_p_24_so4_a2_SRF,589,0.999992457,0.996770936,0.009042245,0.000428684,1
zfp_p_24_so4_a2_SRF,590,1,0.992408142,0.050636574,0.001763191,1
zfp_p_24_so4_a2_SRF,591,1,0.996034503,0.036168981,0.011325763,1
zfp_p_24_so4_a2_SRF,592,1,0.996034503,0.01989294,0.000512303,1
zfp_p_24_so4_a2_SRF,593,1,0.996034503,0.014467593,0.000287134,1
zfp_p_24_so4_a2_SRF,594,1,0.993038273,0.007233796,0.00018224,1
zfp_p_24_so4_a2_SRF,595,1,0.996034503,0.018084491,0.00014452,1
zfp_p_24_so4_a2_SRF,596,1,0.994695369,0.036168981,0.00038238,1
zfp_p_24_so4_a2_SRF,597,1,0.99517504,0.023509838,0.000564408,1
zfp_p_24_so4_a2_SRF,598,1,0.993628511,0.037977431,0.000521267,1
zfp_p_24_so4_a2_SRF,599,1,0.987706977,0.027126736,0.000365113,1
zfp_p_24_so4_a2_SRF,600,1,0.991736617,0.01989294,0.000427389,1
zfp_p_24_so4_a2_SRF,601,1,0.985755371,0.036168981,0.000524442,1
zfp_p_24_so4_a2_SRF,602,0.999935357,0.994695369,0.094039352,0.001881324,1
zfp_p_24_so4_a2_SRF,603,0.999999929,0.979937068,0.016276042,0.000248257,1
zfp_p_24_so4_a2_SRF,604,1,0.998550067,0.010850694,0.0001714,1
zfp_p_24_so4_a2_SRF,605,1,0.994695369,0.021701389,0.00011254,1
zfp_p_24_so4_a2_SRF,606,1,0.988607252,0.11754919,0.001318113,1
zfp_p_24_so4_a2_SRF,607,1,0.991736617,0.124782986,0.000507501,1
zfp_p_24_so4_a2_SRF,608,1,0.995620909,0.072337963,0.000556969,1
zfp_p_24_so4_a2_SRF,609,1,0.993038273,0.01989294,0.001281445,1
zfp_p_24_so4_a2_SRF,610,1,0.995620909,0.016276042,0.000368299,1
zfp_p_24_so4_a2_SRF,611,1,0.993628511,0.010850694,0.000244926,1
zfp_p_24_so4_a2_SRF,612,1,0.997922462,0.007233796,0.000185866,1
zfp_p_24_so4_a2_SRF,613,1,0.996034503,0.052445023,0.013866159,1
zfp_p_24_so4_a2_SRF,614,1,1,0.027126736,0.001352616,1
zfp_p_24_so4_a2_SRF,615,1,1,0.025318287,0.000228705,1
zfp_p_24_so4_a2_SRF,616,1,1,0.007233796,9.63E-05,1
zfp_p_24_so4_a2_SRF,617,1,1,0.025318287,0.000733907,1
zfp_p_24_so4_a2_SRF,618,1,1,0.032552083,0.000249289,1
zfp_p_24_so4_a2_SRF,619,1,1,0.041594329,0.001024724,1
zfp_p_24_so4_a2_SRF,620,0.999981346,0.996034503,0.014467593,0.00035474,1
zfp_p_24_so4_a2_SRF,621,1,0.989458959,0.005425347,0.000133243,1
zfp_p_24_so4_a2_SRF,622,1,0.995620909,0.041594329,0.000441457,1
zfp_p_24_so4_a2_SRF,623,1,0.995620909,0.016276042,0.00099682,1
zfp_p_24_so4_a2_SRF,624,1,0.997096779,0.018084491,0.000208646,1
zfp_p_24_so4_a2_SRF,625,1,0.989458959,0.012659144,0.000118062,1
zfp_p_24_so4_a2_SRF,626,1,0.993628511,0.018084491,0.000231964,1
zfp_p_24_so4_a2_SRF,627,1,0.994180369,0.032552083,0.000199241,1
zfp_p_24_so4_a2_SRF,628,1,0.994180369,0.009042245,0.000282983,1
zfp_p_24_so4_a2_SRF,629,1,0.990263477,0.012659144,0.001028179,1
zfp_p_24_so4_a2_SRF,630,1,0.994695369,0.007233796,9.67E-05,1
zfp_p_24_so4_a2_SRF,631,1,0.984701462,0.01989294,0.000190594,1
zfp_p_24_so4_a2_SRF,632,1,0.990263477,0.083188657,0.000790862,1
zfp_p_24_so4_a2_SRF,633,1,0.991736617,0.050636574,0.000942097,1
zfp_p_24_so4_a2_SRF,634,1,0.989458959,0.061487269,0.000411149,1
zfp_p_24_so4_a2_SRF,635,1,0.991022216,0.063295718,0.001076684,1
zfp_p_24_so4_a2_SRF,636,1,0.985755371,0.03978588,0.001451319,1
zfp_p_24_so4_a2_SRF,637,1,0.999999993,0.016276042,0.000334412,1
zfp_p_24_so4_a2_SRF,638,1,0.995620909,0.043402778,0.000497406,1
zfp_p_24_so4_a2_SRF,639,0.999998508,1,0.036168981,0.000745099,1
zfp_p_24_so4_a2_SRF,640,1,0.996770936,0.037977431,0.000363871,1
zfp_p_24_so4_a2_SRF,641,1,0.981212746,0.036168981,0.027177343,1
zfp_p_24_so4_a2_SRF,642,0.999996086,0.975757287,0.016276042,0.000206978,1
zfp_p_24_so4_a2_SRF,643,1,0.993628511,0.007233796,0.000220942,1
zfp_p_24_so4_a2_SRF,644,1,0.998360595,0.010850694,0.000151201,1
zfp_p_24_so4_a2_SRF,645,1,0.9976711,0.021701389,0.000222886,1
zfp_p_24_so4_a2_SRF,646,1,0.999998593,0.043402778,0.000975413,1
zfp_p_24_so4_a2_SRF,647,1,1,0.028935185,0.000165957,1
zfp_p_24_so4_a2_SRF,648,1,0.991736617,0.068721065,0.000439759,1
zfp_p_24_so4_a2_SRF,649,0.999999955,0.993038273,0.01989294,0.000336685,1
zfp_p_24_so4_a2_SRF,650,1,0.992408142,0.032552083,0.000179851,1
zfp_p_24_so4_a2_SRF,651,1,0.990263477,0.016276042,0.000242817,1
zfp_p_24_so4_a2_SRF,652,1,0.988607252,0.025318287,0.000150886,1
zfp_p_24_so4_a2_SRF,653,1,0.981212746,0.016276042,0.000313462,1
zfp_p_24_so4_a2_SRF,654,1,0.984701462,0.028935185,0.000413418,1
zfp_p_24_so4_a2_SRF,655,1,0.991736617,0.025318287,0.000283797,1
zfp_p_24_so4_a2_SRF,656,1,0.988607252,0.041594329,0.000958689,1
zfp_p_24_so4_a2_SRF,657,0.999976811,0.99517504,0.081380208,0.001685645,1
zfp_p_24_so4_a2_SRF,658,1,0.997396348,0.160951968,0.012437544,1
zfp_p_24_so4_a2_SRF,659,0.999999885,0.997922462,0.07776331,0.001873374,1
zfp_p_24_so4_a2_SRF,660,1,1,0.122974537,0.002192876,1
zfp_p_24_so4_a2_SRF,661,0.999995984,0.999875923,0.07776331,0.000343403,1
zfp_p_24_so4_a2_SRF,662,1,0.991736617,0.041594329,0.000537346,1
zfp_p_24_so4_a2_SRF,663,0.999958199,0.978603241,0.007233796,0.00021508,1
zfp_p_24_so4_a2_SRF,664,1,0.983593835,0.01989294,0.000298796,1
zfp_p_24_so4_a2_SRF,665,1,0.982431307,0.016276042,0.00017171,1
zfp_p_24_so4_a2_SRF,666,1,0.996417342,0.018084491,0.000342349,1
zfp_p_24_so4_a2_SRF,667,1,0.994180369,0.018084491,0.000665588,1
zfp_p_24_so4_a2_SRF,668,1,0.995620909,0.030743634,0.000995192,1
zfp_p_24_so4_a2_SRF,669,1,0.99872155,0.009042245,0.000138975,1
zfp_p_24_so4_a2_SRF,670,1,0.992408142,0.012659144,0.000141251,1
zfp_p_24_so4_a2_SRF,671,0.999999995,0.985755371,0.005425347,0.000144502,1
zfp_p_24_so4_a2_SRF,672,1,0.985755371,0.009042245,0.000197421,1
zfp_p_24_so4_a2_SRF,673,1,0.984701462,0.021701389,0.00013705,1
zfp_p_24_so4_a2_SRF,674,1,0.994695369,0.018084491,0.000191722,1
zfp_p_24_so4_a2_SRF,675,1,0.992408142,0.023509838,0.000207891,1
zfp_p_24_so4_a2_SRF,676,1,0.992408142,0.068721065,0.002922986,1
zfp_p_24_so4_a2_SRF,677,1,0.993038273,0.047019676,0.000769332,1
zfp_p_24_so4_a2_SRF,678,1,0.991022216,0.032552083,0.000414643,1
zfp_p_24_so4_a2_SRF,679,1,0.985755371,0.112123843,0.000708805,1
zfp_p_24_so4_a2_SRF,680,1,1,0.045211227,0.000485698,1
zfp_p_24_so4_a2_SRF,681,1,0.9976711,0.063295718,0.002043848,1
zfp_p_24_so4_a2_SRF,682,1,1,0.045211227,0.003209644,1
zfp_p_24_so4_a2_SRF,683,1,0.990263477,0.052445023,0.002838537,1
zfp_p_24_so4_a2_SRF,684,1,0.993628511,0.056061921,0.002537076,1
zfp_p_24_so4_a2_SRF,685,1,0.986756786,0.037977431,0.000274873,1
zfp_p_24_so4_a2_SRF,686,1,0.994695369,0.047019676,0.001628562,1
zfp_p_24_so4_a2_SRF,687,1,0.999999999,0.036168981,0.00163767,1
zfp_p_24_so4_a2_SRF,688,1,0.991736617,0.052445023,0.000482437,1
zfp_p_24_so4_a2_SRF,689,1,0.992408142,0.094039352,0.005855103,1
zfp_p_24_so4_a2_SRF,690,1,0.986756786,0.056061921,0.001183887,1
zfp_p_24_so4_a2_SRF,691,1,0.992408142,0.124782986,0.003130202,1
zfp_p_24_so4_a2_SRF,692,1,0.999995238,0.03978588,0.001568653,1
zfp_p_24_so4_a2_SRF,693,1,1,0.065104167,0.001016308,1
zfp_p_24_so4_a2_SRF,694,1,1,0.05787037,0.000629841,1
zfp_p_24_so4_a2_SRF,695,1,1,0.034360532,0.000443779,1
zfp_p_24_so4_a2_SRF,696,1,0.995620909,0.030743634,0.000362901,1
zfp_p_24_so4_a2_SRF,697,1,0.993628511,0.034360532,0.000504322,1
zfp_p_24_so4_a2_SRF,698,1,1,0.065104167,0.000776907,1
zfp_p_24_so4_a2_SRF,699,0.999997478,0.996770936,0.068721065,0.000947558,1
zfp_p_24_so4_a2_SRF,700,1,0.999015527,0.052445023,0.000339312,1
zfp_p_24_so4_a2_SRF,701,1,1,0.047019676,0.000510383,1
zfp_p_24_so4_a2_SRF,702,1,0.996770936,0.041594329,0.000614032,1
zfp_p_24_so4_a2_SRF,703,1,0.992408142,0.001808449,0.000134451,1
zfp_p_24_so4_a2_SRF,704,1,0.990263477,0.010850694,0.000162962,1
zfp_p_24_so4_a2_SRF,705,1,0.992408142,0.054253472,0.000298517,1
zfp_p_24_so4_a2_SRF,706,1,1,0.074146412,0.00965051,1
zfp_p_24_so4_a2_SRF,707,0.99999567,1,0.027126736,0.000906945,1
zfp_p_24_so4_a2_SRF,708,1,0.9976711,0.07776331,0.000334009,1
zfp_p_24_so4_a2_SRF,709,0.999990475,0.981212746,0.036168981,0.001128768,1
zfp_p_24_so4_a2_SRF,710,1,0.991736617,0.056061921,0.000706294,1
zfp_p_24_so4_a2_SRF,711,0.99999992,0.994180369,0.021701389,0.000337939,1
zfp_p_24_so4_a2_SRF,712,1,0.999989208,0.034360532,0.000198452,1
zfp_p_24_so4_a2_SRF,713,0.99999997,0.982431307,0.021701389,0.001466361,1
zfp_p_24_so4_a2_SRF,714,1,1,0.037977431,0.00099729,1
zfp_p_24_so4_a2_SRF,715,0.999998291,0.993038273,0.037977431,0.000184184,1
zfp_p_24_so4_a2_SRF,716,1,1,0.016276042,0.000141305,1
zfp_p_24_so4_a2_SRF,717,1,1,0.01989294,0.000245764,1
zfp_p_24_so4_a2_SRF,718,1,1,0.010850694,0.000121105,1
zfp_p_24_so4_a2_SRF,719,0.999997639,0.993628511,0.010850694,0.000185256,1
zfp_p_24_so4_a2_SRF,720,1,1,0.048828125,0.000781577,1
zfp_p_24_so4_a2_SRF,721,1,0.996770936,0.05787037,0.000507199,1
zfp_p_24_so4_a2_SRF,722,1,0.983593835,0.041594329,0.000672378,1
zfp_p_24_so4_a2_SRF,723,1,1,0.01989294,0.000197732,1
zfp_p_24_so4_a2_SRF,724,1,0.999999971,0.01989294,0.000145876,1
zfp_p_24_so4_a2_SRF,725,1,0.984701462,0.01989294,0.000167291,1
zfp_p_24_so4_a2_SRF,726,0.999999421,0.99999976,0.021701389,0.000246884,1
zfp_p_24_so4_a2_SRF,727,1,0.993038273,0.01989294,0.000258191,1
zfp_p_24_so4_a2_SRF,728,0.99999981,0.988607252,0.030743634,0.000259524,1
zfp_p_24_so4_a2_SRF,729,0.999994473,0.979937068,0.010850694,0.001006802,1
