set,time,ssim_fp,ks_p_value,spatial_rel_error,max_spatial_rel_error,pearson_correlation_coefficient
bg_2_T850,0,0.362509735,0,99.39597801,0.016917944,0.988799386
bg_2_T850,1,0.326793863,0,99.33629919,0.016714179,0.988444856
bg_2_T850,2,0.322908868,0,99.25672743,0.016791117,0.988352335
bg_2_T850,3,0.323099088,0,99.24768519,0.016392089,0.988347602
bg_2_T850,4,0.321370939,0,99.32906539,0.01639049,0.988256569
bg_2_T850,5,0.320709031,0,99.08854167,0.016390921,0.989056983
bg_2_T850,6,0.313284767,0,99.30374711,0.016391413,0.988862512
bg_2_T850,7,0.320373416,0,99.22055845,0.016373021,0.988960537
bg_2_T850,8,0.324403863,0,99.18619792,0.016382678,0.98866622
bg_2_T850,9,0.321647105,0,99.26215278,0.016607017,0.988886796
bg_2_T850,10,0.323504675,0,99.23864294,0.016840961,0.988970607
bg_2_T850,11,0.321988059,0,99.3182147,0.016868234,0.989481542
bg_2_T850,12,0.318471006,0,99.35619213,0.01694178,0.98909006
bg_2_T850,13,0.318026981,0,99.36161748,0.016714051,0.989610016
bg_2_T850,14,0.31615413,0,99.3109809,0.01661554,0.989881789
bg_2_T850,15,0.323312845,0,99.24225984,0.016931737,0.990149593
bg_2_T850,16,0.327570599,0,99.24045139,0.01691502,0.989989808
bg_2_T850,17,0.329789708,0,99.24045139,0.016899955,0.989929718
bg_2_T850,18,0.323343167,0,99.29651331,0.016901417,0.989817017
bg_2_T850,19,0.316455908,0,99.26576968,0.01655435,0.990673603
bg_2_T850,20,0.318284585,0,99.27842882,0.016944004,0.990378664
bg_2_T850,21,0.321144753,0,99.31278935,0.016883427,0.990339069
bg_2_T850,22,0.316823311,0,99.16811343,0.016926715,0.990342436
bg_2_T850,23,0.318319348,0,99.22960069,0.016894615,0.990657887
bg_2_T850,24,0.326764558,0,99.14641204,0.016880376,0.990377644
bg_2_T850,25,0.344734393,0,99.20789931,0.016948581,0.989818255
bg_2_T850,26,0.345631725,0,99.23502604,0.016861305,0.989491068
bg_2_T850,27,0.344915635,0,99.3218316,0.016733255,0.989570884
bg_2_T850,28,0.335376787,0,99.29832176,0.016390921,0.990078267
bg_2_T850,29,0.323621193,0,99.24768519,0.016939046,0.989575939
bg_2_T850,30,0.323319859,0,99.12471065,0.016854248,0.989223667
bg_2_T850,31,0.322492969,0,99.20428241,0.016684672,0.98922238
bg_2_T850,32,0.324549532,0,99.19524016,0.016905485,0.990269269
bg_2_T850,33,0.333182041,0,99.12109375,0.016930402,0.990906041
bg_2_T850,34,0.332111218,0,99.24949363,0.016759135,0.990743915
bg_2_T850,35,0.33324592,0,99.27481192,0.016914066,0.990433265
bg_2_T850,36,0.33382757,0,99.30193866,0.016946229,0.990107291
bg_2_T850,37,0.340308851,0,99.3218316,0.016924936,0.990352259
bg_2_T850,38,0.337374682,0,99.24045139,0.017281577,0.990217146
bg_2_T850,39,0.335136955,0,99.24045139,0.016888703,0.990704745
bg_2_T850,40,0.327669238,0,99.35980903,0.016939873,0.990641673
bg_2_T850,41,0.328477174,0,99.19343171,0.016933644,0.991352417
bg_2_T850,42,0.322632947,0,99.22417535,0.016930211,0.991533341
bg_2_T850,43,0.321459263,0,99.28927951,0.016936822,0.991432898
bg_2_T850,44,0.330032221,0,99.36704282,0.016911905,0.99127708
bg_2_T850,45,0.339607603,0,99.35800058,0.016929957,0.991403719
bg_2_T850,46,0.335057311,0,99.30374711,0.01693072,0.992290527
bg_2_T850,47,0.332390561,0,99.36704282,0.017501646,0.99215428
bg_2_T850,48,0.333680279,0,99.25130208,0.017538008,0.992101034
bg_2_T850,49,0.338708277,0,99.34714988,0.017529723,0.992413146
bg_2_T850,50,0.345659054,0,99.26034433,0.017539652,0.992025914
bg_2_T850,51,0.345529996,0,99.32002315,0.01753998,0.991912624
bg_2_T850,52,0.341113923,0,99.36885127,0.017542347,0.99194053
bg_2_T850,53,0.336323212,0,99.39055266,0.01751894,0.991650843
bg_2_T850,54,0.338806687,0,99.3254485,0.017531761,0.991598644
bg_2_T850,55,0.346790222,0,99.37427662,0.017514863,0.991483137
bg_2_T850,56,0.35282332,0,99.307364,0.017501252,0.991632371
bg_2_T850,57,0.340250284,0,99.35800058,0.01754215,0.991904024
bg_2_T850,58,0.340228581,0,99.33087384,0.017540835,0.991675975
bg_2_T850,59,0.346920224,0,99.33810764,0.017808777,0.991187521
bg_2_T850,60,0.348019141,0,99.32725694,0.017532813,0.991418627
bg_2_T850,61,0.34216251,0,99.20428241,0.018121412,0.991847084
bg_2_T850,62,0.347129227,0,99.29108796,0.018118416,0.991974018
bg_2_T850,63,0.344588321,0,99.36161748,0.018107791,0.992104164
bg_2_T850,64,0.344545423,0,99.38331887,0.018154919,0.992322271
bg_2_T850,65,0.345627257,0,99.35257523,0.018089606,0.992231695
bg_2_T850,66,0.338658242,0,99.30917245,0.01817317,0.992389079
bg_2_T850,67,0.332087189,0,99.20970775,0.018062566,0.992128064
bg_2_T850,68,0.341026994,0,99.26938657,0.018164045,0.992571472
bg_2_T850,69,0.340666328,0,99.3218316,0.018163364,0.992614015
bg_2_T850,70,0.339873712,0,99.33810764,0.018077891,0.992351298
bg_2_T850,71,0.349761188,0,99.35800058,0.018137213,0.992336872
bg_2_T850,72,0.343334168,0,99.38151042,0.018171496,0.992097972
bg_2_T850,73,0.342669344,0,99.36523438,0.017995946,0.992344679
bg_2_T850,74,0.34554033,0,99.37065972,0.018106293,0.99244746
bg_2_T850,75,0.341604023,0,99.32725694,0.017896477,0.992603909
bg_2_T850,76,0.340447346,0,99.39597801,0.018116304,0.992589708
bg_2_T850,77,0.347503107,0,99.38693576,0.01818141,0.992648519
bg_2_T850,78,0.34052738,0,99.38512731,0.018091036,0.992842779
bg_2_T850,79,0.341560151,0,99.24406829,0.018181069,0.993080768
bg_2_T850,80,0.349823344,0,99.39236111,0.01807864,0.993012958
bg_2_T850,81,0.353196573,0,99.39778646,0.01850941,0.992733222
bg_2_T850,82,0.35564578,0,99.42672164,0.018790027,0.992714258
bg_2_T850,83,0.349474851,0,99.40140336,0.018843067,0.99218437
bg_2_T850,84,0.342475674,0,99.42853009,0.018150697,0.992292325
bg_2_T850,85,0.343298957,0,99.35619213,0.018167449,0.992181319
bg_2_T850,86,0.337135597,0,99.36523438,0.018826894,0.992152098
bg_2_T850,87,0.339966079,0,99.31278935,0.018344795,0.992175348
bg_2_T850,88,0.343635878,0,99.45384838,0.018504675,0.992009596
bg_2_T850,89,0.352035203,0,99.36885127,0.018161389,0.991975588
bg_2_T850,90,0.355214098,0,99.38874421,0.018749414,0.991770551
bg_2_T850,91,0.349119232,0,99.40502025,0.018177256,0.992008496
bg_2_T850,92,0.36020189,0,99.38151042,0.018703288,0.991980022
bg_2_T850,93,0.36601182,0,99.34534144,0.01879928,0.991991168
bg_2_T850,94,0.351731572,0,99.38512731,0.018834592,0.99215578
bg_2_T850,95,0.34838697,0,99.39055266,0.01873232,0.99234623
bg_2_T850,96,0.344512124,0,99.39416956,0.018179775,0.992224503
bg_2_T850,97,0.344226002,0,99.4104456,0.01880041,0.992462384
bg_2_T850,98,0.340775251,0,99.39778646,0.020071732,0.992518643
bg_2_T850,99,0.346039007,0,99.35619213,0.018867642,0.992830903
bg_2_T850,100,0.351499136,0,99.39959491,0.018625435,0.99261796
bg_2_T850,101,0.348333694,0,99.43214699,0.018737124,0.992486088
bg_2_T850,102,0.343429314,0,99.39236111,0.018849352,0.992808114
bg_2_T850,103,0.34285549,0,99.40863715,0.01903736,0.992665076
bg_2_T850,104,0.341501125,0,99.44480613,0.018270703,0.992474993
bg_2_T850,105,0.350728387,0,99.37789352,0.018856626,0.992566428
bg_2_T850,106,0.344830356,0,99.41225405,0.01909932,0.992829991
bg_2_T850,107,0.351022313,0,99.40321181,0.018849705,0.992908571
bg_2_T850,108,0.35186363,0,99.4104456,0.018795536,0.992529686
bg_2_T850,109,0.348466718,0,99.45384838,0.018818772,0.992507866
bg_2_T850,110,0.349791946,0,99.46289063,0.018849705,0.992703181
bg_2_T850,111,0.346644394,0,99.39055266,0.018846739,0.992763736
bg_2_T850,112,0.343750847,0,99.4212963,0.018993088,0.992820548
bg_2_T850,113,0.3460977,0,99.40863715,0.018808037,0.992942998
bg_2_T850,114,0.352726047,0,99.39597801,0.018960193,0.993032748
bg_2_T850,115,0.353817665,0,99.29108796,0.018982294,0.993201802
bg_2_T850,116,0.346187046,0,99.3254485,0.01886058,0.993357081
bg_2_T850,117,0.345914998,0,99.37970197,0.020166429,0.993244584
bg_2_T850,118,0.345772382,0,99.39778646,0.019096971,0.993087686
bg_2_T850,119,0.348283689,0,99.38693576,0.018814049,0.992983935
bg_2_T850,120,0.349272337,0,99.34714988,0.018837064,0.993163411
bg_2_T850,121,0.345492236,0,99.35076678,0.019215437,0.9927373
bg_2_T850,122,0.3397751,0,99.35800058,0.018827857,0.991912016
bg_2_T850,123,0.345681342,0,99.38151042,0.018340906,0.991408502
bg_2_T850,124,0.340094207,0,99.37608507,0.01864006,0.990729513
bg_2_T850,125,0.335308325,0,99.34534144,0.018734793,0.990682268
bg_2_T850,126,0.337669481,0,99.37246817,0.018723632,0.991189974
bg_2_T850,127,0.330466963,0,99.36523438,0.018494216,0.991186235
bg_2_T850,128,0.337800115,0,99.34172454,0.018639141,0.991149768
bg_2_T850,129,0.338264511,0,99.34895833,0.018718334,0.991765521
bg_2_T850,130,0.335821912,0,99.42672164,0.019093374,0.992001494
bg_2_T850,131,0.331316739,0,99.41948785,0.018633843,0.992593896
bg_2_T850,132,0.329276922,0,99.33087384,0.018257128,0.993138753
bg_2_T850,133,0.332883495,0,99.28385417,0.018865453,0.993010952
bg_2_T850,134,0.332702229,0,99.35619213,0.018847304,0.992632963
bg_2_T850,135,0.335381674,0,99.33268229,0.019698564,0.992576259
bg_2_T850,136,0.330579055,0,99.21694155,0.018635044,0.992448928
bg_2_T850,137,0.336918458,0,99.35257523,0.018830795,0.992227425
bg_2_T850,138,0.335409092,0,99.30193866,0.018756681,0.991606929
bg_2_T850,139,0.342687795,0,99.19524016,0.01881284,0.991050492
bg_2_T850,140,0.342592799,0,99.24949363,0.018784589,0.991403302
bg_2_T850,141,0.334219467,0,99.28023727,0.01879031,0.991143365
bg_2_T850,142,0.338965075,0,99.29651331,0.01806529,0.991474788
bg_2_T850,143,0.342556982,0,99.36161748,0.018863687,0.992141101
bg_2_T850,144,0.339056144,0,99.37970197,0.019537315,0.99227726
bg_2_T850,145,0.331742757,0,99.35800058,0.018795466,0.992381179
bg_2_T850,146,0.333876038,0,99.38151042,0.019512136,0.992679538
bg_2_T850,147,0.335828195,0,99.35438368,0.019111359,0.99272278
bg_2_T850,148,0.342227298,0,99.36342593,0.018841937,0.992717539
bg_2_T850,149,0.344227459,0,99.40863715,0.019560322,0.992781936
bg_2_T850,150,0.33735756,0,99.33991609,0.019508249,0.992841091
bg_2_T850,151,0.349187356,0,99.37608507,0.019548001,0.992831026
bg_2_T850,152,0.356880228,0,99.35257523,0.019545141,0.992869725
bg_2_T850,153,0.350723495,0,99.32364005,0.020067229,0.99286543
bg_2_T850,154,0.348447927,0,99.36342593,0.018842855,0.993043431
bg_2_T850,155,0.347627205,0,99.36342593,0.019581443,0.992538801
bg_2_T850,156,0.333470077,0,99.36885127,0.01869142,0.99228183
bg_2_T850,157,0.333225286,0,99.28204572,0.01873783,0.9922629
bg_2_T850,158,0.348060262,0,99.38151042,0.018523756,0.991734231
bg_2_T850,159,0.354968087,0,99.45927373,0.018855637,0.991415673
bg_2_T850,160,0.353441473,0,99.43757234,0.018854719,0.991913559
bg_2_T850,161,0.348822899,0,99.34534144,0.018770816,0.992477735
bg_2_T850,162,0.348667868,0,99.35076678,0.019149895,0.992746591
bg_2_T850,163,0.340022888,0,99.24949363,0.02031542,0.992892235
bg_2_T850,164,0.335921728,0,99.39055266,0.019299608,0.99269207
bg_2_T850,165,0.342815261,0,99.34353299,0.01945331,0.992381623
bg_2_T850,166,0.338528189,0,99.36885127,0.018841725,0.992384828
bg_2_T850,167,0.347171191,0,99.35800058,0.021128026,0.992673497
bg_2_T850,168,0.35822925,0,99.36342593,0.019594643,0.992822863
bg_2_T850,169,0.367496795,0,99.42310475,0.018866783,0.992881935
bg_2_T850,170,0.362841406,0,99.34172454,0.020150024,0.993072135
bg_2_T850,171,0.354556034,0,99.36342593,0.01958445,0.992801084
bg_2_T850,172,0.350310838,0,99.4176794,0.018797796,0.992485664
bg_2_T850,173,0.347186943,0,99.37789352,0.019243471,0.993216683
bg_2_T850,174,0.343051376,0,99.39778646,0.019450595,0.993531445
bg_2_T850,175,0.34766664,0,99.47554977,0.019589657,0.993344273
bg_2_T850,176,0.344809907,0,99.33087384,0.01927642,0.993207126
bg_2_T850,177,0.350204282,0,99.3182147,0.01936689,0.993167964
bg_2_T850,178,0.339160836,0,99.32725694,0.019600803,0.992616642
bg_2_T850,179,0.330733798,0,99.39236111,0.019437538,0.992709098
bg_2_T850,180,0.330866321,0,99.38331887,0.019455217,0.992676399
bg_2_T850,181,0.334889383,0,99.34172454,0.018853942,0.993091129
bg_2_T850,182,0.339057514,0,99.36704282,0.018847869,0.992495935
bg_2_T850,183,0.345436965,0,99.37970197,0.01887589,0.992437224
bg_2_T850,184,0.352912681,0,99.36523438,0.01905564,0.992326904
bg_2_T850,185,0.352340283,0,99.24768519,0.018768626,0.992585582
bg_2_T850,186,0.351236022,0,99.40863715,0.018737406,0.992489157
bg_2_T850,187,0.342551643,0,99.37970197,0.01957565,0.992632347
bg_2_T850,188,0.339795465,0,99.38151042,0.01868372,0.993000343
bg_2_T850,189,0.341188496,0,99.3145978,0.018549973,0.992467564
bg_2_T850,190,0.33021904,0,99.37065972,0.018624517,0.99261743
bg_2_T850,191,0.326054608,0,99.41225405,0.018863829,0.992608669
bg_2_T850,192,0.333615386,0,99.42853009,0.018800692,0.992782202
bg_2_T850,193,0.336482668,0,99.37970197,0.018430961,0.99298487
bg_2_T850,194,0.327010115,0,99.24949363,0.01922461,0.993190486
bg_2_T850,195,0.31698851,0,99.37608507,0.018756266,0.992628561
bg_2_T850,196,0.325077144,0,99.4104456,0.018706043,0.992605031
bg_2_T850,197,0.341716087,0,99.38874421,0.019253525,0.992697566
bg_2_T850,198,0.330063828,0,99.32002315,0.019557315,0.992867598
bg_2_T850,199,0.331682386,0,99.35800058,0.018884409,0.993506789
bg_2_T850,200,0.339118813,0,99.28204572,0.019407314,0.993859074
bg_2_T850,201,0.335060376,0,99.27662037,0.018941909,0.993874442
bg_2_T850,202,0.344785339,0,99.23683449,0.019491086,0.994040918
bg_2_T850,203,0.344491234,0,99.39055266,0.019129049,0.993665409
bg_2_T850,204,0.348311965,0,99.29470486,0.019432697,0.993759656
bg_2_T850,205,0.346307091,0,99.39959491,0.019685036,0.993567571
bg_2_T850,206,0.335250087,0,99.36885127,0.020115687,0.993181028
bg_2_T850,207,0.339303546,0,99.30374711,0.018863123,0.993078702
bg_2_T850,208,0.354081531,0,99.3145978,0.02006639,0.993515927
bg_2_T850,209,0.370795651,0,99.28023727,0.019500914,0.993264686
bg_2_T850,210,0.356888904,0,99.37608507,0.019156207,0.993026971
bg_2_T850,211,0.347173608,0,99.42853009,0.019377895,0.99297784
bg_2_T850,212,0.350934667,0,99.42853009,0.019317145,0.99287189
bg_2_T850,213,0.342792446,0,99.35619213,0.019484191,0.99270421
bg_2_T850,214,0.354406675,0,99.39778646,0.020376285,0.992761875
bg_2_T850,215,0.349500764,0,99.37246817,0.018866371,0.992872209
bg_2_T850,216,0.346949617,0,99.33268229,0.019472308,0.993145738
bg_2_T850,217,0.33768561,0,99.39597801,0.019821432,0.992854687
bg_2_T850,218,0.344725212,0,99.26215278,0.020165818,0.993553713
bg_2_T850,219,0.351243553,0,99.4140625,0.019632879,0.993620246
bg_2_T850,220,0.351360675,0,99.3254485,0.019565382,0.993710212
bg_2_T850,221,0.341857147,0,99.36161748,0.01922006,0.993342905
bg_2_T850,222,0.339998137,0,99.30013021,0.019422646,0.993672213
bg_2_T850,223,0.341434717,0,99.30013021,0.019420812,0.993784943
bg_2_T850,224,0.343654291,0,99.4104456,0.019426461,0.993765073
bg_2_T850,225,0.351938983,0,99.35076678,0.020656277,0.993922849
bg_2_T850,226,0.355783109,0,99.31640625,0.019158703,0.993857224
bg_2_T850,227,0.355618601,0,99.32725694,0.019416044,0.993915885
bg_2_T850,228,0.353883063,0,99.3109809,0.019874724,0.993705122
bg_2_T850,229,0.353716783,0,99.28385417,0.020265151,0.993774528
bg_2_T850,230,0.352403246,0,99.35257523,0.019558269,0.994121716
bg_2_T850,231,0.365072256,0,99.22417535,0.019596697,0.994190069
bg_2_T850,232,0.365040492,0,99.32906539,0.019983199,0.994219713
bg_2_T850,233,0.36735717,0,99.35619213,0.018820326,0.993416823
bg_2_T850,234,0.361416393,0,99.33449074,0.018863405,0.993300119
bg_2_T850,235,0.351835853,0,99.34353299,0.019097631,0.993083055
bg_2_T850,236,0.356653861,0,98.72685185,0.019557755,0.993146656
bg_2_T850,237,0.351933957,0,99.32364005,0.019594643,0.992724498
bg_2_T850,238,0.344792604,0,99.26757813,0.01957741,0.992828123
bg_2_T850,239,0.338912927,0,99.33268229,0.019568976,0.993425844
bg_2_T850,240,0.336125965,0,98.75217014,0.018871263,0.993607108
bg_2_T850,241,0.334897687,0,99.35257523,0.019139692,0.993300126
bg_2_T850,242,0.34482178,0,99.32906539,0.019499447,0.993378518
bg_2_T850,243,0.350981946,0,99.29470486,0.019897551,0.993114637
bg_2_T850,244,0.351215063,0,99.35076678,0.019575576,0.993203552
bg_2_T850,245,0.353180821,0,99.31278935,0.01884116,0.993311715
bg_2_T850,246,0.355858012,0,99.25491898,0.019489545,0.993403492
bg_2_T850,247,0.352531539,0,99.37427662,0.01959699,0.993412541
bg_2_T850,248,0.358231444,0,99.38693576,0.019297553,0.99290947
bg_2_T850,249,0.359212546,0,99.43576389,0.019262184,0.992973423
bg_2_T850,250,0.361863789,0,99.37246817,0.019500108,0.992789363
bg_2_T850,251,0.356276473,0,99.35257523,0.018604098,0.992487539
bg_2_T850,252,0.357326183,0,99.35257523,0.019119506,0.992639734
bg_2_T850,253,0.367901433,0,99.4068287,0.018742139,0.993112504
bg_2_T850,254,0.360795777,0,99.30193866,0.018847233,0.993139783
bg_2_T850,255,0.363273156,0,99.4068287,0.018851329,0.993051729
bg_2_T850,256,0.372842726,0,99.35257523,0.019338056,0.992724108
bg_2_T850,257,0.359244899,0,99.35257523,0.019260349,0.992853926
bg_2_T850,258,0.348902599,0,99.30013021,0.019348988,0.992942541
bg_2_T850,259,0.349000576,0,99.307364,0.018855284,0.993193098
bg_2_T850,260,0.346610459,0,99.34895833,0.019524605,0.993088514
bg_2_T850,261,0.346541435,0,99.38693576,0.018856979,0.992840595
bg_2_T850,262,0.338589731,0,99.30374711,0.019275099,0.992813548
bg_2_T850,263,0.333081437,0,99.26938657,0.018867854,0.992260298
bg_2_T850,264,0.329598018,0,99.27842882,0.018860792,0.992760085
bg_2_T850,265,0.336163509,0,99.39055266,0.018830496,0.992799863
bg_2_T850,266,0.337425452,0,99.34172454,0.019480817,0.992902287
bg_2_T850,267,0.341267419,0,99.34895833,0.01885479,0.992817157
bg_2_T850,268,0.345379462,0,99.29470486,0.018864959,0.993161308
bg_2_T850,269,0.346656069,0,99.37789352,0.018862416,0.993360637
bg_2_T850,270,0.344246835,0,99.37246817,0.019467687,0.993419017
bg_2_T850,271,0.340986486,0,99.39055266,0.019604983,0.993313348
bg_2_T850,272,0.334891197,0,98.70876736,0.018985599,0.993550201
bg_2_T850,273,0.339841251,0,99.26576968,0.019556362,0.993476915
bg_2_T850,274,0.34331193,0,99.37427662,0.019464166,0.993199409
bg_2_T850,275,0.348489563,0,99.28566262,0.01883205,0.993036099
bg_2_T850,276,0.348379881,0,99.34534144,0.018795395,0.993060718
bg_2_T850,277,0.351684743,0,99.35800058,0.019023998,0.992800412
bg_2_T850,278,0.34425131,0,99.4104456,0.018734863,0.99221617
bg_2_T850,279,0.340453957,0,99.30193866,0.018701804,0.991568134
bg_2_T850,280,0.335230698,0,99.39597801,0.018623669,0.99180458
bg_2_T850,281,0.329158104,0,99.35800058,0.01817603,0.991810195
bg_2_T850,282,0.328721987,0,99.31278935,0.018855072,0.992016108
bg_2_T850,283,0.318288858,0,99.36885127,0.018596537,0.991918452
bg_2_T850,284,0.325660169,0,99.33449074,0.018190802,0.991511479
bg_2_T850,285,0.332468749,0,99.25130208,0.018061408,0.991566817
bg_2_T850,286,0.34033225,0,99.2151331,0.018154987,0.991862992
bg_2_T850,287,0.339689559,0,99.26757813,0.018063315,0.992513458
bg_2_T850,288,0.341234932,0,99.3254485,0.018108676,0.992522145
bg_2_T850,289,0.341460148,0,99.24949363,0.018704206,0.992439535
bg_2_T850,290,0.347538226,0,99.37246817,0.018708798,0.992350072
bg_2_T850,291,0.343773888,0,99.27662037,0.018710352,0.992469771
bg_2_T850,292,0.350982274,0,99.29108796,0.018705266,0.992606137
bg_2_T850,293,0.353975354,0,98.75940394,0.018129721,0.992319899
bg_2_T850,294,0.333857866,0,99.28927951,0.018158188,0.992023817
bg_2_T850,295,0.337123898,0,99.33449074,0.018169561,0.991571799
bg_2_T850,296,0.331713987,0,99.41587095,0.018176302,0.991352697
bg_2_T850,297,0.332560716,0,99.3182147,0.018179367,0.991551447
bg_2_T850,298,0.329168256,0,99.33629919,0.018150697,0.991616569
bg_2_T850,299,0.333878528,0,99.30013021,0.018181069,0.992264643
bg_2_T850,300,0.336982199,0,99.23140914,0.018176166,0.992654229
bg_2_T850,301,0.331555506,0,99.3218316,0.018528208,0.99232986
bg_2_T850,302,0.335012805,0,99.29470486,0.018174327,0.992311186
bg_2_T850,303,0.346459829,0,99.35980903,0.018068628,0.992183566
bg_2_T850,304,0.338052238,0,99.28204572,0.017711042,0.991939093
bg_2_T850,305,0.337880254,0,99.36161748,0.017537679,0.992131032
bg_2_T850,306,0.331589745,0,99.16630498,0.017543597,0.992110527
bg_2_T850,307,0.330701228,0,99.2259838,0.018157098,0.992096614
bg_2_T850,308,0.323483074,0,99.31278935,0.017537613,0.991470765
bg_2_T850,309,0.319017702,0,99.34534144,0.017519597,0.990942024
bg_2_T850,310,0.324397218,0,99.33991609,0.017538205,0.990677453
bg_2_T850,311,0.329041633,0,99.26215278,0.017534194,0.990837426
bg_2_T850,312,0.340972457,0,99.41225405,0.01753998,0.990871874
bg_2_T850,313,0.343499132,0,99.43033854,0.017541032,0.990991816
bg_2_T850,314,0.345600261,0,99.32364005,0.017531104,0.991469118
bg_2_T850,315,0.346194766,0,99.2151331,0.017495531,0.99149364
bg_2_T850,316,0.340848088,0,99.34172454,0.017528145,0.991040153
bg_2_T850,317,0.332523179,0,99.32725694,0.017520781,0.991266119
bg_2_T850,318,0.325419928,0,99.34714988,0.017519926,0.990951842
bg_2_T850,319,0.331964313,0,99.36161748,0.017465347,0.990833586
bg_2_T850,320,0.331357221,0,99.34172454,0.017422338,0.991134348
bg_2_T850,321,0.324878233,0,99.30917245,0.016948136,0.991058235
bg_2_T850,322,0.333969988,0,99.32002315,0.017504802,0.990414584
bg_2_T850,323,0.330649079,0,99.30374711,0.017332164,0.990999448
bg_2_T850,324,0.321172878,0,99.27481192,0.017523805,0.990674234
bg_2_T850,325,0.324061425,0,99.30193866,0.017394518,0.990734519
bg_2_T850,326,0.328394494,0,99.33087384,0.016944576,0.990025658
bg_2_T850,327,0.338023755,0,99.32364005,0.016942352,0.990129764
bg_2_T850,328,0.321665228,0,99.30555556,0.016941207,0.98967134
bg_2_T850,329,0.328384891,0,99.23683449,0.016939046,0.990108749
bg_2_T850,330,0.327378163,0,99.26757813,0.016899573,0.990357437
bg_2_T850,331,0.324417545,0,99.3254485,0.016392951,0.989970918
bg_2_T850,332,0.329529353,0,99.28385417,0.016768482,0.989905715
bg_2_T850,333,0.33266037,0,99.24225984,0.016889657,0.990298643
bg_2_T850,334,0.339512339,0,99.36704282,0.016924681,0.990295271
bg_2_T850,335,0.332361731,0,99.33449074,0.016912159,0.989434375
bg_2_T850,336,0.338369047,0,99.32364005,0.016936059,0.98936932
bg_2_T850,337,0.332698383,0,99.29832176,0.016382248,0.989470696
bg_2_T850,338,0.329319535,0,99.3254485,0.016290278,0.989209055
bg_2_T850,339,0.329470694,0,99.35800058,0.016385815,0.98934668
bg_2_T850,340,0.32539994,0,99.35076678,0.016382186,0.989163671
bg_2_T850,341,0.333501062,0,99.33268229,0.0163844,0.989028472
bg_2_T850,342,0.33145602,0,99.26396123,0.016357027,0.989328571
bg_2_T850,343,0.327439097,0,99.26215278,0.016654336,0.989341089
bg_2_T850,344,0.317680814,0,99.20247396,0.016943051,0.990403541
bg_2_T850,345,0.311908913,0,99.27300347,0.016816167,0.990348939
bg_2_T850,346,0.324705967,0,99.29651331,0.016858635,0.989864587
bg_2_T850,347,0.33616279,0,99.33449074,0.016940381,0.989350904
bg_2_T850,348,0.3287454,0,99.26034433,0.017451998,0.989037545
bg_2_T850,349,0.326419467,0,99.27842882,0.016673161,0.988544775
bg_2_T850,350,0.320579051,0,99.28566262,0.016915592,0.988905732
bg_2_T850,351,0.329556037,0,99.33810764,0.016719139,0.988903173
bg_2_T850,352,0.336302974,0,99.26576968,0.016825386,0.988745055
bg_2_T850,353,0.332612574,0,99.3254485,0.01694178,0.988620535
bg_2_T850,354,0.330708417,0,99.30917245,0.016905993,0.988349156
bg_2_T850,355,0.322495675,0,99.29832176,0.016392704,0.988949178
bg_2_T850,356,0.324642664,0,99.3254485,0.016391105,0.988460198
bg_2_T850,357,0.313477958,0,99.33991609,0.016381632,0.988094449
bg_2_T850,358,0.3173803,0,99.30917245,0.016376711,0.988190798
bg_2_T850,359,0.313196682,0,99.34714988,0.016393012,0.988229901
bg_2_T850,360,0.315061053,0,98.73770255,0.016386738,0.988871742
bg_2_T850,361,0.314009985,0,99.38693576,0.016391351,0.98852132
bg_2_T850,362,0.309568735,0,99.26034433,0.016547416,0.988470372
bg_2_T850,363,0.316556415,0,99.29289641,0.016913367,0.988518825
bg_2_T850,364,0.318983677,0,99.21332465,0.016369453,0.988500105
bg_2_T850,365,0.315634655,0,99.22417535,0.016545571,0.988283103
bg_2_T850,366,0.314935699,0,99.27662037,0.016936631,0.988216308
bg_2_T850,367,0.319144651,0,99.23864294,0.016565482,0.988611253
bg_2_T850,368,0.322197576,0,99.29651331,0.016750233,0.988782417
bg_2_T850,369,0.317173549,0,99.24587674,0.016391966,0.988702357
bg_2_T850,370,0.329103058,0,98.61834491,0.016937521,0.989001045
bg_2_T850,371,0.335923158,0,99.38693576,0.016938729,0.988344329
bg_2_T850,372,0.332466062,0,99.35076678,0.016868298,0.988277501
bg_2_T850,373,0.334172789,0,99.34895833,0.016880503,0.988464211
bg_2_T850,374,0.329363124,0,99.29108796,0.016846492,0.988272213
bg_2_T850,375,0.327571351,0,99.21694155,0.016393197,0.988389513
bg_2_T850,376,0.327376544,0,99.2223669,0.016367607,0.988995003
bg_2_T850,377,0.342465839,0,99.22417535,0.01639049,0.989248337
bg_2_T850,378,0.342155734,0,99.25672743,0.01638397,0.989122946
bg_2_T850,379,0.330049635,0,99.26034433,0.01639332,0.990295769
bg_2_T850,380,0.330043361,0,99.20970775,0.016869633,0.990646775
bg_2_T850,381,0.330982983,0,99.29470486,0.016898238,0.990275174
bg_2_T850,382,0.3346885,0,99.24406829,0.016939237,0.990243291
bg_2_T850,383,0.342976823,0,99.28566262,0.016896395,0.990300149
bg_2_T850,384,0.339372339,0,99.25853588,0.017520189,0.990059496
bg_2_T850,385,0.343335982,0,99.30193866,0.016949089,0.989809538
bg_2_T850,386,0.340421805,0,99.33268229,0.016924872,0.989146212
bg_2_T850,387,0.341157134,0,99.33449074,0.016868806,0.989438213
bg_2_T850,388,0.332865981,0,99.28927951,0.016533485,0.989318584
bg_2_T850,389,0.323853071,0,99.25672743,0.01678336,0.989730022
bg_2_T850,390,0.331186743,0,99.4140625,0.016926461,0.989602069
bg_2_T850,391,0.330418246,0,99.40863715,0.016925571,0.98957292
bg_2_T850,392,0.337775966,0,99.36885127,0.016878278,0.989360312
bg_2_T850,393,0.326210685,0,99.33810764,0.016931737,0.989841581
bg_2_T850,394,0.332458963,0,99.38151042,0.016920677,0.990264355
bg_2_T850,395,0.33091087,0,99.39055266,0.0169475,0.990148367
bg_2_T850,396,0.336899901,0,99.43757234,0.016945784,0.990712986
bg_2_T850,397,0.335271722,0,99.3218316,0.01693091,0.990151424
bg_2_T850,398,0.332439467,0,99.32364005,0.016923092,0.989907298
bg_2_T850,399,0.324865369,0,99.31278935,0.016943686,0.989631381
bg_2_T850,400,0.331170892,0,99.30193866,0.01692519,0.990335144
bg_2_T850,401,0.336694453,0,98.76663773,0.016943877,0.990163703
bg_2_T850,402,0.330436324,0,99.34714988,0.016937584,0.990032709
bg_2_T850,403,0.33115028,0,99.37608507,0.016935678,0.98963004
bg_2_T850,404,0.323558654,0,99.36342593,0.0169475,0.989322612
bg_2_T850,405,0.329785722,0,99.30374711,0.016899573,0.990062087
bg_2_T850,406,0.330576612,0,99.33629919,0.016942669,0.989750984
bg_2_T850,407,0.327467576,0,99.4068287,0.016938347,0.990359335
bg_2_T850,408,0.331485498,0,99.27300347,0.01693161,0.990960141
bg_2_T850,409,0.340478698,0,99.36523438,0.01692697,0.990988141
bg_2_T850,410,0.335410128,0,99.32002315,0.016948326,0.99038563
bg_2_T850,411,0.328149232,0,99.38874421,0.016934597,0.990133633
bg_2_T850,412,0.333253318,0,99.33991609,0.016943369,0.990588675
bg_2_T850,413,0.329671938,0,99.30193866,0.016940508,0.990263201
bg_2_T850,414,0.334256827,0,99.36704282,0.016944958,0.989800498
bg_2_T850,415,0.334597322,0,99.4104456,0.016934152,0.990325683
bg_2_T850,416,0.330716803,0,99.35076678,0.01753906,0.990950261
bg_2_T850,417,0.333580704,0,99.37789352,0.017538731,0.990576706
bg_2_T850,418,0.338579392,0,98.90227141,0.017525186,0.990576922
bg_2_T850,419,0.346243544,0,99.35438368,0.017443646,0.99114439
bg_2_T850,420,0.339056582,0,99.37608507,0.017452458,0.990869835
bg_2_T850,421,0.343534412,0,99.4176794,0.017525515,0.990688961
bg_2_T850,422,0.348415245,0,99.4140625,0.017526435,0.990999019
bg_2_T850,423,0.349913966,0,99.39597801,0.017526041,0.991482179
bg_2_T850,424,0.342918447,0,99.45384838,0.017543334,0.991730906
bg_2_T850,425,0.347896114,0,99.39597801,0.018134216,0.991884926
bg_2_T850,426,0.359917924,0,99.32725694,0.018112422,0.992171767
bg_2_T850,427,0.367192451,0,99.37970197,0.017933269,0.99179156
bg_2_T850,428,0.35003247,0,99.35438368,0.018141912,0.992372161
bg_2_T850,429,0.344900347,0,99.37246817,0.018132922,0.992323115
bg_2_T850,430,0.354801619,0,99.30193866,0.018165747,0.991499813
bg_2_T850,431,0.358646042,0,99.38512731,0.018146679,0.991476615
bg_2_T850,432,0.351583043,0,99.41225405,0.017927205,0.991995535
bg_2_T850,433,0.353217454,0,99.30374711,0.018146543,0.99236773
bg_2_T850,434,0.350984472,0,99.37970197,0.018045196,0.992445192
bg_2_T850,435,0.346677233,0,99.32002315,0.018150901,0.992607201
bg_2_T850,436,0.348251333,0,99.29289641,0.018158733,0.992775797
bg_2_T850,437,0.356568064,0,99.39959491,0.017973669,0.992370615
bg_2_T850,438,0.360397813,0,99.34714988,0.018158256,0.991943674
bg_2_T850,439,0.360027924,0,99.39959491,0.018310932,0.9917677
bg_2_T850,440,0.34558234,0,99.48278356,0.017615469,0.991927424
bg_2_T850,441,0.349666472,0,99.45746528,0.017961475,0.992097774
bg_2_T850,442,0.360730022,0,99.39597801,0.018074826,0.991748055
bg_2_T850,443,0.351134329,0,99.41225405,0.017894773,0.991854821
bg_2_T850,444,0.365681644,0,99.42491319,0.018108745,0.991727482
bg_2_T850,445,0.357809295,0,99.4176794,0.0181445,0.991941755
bg_2_T850,446,0.348200147,0,99.37608507,0.018106293,0.992013746
bg_2_T850,447,0.342514794,0,99.4068287,0.018124818,0.99230052
bg_2_T850,448,0.35063472,0,99.34714988,0.018640131,0.992449827
bg_2_T850,449,0.352990295,0,99.4104456,0.018175008,0.992496381
bg_2_T850,450,0.364091449,0,99.38512731,0.018178413,0.992676634
bg_2_T850,451,0.359698481,0,99.39236111,0.018150356,0.992744038
bg_2_T850,452,0.363942003,0,99.37065972,0.018246239,0.992729504
bg_2_T850,453,0.356826685,0,99.31278935,0.018727093,0.992818578
bg_2_T850,454,0.344416306,0,99.28204572,0.01817065,0.992494213
bg_2_T850,455,0.341531512,0,99.39055266,0.018866512,0.992445467
bg_2_T850,456,0.343414835,0,99.4176794,0.018778232,0.991817432
bg_2_T850,457,0.358657125,0,99.37608507,0.018178005,0.992111766
bg_2_T850,458,0.364305803,0,99.44842303,0.018153285,0.991879924
bg_2_T850,459,0.371175137,0,99.43033854,0.018176438,0.991876176
bg_2_T850,460,0.366121464,0,99.36342593,0.018845891,0.992375624
bg_2_T850,461,0.360268424,0,99.3254485,0.018859309,0.992397252
bg_2_T850,462,0.354138844,0,99.34895833,0.018686757,0.992554203
bg_2_T850,463,0.34892632,0,99.32906539,0.019201419,0.992614267
bg_2_T850,464,0.34630671,0,99.24768519,0.01875902,0.992725564
bg_2_T850,465,0.350167213,0,99.35619213,0.018580498,0.9926799
bg_2_T850,466,0.344629134,0,99.43033854,0.018851188,0.99249197
bg_2_T850,467,0.351501646,0,99.39236111,0.018786002,0.992169761
bg_2_T850,468,0.343199119,0,99.40863715,0.01859039,0.992283844
bg_2_T850,469,0.346160576,0,99.36704282,0.018944846,0.99240332
bg_2_T850,470,0.34619796,0,99.46650752,0.018865665,0.992443301
bg_2_T850,471,0.357223448,0,99.35980903,0.019447515,0.992497732
bg_2_T850,472,0.361041124,0,99.41587095,0.018856343,0.992499119
bg_2_T850,473,0.356297016,0,99.3254485,0.018820679,0.992780634
bg_2_T850,474,0.354714558,0,99.38151042,0.0181355,0.992585407
bg_2_T850,475,0.360196443,0,99.30917245,0.018750403,0.992700501
bg_2_T850,476,0.35465961,0,99.45384838,0.019354124,0.992494906
bg_2_T850,477,0.359273254,0,99.37246817,0.018637305,0.992644445
bg_2_T850,478,0.351636766,0,99.39597801,0.018751816,0.992773339
bg_2_T850,479,0.346907775,0,99.32364005,0.018661961,0.992668823
bg_2_T850,480,0.339441352,0,98.89684606,0.018800622,0.992746628
bg_2_T850,481,0.347540797,0,99.30555556,0.018859239,0.992948379
bg_2_T850,482,0.342731528,0,99.37970197,0.018840242,0.99300059
bg_2_T850,483,0.349046985,0,99.2151331,0.019428955,0.992818734
bg_2_T850,484,0.348007163,0,99.43757234,0.019508836,0.99230514
bg_2_T850,485,0.353079317,0,99.4212963,0.018812699,0.992430901
bg_2_T850,486,0.350931534,0,99.36885127,0.018748708,0.992726435
bg_2_T850,487,0.349606515,0,99.24045139,0.018938531,0.99299952
bg_2_T850,488,0.354140656,0,99.35257523,0.018853942,0.99328767
bg_2_T850,489,0.353188864,0,99.34353299,0.018748708,0.993430241
bg_2_T850,490,0.368818803,0,99.33268229,0.01882082,0.993736748
bg_2_T850,491,0.368223912,0,99.37065972,0.019349429,0.993495423
bg_2_T850,492,0.360256253,0,99.29108796,0.018748284,0.993009606
bg_2_T850,493,0.357867271,0,99.43757234,0.018769191,0.992860623
bg_2_T850,494,0.362028065,0,99.34172454,0.018858179,0.992770204
bg_2_T850,495,0.361129083,0,99.30555556,0.018836993,0.992468425
bg_2_T850,496,0.359510261,0,99.38331887,0.019438052,0.992268526
bg_2_T850,497,0.351475087,0,99.49182581,0.019154666,0.992347237
bg_2_T850,498,0.351158256,0,99.35257523,0.018862558,0.99250803
bg_2_T850,499,0.357446971,0,99.38512731,0.020003044,0.992503374
bg_2_T850,500,0.356969792,0,99.4104456,0.018524496,0.992412246
bg_2_T850,501,0.361130845,0,99.41948785,0.018855072,0.992730842
bg_2_T850,502,0.355260352,0,99.40140336,0.019407534,0.992637664
bg_2_T850,503,0.349655668,0,99.35257523,0.018853871,0.992467113
bg_2_T850,504,0.337982049,0,99.39416956,0.019527245,0.992410873
bg_2_T850,505,0.338306116,0,99.35257523,0.018377807,0.992457373
bg_2_T850,506,0.342316324,0,99.40140336,0.018777243,0.992196894
bg_2_T850,507,0.350529321,0,99.37427662,0.018573998,0.992164934
bg_2_T850,508,0.35153873,0,99.46108218,0.018679693,0.992073855
bg_2_T850,509,0.357086119,0,99.37065972,0.018824634,0.99203281
bg_2_T850,510,0.359407913,0,99.39055266,0.01960359,0.992084829
bg_2_T850,511,0.360522154,0,99.3218316,0.01944216,0.992472265
bg_2_T850,512,0.352174903,0,99.38151042,0.01886743,0.992955692
bg_2_T850,513,0.341260883,0,99.34895833,0.01949402,0.993048982
bg_2_T850,514,0.342217397,0,99.35076678,0.019563769,0.993099902
bg_2_T850,515,0.344052693,0,99.36523438,0.019572643,0.99313667
bg_2_T850,516,0.342912533,0,99.41225405,0.019980756,0.993185675
bg_2_T850,517,0.345979179,0,99.37608507,0.019459545,0.993226095
bg_2_T850,518,0.344102607,0,99.34353299,0.019596843,0.99329987
bg_2_T850,519,0.340749336,0,99.4176794,0.019581883,0.993453858
bg_2_T850,520,0.335550149,0,99.34534144,0.019312669,0.993517319
bg_2_T850,521,0.341708187,0,99.41225405,0.019501208,0.993294903
bg_2_T850,522,0.343574609,0,99.43033854,0.019573963,0.993301332
bg_2_T850,523,0.340762973,0,99.35619213,0.018856202,0.992938103
bg_2_T850,524,0.341717594,0,99.35257523,0.018665423,0.992726825
bg_2_T850,525,0.349317083,0,99.36523438,0.019341138,0.992654889
bg_2_T850,526,0.355030674,0,98.84620949,0.020071732,0.992673106
bg_2_T850,527,0.346966522,0,99.33629919,0.019356218,0.992655194
bg_2_T850,528,0.35056854,0,99.32906539,0.018815877,0.992999598
bg_2_T850,529,0.350223243,0,99.36161748,0.019530399,0.993253802
bg_2_T850,530,0.352137971,0,99.35438368,0.019381784,0.993160122
bg_2_T850,531,0.344104969,0,99.37608507,0.019386699,0.993546223
bg_2_T850,532,0.352169517,0,99.42310475,0.019535826,0.993675844
bg_2_T850,533,0.346092349,0,99.43757234,0.019442453,0.993906869
bg_2_T850,534,0.348803552,0,99.35257523,0.019550568,0.993805037
bg_2_T850,535,0.359470069,0,99.37789352,0.019548588,0.993914955
bg_2_T850,536,0.355754493,0,99.36885127,0.019432183,0.993728286
bg_2_T850,537,0.361691683,0,99.34172454,0.019496807,0.993554513
bg_2_T850,538,0.351161142,0,99.34172454,0.019276567,0.993618275
bg_2_T850,539,0.355512071,0,99.35980903,0.019546681,0.993490874
bg_2_T850,540,0.353479017,0,99.34714988,0.019435337,0.993226507
bg_2_T850,541,0.350353077,0,99.30193866,0.019412541,0.993368559
bg_2_T850,542,0.346715406,0,99.33991609,0.018773797,0.993206928
bg_2_T850,543,0.339602781,0,99.34895833,0.019399758,0.993565078
bg_2_T850,544,0.33130263,0,99.27662037,0.019458224,0.993557799
bg_2_T850,545,0.340445797,0,98.81727431,0.020302834,0.993599004
bg_2_T850,546,0.336702396,0,99.31640625,0.019164428,0.993957886
bg_2_T850,547,0.339342415,0,99.22055845,0.019535386,0.993908116
bg_2_T850,548,0.339176331,0,99.33449074,0.019569343,0.993801868
bg_2_T850,549,0.338281296,0,99.25491898,0.019578436,0.993803715
bg_2_T850,550,0.335480433,0,99.32725694,0.019581003,0.993823152
bg_2_T850,551,0.335711744,0,99.36704282,0.019420226,0.993544774
bg_2_T850,552,0.335429169,0,99.34353299,0.019396897,0.993334339
bg_2_T850,553,0.342415219,0,99.40863715,0.018837911,0.992971093
bg_2_T850,554,0.333984139,0,99.36342593,0.019729504,0.992551326
bg_2_T850,555,0.337379724,0,99.40140336,0.020626927,0.992752861
bg_2_T850,556,0.344020444,0,99.26034433,0.018725115,0.993218675
bg_2_T850,557,0.339209198,0,99.34172454,0.019027963,0.993624394
bg_2_T850,558,0.337289719,0,99.26757813,0.018810862,0.993401969
bg_2_T850,559,0.334145423,0,99.31278935,0.019464313,0.993538545
bg_2_T850,560,0.332080668,0,99.29832176,0.020167497,0.993707954
bg_2_T850,561,0.333527764,0,99.27481192,0.019894573,0.993944221
bg_2_T850,562,0.345982746,0,99.28747106,0.019224023,0.993958079
bg_2_T850,563,0.342422241,0,99.28385417,0.019502235,0.993671147
bg_2_T850,564,0.337098882,0,99.36161748,0.01953436,0.993467841
bg_2_T850,565,0.337934184,0,99.35257523,0.01958687,0.993246075
bg_2_T850,566,0.342565518,0,99.34895833,0.018861851,0.993089948
bg_2_T850,567,0.346142407,0,99.33449074,0.01945529,0.992993983
bg_2_T850,568,0.339955548,0,99.37608507,0.019274365,0.993031529
bg_2_T850,569,0.336730944,0,99.3218316,0.019596843,0.993172872
bg_2_T850,570,0.328948102,0,99.28927951,0.019500988,0.993198138
bg_2_T850,571,0.328598739,0,99.27481192,0.018766013,0.993171524
bg_2_T850,572,0.335981079,0,99.35980903,0.018795889,0.992754748
bg_2_T850,573,0.341598073,0,99.29289641,0.019222042,0.993602104
bg_2_T850,574,0.336899267,0,99.20428241,0.019463652,0.993736674
bg_2_T850,575,0.338037196,0,99.29832176,0.019186961,0.993741454
bg_2_T850,576,0.333863974,0,99.32906539,0.019539347,0.994024542
bg_2_T850,577,0.331226403,0,99.35800058,0.0195359,0.993882888
bg_2_T850,578,0.33260049,0,99.37608507,0.019507662,0.993587651
bg_2_T850,579,0.345406624,0,99.29651331,0.019538613,0.993681824
bg_2_T850,580,0.350812291,0,99.29289641,0.018863476,0.993543369
bg_2_T850,581,0.339183784,0,99.307364,0.019550055,0.993387187
bg_2_T850,582,0.333350939,0,99.34534144,0.019475389,0.993030272
bg_2_T850,583,0.347802933,0,98.77748843,0.018990371,0.993471822
bg_2_T850,584,0.350686471,0,99.32906539,0.019447808,0.993419921
bg_2_T850,585,0.352036129,0,99.39055266,0.02035737,0.993728469
bg_2_T850,586,0.354688362,0,99.29289641,0.019859989,0.993982984
bg_2_T850,587,0.352216292,0,99.36704282,0.019094034,0.994109151
bg_2_T850,588,0.340631226,0,99.44480613,0.019402399,0.99380716
bg_2_T850,589,0.34490608,0,99.32002315,0.01957785,0.99394308
bg_2_T850,590,0.348455658,0,99.36342593,0.01889873,0.994087799
bg_2_T850,591,0.345467015,0,99.36704282,0.019734,0.993921536
bg_2_T850,592,0.346438461,0,99.3109809,0.019506562,0.99369308
bg_2_T850,593,0.35018846,0,99.35257523,0.020004189,0.993685141
bg_2_T850,594,0.357575428,0,99.33268229,0.020167421,0.99372464
bg_2_T850,595,0.355711694,0,99.37065972,0.019577556,0.99377579
bg_2_T850,596,0.362583822,0,99.39597801,0.019508542,0.993732707
bg_2_T850,597,0.355451092,0,99.36342593,0.020009531,0.993335805
bg_2_T850,598,0.355775621,0,99.36161748,0.019730487,0.99341732
bg_2_T850,599,0.365814598,0,99.307364,0.019524458,0.993647531
bg_2_T850,600,0.359616234,0,99.4140625,0.019605497,0.993773912
bg_2_T850,601,0.351489332,0,99.35619213,0.01953502,0.993770619
bg_2_T850,602,0.33901213,0,99.30374711,0.019591197,0.994015465
bg_2_T850,603,0.34556196,0,99.34172454,0.019925186,0.993888828
bg_2_T850,604,0.339641949,0,98.77929688,0.020251801,0.993599556
bg_2_T850,605,0.336479165,0,99.39416956,0.019356105,0.993541069
bg_2_T850,606,0.335828085,0,99.29470486,0.019590463,0.993669119
bg_2_T850,607,0.339250203,0,99.2115162,0.019741178,0.993649095
bg_2_T850,608,0.339629919,0,99.34172454,0.020038457,0.993737618
bg_2_T850,609,0.349738231,0,99.33087384,0.019479555,0.993945799
bg_2_T850,610,0.351293618,0,99.29108796,0.019549541,0.993745159
bg_2_T850,611,0.345041795,0,99.26034433,0.019243618,0.993681415
bg_2_T850,612,0.344031368,0,99.42491319,0.01953502,0.993654234
bg_2_T850,613,0.355613546,0,99.44661458,0.019590332,0.993246808
bg_2_T850,614,0.360459125,0,99.38151042,0.019160831,0.992898204
bg_2_T850,615,0.364042163,0,99.34172454,0.018788403,0.993080458
bg_2_T850,616,0.359212445,0,99.25311053,0.018994409,0.993085786
bg_2_T850,617,0.349043014,0,99.39055266,0.018613,0.992586823
bg_2_T850,618,0.348402561,0,99.2115162,0.018798715,0.992619947
