set,time,ssim_fp,ks_p_value,spatial_rel_error,max_spatial_rel_error,pearson_correlation_coefficient
bg_2_TREFHTMX,0,0.433935833,0,99.34172454,0.017509471,0.994026069
bg_2_TREFHTMX,1,0.415777195,0,99.38512731,0.017498884,0.993233626
bg_2_TREFHTMX,2,0.422098483,0,99.4068287,0.016937839,0.993147902
bg_2_TREFHTMX,3,0.427946139,0,99.35980903,0.017404646,0.993454561
bg_2_TREFHTMX,4,0.426852076,0,99.44118924,0.017509076,0.993529884
bg_2_TREFHTMX,5,0.43122022,0,99.40863715,0.017471989,0.9935629
bg_2_TREFHTMX,6,0.427578772,0,99.37789352,0.017507433,0.993513089
bg_2_TREFHTMX,7,0.429067485,0,99.33268229,0.017439174,0.993572972
bg_2_TREFHTMX,8,0.429456497,0,99.38693576,0.017307101,0.993665198
bg_2_TREFHTMX,9,0.428506097,0,99.42310475,0.017406817,0.993726508
bg_2_TREFHTMX,10,0.429394917,0,99.37246817,0.017466794,0.993831582
bg_2_TREFHTMX,11,0.428033642,0,99.38693576,0.017494347,0.993945274
bg_2_TREFHTMX,12,0.422134299,0,99.35438368,0.017503553,0.994242221
bg_2_TREFHTMX,13,0.422030075,0,99.43938079,0.01745476,0.994223372
bg_2_TREFHTMX,14,0.428135198,0,99.35438368,0.017467123,0.994186273
bg_2_TREFHTMX,15,0.429828848,0,99.40321181,0.017520978,0.993974311
bg_2_TREFHTMX,16,0.430036713,0,99.38331887,0.01752157,0.993804738
bg_2_TREFHTMX,17,0.431752379,0,99.43395544,0.018175417,0.99384139
bg_2_TREFHTMX,18,0.432938413,0,99.43033854,0.017865201,0.993898084
bg_2_TREFHTMX,19,0.426559173,0,99.43938079,0.01752512,0.994030026
bg_2_TREFHTMX,20,0.426871626,0,99.37065972,0.017507235,0.994213766
bg_2_TREFHTMX,21,0.433475377,0,99.31278935,0.017395636,0.994418305
bg_2_TREFHTMX,22,0.428053845,0,99.37246817,0.017883735,0.994438033
bg_2_TREFHTMX,23,0.431361812,0,99.38151042,0.018119914,0.994300697
bg_2_TREFHTMX,24,0.430715813,0,99.40140336,0.017500923,0.994092363
bg_2_TREFHTMX,25,0.444894384,0,99.36523438,0.017681186,0.993785021
bg_2_TREFHTMX,26,0.437460606,0,99.3109809,0.018135374,0.99364545
bg_2_TREFHTMX,27,0.431780984,0,99.41225405,0.017679891,0.993485911
bg_2_TREFHTMX,28,0.422469437,0,99.33810764,0.017330914,0.993935958
bg_2_TREFHTMX,29,0.423146676,0,99.40863715,0.017501252,0.993715334
bg_2_TREFHTMX,30,0.424279466,0,99.33991609,0.017418589,0.993697886
bg_2_TREFHTMX,31,0.427425213,0,99.39055266,0.017523345,0.993688035
bg_2_TREFHTMX,32,0.431165118,0,99.32906539,0.017526107,0.993956464
bg_2_TREFHTMX,33,0.432957041,0,99.39416956,0.017533011,0.993960254
bg_2_TREFHTMX,34,0.425718228,0,99.36523438,0.0174324,0.993937186
bg_2_TREFHTMX,35,0.429961101,0,99.40863715,0.017465084,0.993893529
bg_2_TREFHTMX,36,0.432729678,0,99.44661458,0.017362684,0.993592315
bg_2_TREFHTMX,37,0.443273923,0,99.30013021,0.017403989,0.993660898
bg_2_TREFHTMX,38,0.447829069,0,99.43576389,0.017259604,0.993620554
bg_2_TREFHTMX,39,0.442252692,0,99.37608507,0.017070492,0.993733007
bg_2_TREFHTMX,40,0.434248835,0,99.38693576,0.016943305,0.993904234
bg_2_TREFHTMX,41,0.430620981,0,99.37970197,0.017248617,0.994221423
bg_2_TREFHTMX,42,0.436257905,0,99.44842303,0.016941335,0.994365439
bg_2_TREFHTMX,43,0.436952585,0,99.39597801,0.016934597,0.994455356
bg_2_TREFHTMX,44,0.435175764,0,99.39959491,0.016941843,0.994166746
bg_2_TREFHTMX,45,0.443185487,0,99.43757234,0.016920486,0.993893978
bg_2_TREFHTMX,46,0.440525923,0,99.41948785,0.016946483,0.994079047
bg_2_TREFHTMX,47,0.437998277,0,99.43938079,0.01748764,0.994075691
bg_2_TREFHTMX,48,0.440530501,0,99.5026765,0.017509076,0.99431168
bg_2_TREFHTMX,49,0.44371537,0,99.42310475,0.017539717,0.994483945
bg_2_TREFHTMX,50,0.441166602,0,99.31278935,0.01750717,0.994674888
bg_2_TREFHTMX,51,0.443316183,0,99.44118924,0.01752729,0.994654494
bg_2_TREFHTMX,52,0.440953272,0,99.42491319,0.017539586,0.994482815
bg_2_TREFHTMX,53,0.431812986,0,99.39597801,0.017533339,0.994551128
bg_2_TREFHTMX,54,0.429891484,0,99.4140625,0.017522227,0.994517103
bg_2_TREFHTMX,55,0.442546242,0,99.33810764,0.01753906,0.994217675
bg_2_TREFHTMX,56,0.440257446,0,99.4104456,0.01753952,0.994231459
bg_2_TREFHTMX,57,0.442303567,0,99.44842303,0.017541756,0.993909451
bg_2_TREFHTMX,58,0.432652711,0,99.5026765,0.017522359,0.99402496
bg_2_TREFHTMX,59,0.439990351,0,99.41587095,0.017541821,0.993904043
bg_2_TREFHTMX,60,0.446045476,0,99.37789352,0.017540901,0.993860741
bg_2_TREFHTMX,61,0.450828886,0,99.40321181,0.01754215,0.993953729
bg_2_TREFHTMX,62,0.451991605,0,99.33449074,0.017529986,0.99413364
bg_2_TREFHTMX,63,0.448821314,0,99.46108218,0.018168948,0.994290615
bg_2_TREFHTMX,64,0.448592225,0,99.26938657,0.018164998,0.99428944
bg_2_TREFHTMX,65,0.452798031,0,99.37246817,0.018099005,0.994383702
bg_2_TREFHTMX,66,0.441715832,0,99.37608507,0.017927614,0.994272604
bg_2_TREFHTMX,67,0.436074668,0,99.43938079,0.018099891,0.994329088
bg_2_TREFHTMX,68,0.43904543,0,99.45203993,0.01804472,0.994322894
bg_2_TREFHTMX,69,0.4470277,0,99.47193287,0.018180661,0.994343292
bg_2_TREFHTMX,70,0.453200299,0,99.38331887,0.01816636,0.994377538
bg_2_TREFHTMX,71,0.45176338,0,99.36523438,0.018174464,0.994418593
bg_2_TREFHTMX,72,0.448916972,0,99.38331887,0.018172284,0.994548836
bg_2_TREFHTMX,73,0.44276779,0,99.39416956,0.017496977,0.994813245
bg_2_TREFHTMX,74,0.444796908,0,99.39959491,0.017682822,0.994933788
bg_2_TREFHTMX,75,0.448850262,0,99.3218316,0.018123183,0.995059647
bg_2_TREFHTMX,76,0.44481002,0,99.46289063,0.018164521,0.994920679
bg_2_TREFHTMX,77,0.442787688,0,99.4212963,0.018178005,0.995090763
bg_2_TREFHTMX,78,0.446736594,0,99.35800058,0.01815417,0.995002966
bg_2_TREFHTMX,79,0.450305967,0,99.45384838,0.018177051,0.994947507
bg_2_TREFHTMX,80,0.452476112,0,99.38331887,0.018176234,0.994972305
bg_2_TREFHTMX,81,0.454234978,0,99.43576389,0.018180048,0.994866438
bg_2_TREFHTMX,82,0.454878671,0,99.43938079,0.018174259,0.994941294
bg_2_TREFHTMX,83,0.450461598,0,99.43576389,0.018179843,0.99468233
bg_2_TREFHTMX,84,0.442059602,0,99.45565683,0.018167109,0.994760088
bg_2_TREFHTMX,85,0.441555616,0,99.47012442,0.018176779,0.994623516
bg_2_TREFHTMX,86,0.447886444,0,99.41587095,0.018179435,0.994594267
bg_2_TREFHTMX,87,0.448253952,0,99.39055266,0.018172557,0.99461043
bg_2_TREFHTMX,88,0.444888333,0,99.39959491,0.018177937,0.994548621
bg_2_TREFHTMX,89,0.453774267,0,99.34534144,0.018616603,0.994516874
bg_2_TREFHTMX,90,0.450463969,0,99.36161748,0.018100912,0.99439432
bg_2_TREFHTMX,91,0.443411541,0,99.43576389,0.01818769,0.994413691
bg_2_TREFHTMX,92,0.451545611,0,99.42672164,0.018792146,0.994610833
bg_2_TREFHTMX,93,0.457416157,0,99.49182581,0.018857614,0.994709243
bg_2_TREFHTMX,94,0.451478595,0,99.36885127,0.018826612,0.994642987
bg_2_TREFHTMX,95,0.453003131,0,99.40140336,0.018175689,0.994477983
bg_2_TREFHTMX,96,0.44545229,0,99.4212963,0.018659276,0.994399114
bg_2_TREFHTMX,97,0.438226374,0,99.45927373,0.018178958,0.994515232
bg_2_TREFHTMX,98,0.443555251,0,99.44118924,0.018689371,0.994521154
bg_2_TREFHTMX,99,0.443966795,0,99.44480613,0.018702299,0.99474824
bg_2_TREFHTMX,100,0.445043725,0,99.39055266,0.018817148,0.994389449
bg_2_TREFHTMX,101,0.446758385,0,99.44299769,0.018776961,0.994256012
bg_2_TREFHTMX,102,0.444615242,0,99.44661458,0.018627908,0.99458603
bg_2_TREFHTMX,103,0.451497156,0,99.35980903,0.018726034,0.994624778
bg_2_TREFHTMX,104,0.453184076,0,99.39597801,0.018759303,0.994582351
bg_2_TREFHTMX,105,0.446553058,0,99.49182581,0.018801681,0.994506535
bg_2_TREFHTMX,106,0.443766604,0,99.39959491,0.01886051,0.99447086
bg_2_TREFHTMX,107,0.446816275,0,99.47374132,0.018836781,0.994504978
bg_2_TREFHTMX,108,0.44035781,0,99.43757234,0.018849846,0.994607528
bg_2_TREFHTMX,109,0.439709597,0,99.43576389,0.018860651,0.994640245
bg_2_TREFHTMX,110,0.436406848,0,99.48820891,0.019072379,0.994681941
bg_2_TREFHTMX,111,0.445532758,0,99.39597801,0.018844761,0.994705636
bg_2_TREFHTMX,112,0.447288336,0,99.43576389,0.019522038,0.994583973
bg_2_TREFHTMX,113,0.440408432,0,99.45023148,0.01951463,0.994486078
bg_2_TREFHTMX,114,0.444553927,0,99.45565683,0.018861075,0.994549275
bg_2_TREFHTMX,115,0.43760699,0,99.44299769,0.018840312,0.994660127
bg_2_TREFHTMX,116,0.442871975,0,99.42672164,0.018855919,0.994732918
bg_2_TREFHTMX,117,0.445030321,0,99.39416956,0.018860439,0.994651529
bg_2_TREFHTMX,118,0.440393445,0,99.45203993,0.019250892,0.994448651
bg_2_TREFHTMX,119,0.436421458,0,99.5062934,0.018864182,0.994338936
bg_2_TREFHTMX,120,0.445233994,0,99.44842303,0.018854225,0.99441003
bg_2_TREFHTMX,121,0.440844137,0,99.40140336,0.01958181,0.993929907
bg_2_TREFHTMX,122,0.443980703,0,99.44842303,0.018852459,0.993703144
bg_2_TREFHTMX,123,0.440611218,0,99.49001736,0.018162546,0.993372002
bg_2_TREFHTMX,124,0.442304674,0,99.43757234,0.018109971,0.993218394
bg_2_TREFHTMX,125,0.436747689,0,99.40140336,0.01806364,0.993294186
bg_2_TREFHTMX,126,0.437002136,0,99.38151042,0.018414634,0.993548921
bg_2_TREFHTMX,127,0.44400755,0,99.33268229,0.018220218,0.993968573
bg_2_TREFHTMX,128,0.444702992,0,99.35800058,0.018661608,0.993880335
bg_2_TREFHTMX,129,0.430295769,0,99.39416956,0.018362821,0.993964084
bg_2_TREFHTMX,130,0.443652704,0,99.46108218,0.018700335,0.99399404
bg_2_TREFHTMX,131,0.440064438,0,99.45927373,0.018792287,0.993970639
bg_2_TREFHTMX,132,0.429504705,0,99.33268229,0.018462625,0.994507808
bg_2_TREFHTMX,133,0.427078757,0,99.35257523,0.018866159,0.994648126
bg_2_TREFHTMX,134,0.42685494,0,99.36885127,0.01882308,0.994561388
bg_2_TREFHTMX,135,0.426829115,0,99.40321181,0.019467907,0.99436833
bg_2_TREFHTMX,136,0.426989763,0,99.4104456,0.018715932,0.994112369
bg_2_TREFHTMX,137,0.432507403,0,99.42491319,0.019595083,0.993689129
bg_2_TREFHTMX,138,0.43808484,0,99.34172454,0.020322742,0.992987089
bg_2_TREFHTMX,139,0.436774941,0,99.35800058,0.018338856,0.992955355
bg_2_TREFHTMX,140,0.437949769,0,99.43576389,0.019292784,0.993096597
bg_2_TREFHTMX,141,0.433224176,0,99.43757234,0.018293257,0.99331069
bg_2_TREFHTMX,142,0.4317562,0,99.36161748,0.018135987,0.993458454
bg_2_TREFHTMX,143,0.422695353,0,99.4176794,0.018167109,0.993853561
bg_2_TREFHTMX,144,0.429658991,0,99.4068287,0.019152537,0.994160856
bg_2_TREFHTMX,145,0.426765035,0,99.45203993,0.018791157,0.994235229
bg_2_TREFHTMX,146,0.429105844,0,99.38151042,0.018841089,0.994313836
bg_2_TREFHTMX,147,0.432434771,0,99.40140336,0.018854665,0.994371971
bg_2_TREFHTMX,148,0.433858875,0,99.39236111,0.019342385,0.994465331
bg_2_TREFHTMX,149,0.434357802,0,99.43576389,0.019163254,0.994677835
bg_2_TREFHTMX,150,0.431860235,0,99.38874421,0.018852106,0.99458797
bg_2_TREFHTMX,151,0.428889338,0,99.43033854,0.018850694,0.994281286
bg_2_TREFHTMX,152,0.422695869,0,99.44118924,0.018822727,0.994022709
bg_2_TREFHTMX,153,0.419266157,0,99.35438368,0.019491306,0.994312778
bg_2_TREFHTMX,154,0.422837127,0,99.34534144,0.018762905,0.994375445
bg_2_TREFHTMX,155,0.428273054,0,99.39959491,0.018858109,0.994282306
bg_2_TREFHTMX,156,0.432438767,0,99.38151042,0.018845115,0.99438124
bg_2_TREFHTMX,157,0.437425668,0,99.37608507,0.01895542,0.994158767
bg_2_TREFHTMX,158,0.435677441,0,99.42672164,0.018865735,0.993784881
bg_2_TREFHTMX,159,0.434490986,0,99.4212963,0.018756336,0.993678351
bg_2_TREFHTMX,160,0.43155508,0,99.37970197,0.018746236,0.99401866
bg_2_TREFHTMX,161,0.429278228,0,99.4176794,0.019459545,0.994431859
bg_2_TREFHTMX,162,0.420934307,0,99.4104456,0.01914828,0.994547965
bg_2_TREFHTMX,163,0.420263514,0,99.35800058,0.019401519,0.994659459
bg_2_TREFHTMX,164,0.42281939,0,99.41225405,0.019260276,0.994665297
bg_2_TREFHTMX,165,0.427371065,0,99.3218316,0.018852953,0.994636591
bg_2_TREFHTMX,166,0.430751671,0,99.34172454,0.019736825,0.994451625
bg_2_TREFHTMX,167,0.436935111,0,99.35257523,0.018828801,0.994428327
bg_2_TREFHTMX,168,0.436864122,0,99.35800058,0.019758437,0.994473425
bg_2_TREFHTMX,169,0.431583795,0,99.34353299,0.019213162,0.994732943
bg_2_TREFHTMX,170,0.424547428,0,99.37427662,0.019602197,0.994885094
bg_2_TREFHTMX,171,0.41934533,0,99.37246817,0.018775407,0.99482399
bg_2_TREFHTMX,172,0.423410128,0,99.29289641,0.01870908,0.994888705
bg_2_TREFHTMX,173,0.432800355,0,99.39055266,0.018830425,0.995016998
bg_2_TREFHTMX,174,0.439440248,0,99.32725694,0.019440619,0.994980774
bg_2_TREFHTMX,175,0.434080553,0,99.39778646,0.019027228,0.994893142
bg_2_TREFHTMX,176,0.430190804,0,99.42310475,0.018745529,0.994886583
bg_2_TREFHTMX,177,0.427351442,0,99.41225405,0.018867077,0.994728457
bg_2_TREFHTMX,178,0.427143397,0,99.46289063,0.018838476,0.99447944
bg_2_TREFHTMX,179,0.432862828,0,99.46831597,0.018776325,0.994558617
bg_2_TREFHTMX,180,0.429419007,0,99.32725694,0.018760221,0.994911966
bg_2_TREFHTMX,181,0.430447887,0,99.30555556,0.018813334,0.994850551
bg_2_TREFHTMX,182,0.422412103,0,99.43214699,0.018837346,0.994500399
bg_2_TREFHTMX,183,0.425924138,0,99.41225405,0.018795466,0.994276336
bg_2_TREFHTMX,184,0.432926838,0,99.38151042,0.018850976,0.994247932
bg_2_TREFHTMX,185,0.427862189,0,99.4068287,0.01941421,0.994360631
bg_2_TREFHTMX,186,0.431612268,0,99.43033854,0.018657086,0.994463367
bg_2_TREFHTMX,187,0.428255087,0,99.32906539,0.018733592,0.994552683
bg_2_TREFHTMX,188,0.431541623,0,99.38151042,0.018745317,0.994512555
bg_2_TREFHTMX,189,0.440818684,0,99.42853009,0.01866182,0.994413048
bg_2_TREFHTMX,190,0.431290737,0,99.39959491,0.018845044,0.994573958
bg_2_TREFHTMX,191,0.429956536,0,99.44661458,0.01871897,0.994702581
bg_2_TREFHTMX,192,0.431546337,0,99.37427662,0.018752805,0.994833071
bg_2_TREFHTMX,193,0.429794979,0,99.49725116,0.018826117,0.994727684
bg_2_TREFHTMX,194,0.426321257,0,99.46831597,0.019521231,0.994697448
bg_2_TREFHTMX,195,0.422529523,0,99.42853009,0.018812981,0.994512779
bg_2_TREFHTMX,196,0.428423798,0,99.43938079,0.018172693,0.994458008
bg_2_TREFHTMX,197,0.430310843,0,99.45565683,0.018793629,0.994443864
bg_2_TREFHTMX,198,0.431034798,0,99.42491319,0.018840736,0.994741753
bg_2_TREFHTMX,199,0.432902334,0,99.38512731,0.018819973,0.994908722
bg_2_TREFHTMX,200,0.438458238,0,99.37970197,0.019547488,0.995146803
bg_2_TREFHTMX,201,0.433536937,0,99.32725694,0.018830849,0.995256233
bg_2_TREFHTMX,202,0.437462853,0,99.45384838,0.019351336,0.995159345
bg_2_TREFHTMX,203,0.436535199,0,99.39236111,0.019232977,0.995060358
bg_2_TREFHTMX,204,0.428663312,0,99.47193287,0.019561936,0.995188982
bg_2_TREFHTMX,205,0.43224346,0,99.34534144,0.019066946,0.995155475
bg_2_TREFHTMX,206,0.426417325,0,99.43938079,0.019445891,0.994831079
bg_2_TREFHTMX,207,0.431245408,0,99.41587095,0.018973777,0.994762342
bg_2_TREFHTMX,208,0.435084792,0,99.46289063,0.018858391,0.994790338
bg_2_TREFHTMX,209,0.428562766,0,99.45384838,0.019368431,0.995030351
bg_2_TREFHTMX,210,0.432321875,0,99.40321181,0.018855425,0.99499252
bg_2_TREFHTMX,211,0.43458572,0,99.37608507,0.019526219,0.994903463
bg_2_TREFHTMX,212,0.426892295,0,99.46469907,0.019286742,0.99493139
bg_2_TREFHTMX,213,0.426096037,0,99.35619213,0.01886397,0.995087043
bg_2_TREFHTMX,214,0.434810376,0,99.25853588,0.018993528,0.995261567
bg_2_TREFHTMX,215,0.437938786,0,99.23502604,0.018933538,0.995231504
bg_2_TREFHTMX,216,0.436111915,0,99.26757813,0.019362635,0.995188829
bg_2_TREFHTMX,217,0.433593611,0,99.48459201,0.019134995,0.995078789
bg_2_TREFHTMX,218,0.434006108,0,99.23140914,0.018867218,0.995170591
bg_2_TREFHTMX,219,0.434467037,0,99.27662037,0.019507736,0.99516536
bg_2_TREFHTMX,220,0.438652612,0,99.30013021,0.020259429,0.994928962
bg_2_TREFHTMX,221,0.432363594,0,99.35438368,0.018900125,0.994795372
bg_2_TREFHTMX,222,0.43467832,0,99.27481192,0.019547341,0.995215379
bg_2_TREFHTMX,223,0.431567682,0,99.47012442,0.019284052,0.995185862
bg_2_TREFHTMX,224,0.436344015,0,99.38693576,0.020279873,0.995180605
bg_2_TREFHTMX,225,0.43335559,0,99.39055266,0.019463799,0.995089048
bg_2_TREFHTMX,226,0.42750544,0,99.49544271,0.01995114,0.994942983
bg_2_TREFHTMX,227,0.432265935,0,99.43395544,0.020186648,0.995006829
bg_2_TREFHTMX,228,0.442457937,0,99.45203993,0.019996938,0.995130698
bg_2_TREFHTMX,229,0.432740887,0,99.35076678,0.019269375,0.995216023
bg_2_TREFHTMX,230,0.434431608,0,99.37608507,0.019471354,0.995116696
bg_2_TREFHTMX,231,0.439105109,0,99.46469907,0.019605643,0.994896767
bg_2_TREFHTMX,232,0.444873128,0,99.40863715,0.020082644,0.995044479
bg_2_TREFHTMX,233,0.446203297,0,99.44842303,0.018856767,0.99487298
bg_2_TREFHTMX,234,0.444140723,0,99.45203993,0.018864182,0.994790649
bg_2_TREFHTMX,235,0.43614064,0,99.39055266,0.018765519,0.994701521
bg_2_TREFHTMX,236,0.438005454,0,99.45384838,0.019056595,0.994597667
bg_2_TREFHTMX,237,0.440626517,0,99.39236111,0.019350969,0.994622886
bg_2_TREFHTMX,238,0.43474099,0,99.4140625,0.019538467,0.994760822
bg_2_TREFHTMX,239,0.439494528,0,99.40502025,0.01939785,0.994902495
bg_2_TREFHTMX,240,0.438109038,0,99.37789352,0.019569636,0.994888999
bg_2_TREFHTMX,241,0.438002373,0,99.43395544,0.018845468,0.994800612
bg_2_TREFHTMX,242,0.433515802,0,99.34895833,0.018823363,0.994846055
bg_2_TREFHTMX,243,0.434372435,0,99.35438368,0.018862303,0.994684129
bg_2_TREFHTMX,244,0.438766241,0,99.35438368,0.020172762,0.994818238
bg_2_TREFHTMX,245,0.432258171,0,99.39778646,0.019400858,0.994820827
bg_2_TREFHTMX,246,0.428681253,0,99.41587095,0.019570809,0.994925158
bg_2_TREFHTMX,247,0.425457066,0,99.36523438,0.019500401,0.994818189
bg_2_TREFHTMX,248,0.435749544,0,99.37789352,0.019579463,0.99482149
bg_2_TREFHTMX,249,0.436049595,0,99.37427662,0.019563916,0.994539248
bg_2_TREFHTMX,250,0.430729218,0,99.38331887,0.018852318,0.994385916
bg_2_TREFHTMX,251,0.434480812,0,99.36342593,0.018847869,0.99426715
bg_2_TREFHTMX,252,0.437610407,0,99.40321181,0.018718475,0.99418019
bg_2_TREFHTMX,253,0.436073216,0,99.38693576,0.01875118,0.994694901
bg_2_TREFHTMX,254,0.438623838,0,99.38151042,0.018858532,0.994717869
bg_2_TREFHTMX,255,0.430339853,0,99.37970197,0.018861075,0.994580209
bg_2_TREFHTMX,256,0.440160805,0,99.35800058,0.019096897,0.994552068
bg_2_TREFHTMX,257,0.443345756,0,99.38151042,0.01958357,0.994376213
bg_2_TREFHTMX,258,0.443645198,0,99.42310475,0.019075902,0.994351461
bg_2_TREFHTMX,259,0.438537259,0,99.32002315,0.018806766,0.994582444
bg_2_TREFHTMX,260,0.44002262,0,99.36161748,0.018864535,0.994597264
bg_2_TREFHTMX,261,0.437514579,0,99.35619213,0.018857049,0.994449301
bg_2_TREFHTMX,262,0.437548486,0,99.14460359,0.018654119,0.994328394
bg_2_TREFHTMX,263,0.432368843,0,99.38331887,0.018491743,0.994448599
bg_2_TREFHTMX,264,0.438020763,0,99.39597801,0.018674112,0.994557944
bg_2_TREFHTMX,265,0.435164275,0,99.35257523,0.019131251,0.994568383
bg_2_TREFHTMX,266,0.444885652,0,99.44842303,0.018863687,0.994522202
bg_2_TREFHTMX,267,0.443852791,0,99.36342593,0.018730625,0.99480025
bg_2_TREFHTMX,268,0.442651359,0,99.35076678,0.01886623,0.994833879
bg_2_TREFHTMX,269,0.444395679,0,99.31640625,0.018867713,0.994952466
bg_2_TREFHTMX,270,0.442508192,0,99.35800058,0.018850411,0.995017052
bg_2_TREFHTMX,271,0.442202032,0,99.39055266,0.018857897,0.994703526
bg_2_TREFHTMX,272,0.44556484,0,99.38151042,0.018854648,0.994797262
bg_2_TREFHTMX,273,0.442032862,0,99.35438368,0.018863687,0.994803071
bg_2_TREFHTMX,274,0.449492075,0,99.29289641,0.018794053,0.994634565
bg_2_TREFHTMX,275,0.44548781,0,99.38512731,0.018863617,0.994526407
bg_2_TREFHTMX,276,0.445939938,0,99.37789352,0.018827035,0.994541815
bg_2_TREFHTMX,277,0.447140719,0,99.41587095,0.019410395,0.994554216
bg_2_TREFHTMX,278,0.441507659,0,99.37427662,0.01869806,0.994234386
bg_2_TREFHTMX,279,0.43946252,0,99.35980903,0.018786284,0.994384341
bg_2_TREFHTMX,280,0.439347955,0,99.35076678,0.018863829,0.994233762
bg_2_TREFHTMX,281,0.448165048,0,99.39236111,0.018139256,0.994270162
bg_2_TREFHTMX,282,0.447720765,0,99.39236111,0.018328464,0.99424476
bg_2_TREFHTMX,283,0.453109341,0,99.18438947,0.018099073,0.994269829
bg_2_TREFHTMX,284,0.448900444,0,99.39778646,0.018110447,0.994217114
bg_2_TREFHTMX,285,0.449078408,0,99.34895833,0.018060999,0.993890261
bg_2_TREFHTMX,286,0.452892964,0,99.39778646,0.017871129,0.993756366
bg_2_TREFHTMX,287,0.44796308,0,99.42672164,0.017906765,0.994107102
bg_2_TREFHTMX,288,0.447618304,0,99.4140625,0.018002963,0.994301357
bg_2_TREFHTMX,289,0.451403092,0,99.35619213,0.018011682,0.994294669
bg_2_TREFHTMX,290,0.448220443,0,99.4140625,0.018101185,0.994107576
bg_2_TREFHTMX,291,0.446855226,0,99.37427662,0.01813946,0.994098809
bg_2_TREFHTMX,292,0.443188791,0,99.34353299,0.018180524,0.994069015
bg_2_TREFHTMX,293,0.44770088,0,99.34534144,0.0181556,0.993930747
bg_2_TREFHTMX,294,0.440134885,0,99.4068287,0.018177188,0.993705464
bg_2_TREFHTMX,295,0.438714844,0,99.38693576,0.018156417,0.99380797
bg_2_TREFHTMX,296,0.430204842,0,99.50086806,0.018152263,0.993797009
bg_2_TREFHTMX,297,0.433167104,0,99.32002315,0.018160299,0.993876539
bg_2_TREFHTMX,298,0.43228694,0,99.42853009,0.018169697,0.993970899
bg_2_TREFHTMX,299,0.434481833,0,99.39416956,0.018179367,0.993926847
bg_2_TREFHTMX,300,0.439508494,0,99.38331887,0.018181001,0.99418749
bg_2_TREFHTMX,301,0.436497971,0,99.44299769,0.018176166,0.993978933
bg_2_TREFHTMX,302,0.437946956,0,99.43033854,0.018169969,0.994012369
bg_2_TREFHTMX,303,0.436361662,0,99.41225405,0.018117122,0.993851233
bg_2_TREFHTMX,304,0.432761826,0,99.39597801,0.01753472,0.993951724
bg_2_TREFHTMX,305,0.434329907,0,99.37065972,0.017534523,0.994031275
bg_2_TREFHTMX,306,0.440011276,0,99.42672164,0.01753117,0.994214253
bg_2_TREFHTMX,307,0.440421941,0,99.38331887,0.017541624,0.99410118
bg_2_TREFHTMX,308,0.441889697,0,99.37608507,0.017540441,0.993866437
bg_2_TREFHTMX,309,0.44651212,0,99.37970197,0.017536561,0.993830912
bg_2_TREFHTMX,310,0.454354784,0,99.36885127,0.017536233,0.99397744
bg_2_TREFHTMX,311,0.451365987,0,99.37427662,0.017537219,0.994062211
bg_2_TREFHTMX,312,0.448855623,0,99.43033854,0.017528277,0.993945385
bg_2_TREFHTMX,313,0.44969322,0,99.39416956,0.017530644,0.99376642
bg_2_TREFHTMX,314,0.453226361,0,99.37608507,0.017527422,0.993780814
bg_2_TREFHTMX,315,0.446430152,0,99.41225405,0.017532024,0.993432786
bg_2_TREFHTMX,316,0.440301667,0,99.44480613,0.017538665,0.993432554
bg_2_TREFHTMX,317,0.434525643,0,99.35980903,0.017539586,0.993706836
bg_2_TREFHTMX,318,0.435175618,0,99.37608507,0.01749507,0.993697075
bg_2_TREFHTMX,319,0.440359796,0,99.37608507,0.017535575,0.993847286
bg_2_TREFHTMX,320,0.433828686,0,99.45203993,0.017446079,0.993722805
bg_2_TREFHTMX,321,0.432451772,0,99.36704282,0.017436412,0.993561168
bg_2_TREFHTMX,322,0.429834668,0,99.34353299,0.016938601,0.993327878
bg_2_TREFHTMX,323,0.427123252,0,99.3182147,0.017458179,0.993742415
bg_2_TREFHTMX,324,0.430078762,0,99.36161748,0.01692805,0.993623202
bg_2_TREFHTMX,325,0.433452004,0,99.40140336,0.017313416,0.993534287
bg_2_TREFHTMX,326,0.434180428,0,99.45203993,0.017121429,0.993455244
bg_2_TREFHTMX,327,0.433100002,0,99.4104456,0.017150646,0.993094518
bg_2_TREFHTMX,328,0.433188382,0,99.36523438,0.017496123,0.992975326
bg_2_TREFHTMX,329,0.434032836,0,99.38151042,0.017492177,0.993086528
bg_2_TREFHTMX,330,0.435416585,0,99.41948785,0.016858444,0.993000589
bg_2_TREFHTMX,331,0.427933208,0,99.45203993,0.01693911,0.993163175
bg_2_TREFHTMX,332,0.425482698,0,99.38331887,0.016885207,0.99316323
bg_2_TREFHTMX,333,0.432482323,0,99.38874421,0.016905103,0.993195759
bg_2_TREFHTMX,334,0.436572654,0,99.42310475,0.016891564,0.992927303
bg_2_TREFHTMX,335,0.428248126,0,99.4068287,0.016939364,0.992616384
bg_2_TREFHTMX,336,0.422959648,0,99.33449074,0.016940508,0.99286932
bg_2_TREFHTMX,337,0.414022925,0,99.28566262,0.016919787,0.992730138
bg_2_TREFHTMX,338,0.414749809,0,99.28747106,0.017338347,0.992757772
bg_2_TREFHTMX,339,0.420344127,0,99.38331887,0.017293418,0.99282937
bg_2_TREFHTMX,340,0.423320939,0,99.42491319,0.017423916,0.992608871
bg_2_TREFHTMX,341,0.423029776,0,99.40502025,0.017287827,0.992695929
bg_2_TREFHTMX,342,0.419894709,0,99.39236111,0.017468833,0.992906591
bg_2_TREFHTMX,343,0.424910009,0,99.42853009,0.017500462,0.992921311
bg_2_TREFHTMX,344,0.420295775,0,99.37789352,0.017336373,0.99307839
bg_2_TREFHTMX,345,0.416751922,0,99.30374711,0.017478697,0.993422172
bg_2_TREFHTMX,346,0.42441221,0,99.34353299,0.017378601,0.993532241
bg_2_TREFHTMX,347,0.425169772,0,99.3254485,0.017494413,0.993114033
bg_2_TREFHTMX,348,0.423083373,0,99.37789352,0.017751597,0.992848571
bg_2_TREFHTMX,349,0.428017842,0,99.38331887,0.01770034,0.992660364
bg_2_TREFHTMX,350,0.422279172,0,99.33629919,0.017452918,0.992942115
bg_2_TREFHTMX,351,0.421752196,0,99.30555556,0.017505657,0.993137491
bg_2_TREFHTMX,352,0.423169623,0,99.43757234,0.017496254,0.992918579
bg_2_TREFHTMX,353,0.430757784,0,99.37789352,0.017442331,0.992805673
bg_2_TREFHTMX,354,0.426166422,0,99.39597801,0.01744358,0.992782732
bg_2_TREFHTMX,355,0.425655678,0,99.37608507,0.017204339,0.993283226
bg_2_TREFHTMX,356,0.431135896,0,99.35800058,0.017168939,0.993396642
bg_2_TREFHTMX,357,0.422622625,0,99.39959491,0.017131168,0.993260488
bg_2_TREFHTMX,358,0.425829774,0,99.40321181,0.016947564,0.993518727
bg_2_TREFHTMX,359,0.428389711,0,99.43214699,0.017183152,0.99353728
bg_2_TREFHTMX,360,0.423121922,0,99.44842303,0.017444895,0.993566563
bg_2_TREFHTMX,361,0.425184622,0,99.4104456,0.017521899,0.993457393
bg_2_TREFHTMX,362,0.421182071,0,99.38874421,0.017480078,0.9932632
bg_2_TREFHTMX,363,0.416643202,0,99.39959491,0.017490665,0.993168407
bg_2_TREFHTMX,364,0.417820847,0,99.37970197,0.017536956,0.993300411
bg_2_TREFHTMX,365,0.419146786,0,99.36885127,0.017488297,0.993373458
bg_2_TREFHTMX,366,0.413586809,0,99.43576389,0.017053577,0.993348941
bg_2_TREFHTMX,367,0.41637028,0,99.43214699,0.017510983,0.993139769
bg_2_TREFHTMX,368,0.427109289,0,99.38151042,0.017507498,0.993317849
bg_2_TREFHTMX,369,0.428895333,0,99.37608507,0.017448644,0.993264463
bg_2_TREFHTMX,370,0.423824432,0,99.38693576,0.017397609,0.993786681
bg_2_TREFHTMX,371,0.429521232,0,99.3254485,0.017442857,0.993978796
bg_2_TREFHTMX,372,0.429977433,0,99.44480613,0.017170848,0.993763297
bg_2_TREFHTMX,373,0.42409423,0,99.38874421,0.01744187,0.99368006
bg_2_TREFHTMX,374,0.424219101,0,99.38693576,0.017511378,0.993333084
bg_2_TREFHTMX,375,0.418910341,0,99.44118924,0.017199996,0.993364298
bg_2_TREFHTMX,376,0.425297423,0,99.38151042,0.017487114,0.993662051
bg_2_TREFHTMX,377,0.435491526,0,99.40863715,0.017442067,0.993630637
bg_2_TREFHTMX,378,0.434692579,0,99.38512731,0.017513285,0.993578425
bg_2_TREFHTMX,379,0.437150413,0,99.4176794,0.017057592,0.99380207
bg_2_TREFHTMX,380,0.427585466,0,99.4212963,0.017315587,0.993698784
bg_2_TREFHTMX,381,0.427880539,0,99.34714988,0.017288682,0.993724878
bg_2_TREFHTMX,382,0.429842891,0,99.34172454,0.017342491,0.993979412
bg_2_TREFHTMX,383,0.429544594,0,99.39778646,0.017780017,0.994121221
bg_2_TREFHTMX,384,0.43204404,0,99.41948785,0.018117326,0.994063188
bg_2_TREFHTMX,385,0.433777004,0,99.47193287,0.017704703,0.993914801
bg_2_TREFHTMX,386,0.440565921,0,99.37065972,0.017503816,0.993971824
bg_2_TREFHTMX,387,0.441745898,0,99.35980903,0.017462322,0.993880593
bg_2_TREFHTMX,388,0.44120141,0,99.33629919,0.017537153,0.993812537
bg_2_TREFHTMX,389,0.441876245,0,99.30374711,0.017533537,0.993914923
bg_2_TREFHTMX,390,0.438040292,0,99.41948785,0.017451406,0.993746864
bg_2_TREFHTMX,391,0.430667708,0,99.35800058,0.017406817,0.993896271
bg_2_TREFHTMX,392,0.426998746,0,99.15726273,0.017513548,0.994326926
bg_2_TREFHTMX,393,0.430601631,0,99.42310475,0.017415827,0.994113097
bg_2_TREFHTMX,394,0.432309399,0,99.37427662,0.01746515,0.993977811
bg_2_TREFHTMX,395,0.435376494,0,99.38693576,0.016942479,0.993814494
bg_2_TREFHTMX,396,0.428826271,0,99.36704282,0.017025407,0.993877675
bg_2_TREFHTMX,397,0.425800387,0,99.41587095,0.017495136,0.993737473
bg_2_TREFHTMX,398,0.423040964,0,99.38874421,0.017539783,0.993580464
bg_2_TREFHTMX,399,0.433707683,0,99.43395544,0.017473765,0.993571793
bg_2_TREFHTMX,400,0.441463857,0,99.38512731,0.017473041,0.993642634
bg_2_TREFHTMX,401,0.445248617,0,99.26576968,0.016948581,0.993926752
bg_2_TREFHTMX,402,0.439293626,0,99.37246817,0.017456207,0.993714467
bg_2_TREFHTMX,403,0.442353771,0,99.43757234,0.017336242,0.993890952
bg_2_TREFHTMX,404,0.435534932,0,99.43757234,0.01753643,0.993897369
bg_2_TREFHTMX,405,0.435944833,0,99.43576389,0.017485141,0.993990884
bg_2_TREFHTMX,406,0.438813399,0,99.42491319,0.017445224,0.993965809
bg_2_TREFHTMX,407,0.436638859,0,99.36523438,0.017518677,0.994317153
bg_2_TREFHTMX,408,0.439858878,0,99.42672164,0.017525449,0.994259493
bg_2_TREFHTMX,409,0.44624301,0,99.45203993,0.017480406,0.994382222
bg_2_TREFHTMX,410,0.444207042,0,99.43214699,0.017297102,0.993904654
bg_2_TREFHTMX,411,0.439673905,0,99.39416956,0.01694661,0.99373123
bg_2_TREFHTMX,412,0.439086311,0,99.36342593,0.017415761,0.993374149
bg_2_TREFHTMX,413,0.433827647,0,99.38874421,0.017501449,0.993458703
bg_2_TREFHTMX,414,0.433671478,0,99.36523438,0.016922647,0.993360992
bg_2_TREFHTMX,415,0.443900246,0,99.36885127,0.016932309,0.993770945
bg_2_TREFHTMX,416,0.439858951,0,99.34534144,0.0174397,0.993929736
bg_2_TREFHTMX,417,0.441417022,0,99.42672164,0.017509866,0.993871472
bg_2_TREFHTMX,418,0.442431916,0,99.40863715,0.01751723,0.993961343
bg_2_TREFHTMX,419,0.44178405,0,99.37970197,0.017025407,0.994077457
bg_2_TREFHTMX,420,0.443765644,0,99.44480613,0.017513679,0.994142789
bg_2_TREFHTMX,421,0.451002917,0,99.42310475,0.018169492,0.994121715
bg_2_TREFHTMX,422,0.455587641,0,99.36523438,0.018139869,0.994547074
bg_2_TREFHTMX,423,0.454077297,0,99.41225405,0.018162546,0.994606523
bg_2_TREFHTMX,424,0.457793168,0,99.40140336,0.017666121,0.994895388
bg_2_TREFHTMX,425,0.458129674,0,99.36161748,0.017967742,0.994905876
bg_2_TREFHTMX,426,0.457641593,0,99.37970197,0.018174532,0.994906622
bg_2_TREFHTMX,427,0.466555418,0,99.34353299,0.018112082,0.994887044
bg_2_TREFHTMX,428,0.459986868,0,99.4212963,0.018178413,0.99492065
bg_2_TREFHTMX,429,0.447577993,0,99.39778646,0.018047376,0.994669373
bg_2_TREFHTMX,430,0.441778676,0,99.35619213,0.018160912,0.994532714
bg_2_TREFHTMX,431,0.447797582,0,99.33449074,0.018162955,0.994869322
bg_2_TREFHTMX,432,0.446815963,0,99.37427662,0.018152467,0.994795354
bg_2_TREFHTMX,433,0.448436248,0,99.34172454,0.018168062,0.994927561
bg_2_TREFHTMX,434,0.443351056,0,99.44118924,0.018165883,0.995024366
bg_2_TREFHTMX,435,0.450272792,0,99.43395544,0.018169629,0.994923192
bg_2_TREFHTMX,436,0.452298601,0,99.37608507,0.018145044,0.994668306
bg_2_TREFHTMX,437,0.457513832,0,99.37970197,0.018174532,0.994228536
bg_2_TREFHTMX,438,0.46327314,0,99.43214699,0.018075371,0.994166978
bg_2_TREFHTMX,439,0.455394026,0,99.40502025,0.017777836,0.994277073
bg_2_TREFHTMX,440,0.45496106,0,99.42672164,0.018022922,0.994373392
bg_2_TREFHTMX,441,0.449203895,0,99.4212963,0.017540375,0.994383393
bg_2_TREFHTMX,442,0.45377463,0,99.39055266,0.017903086,0.994487744
bg_2_TREFHTMX,443,0.449719171,0,99.43576389,0.017849256,0.994631029
bg_2_TREFHTMX,444,0.451561887,0,99.49725116,0.017915963,0.994541425
bg_2_TREFHTMX,445,0.437670256,0,99.43395544,0.01817855,0.994470539
bg_2_TREFHTMX,446,0.443676584,0,99.37246817,0.018173646,0.994522031
bg_2_TREFHTMX,447,0.448237338,0,99.44480613,0.018166632,0.994599052
bg_2_TREFHTMX,448,0.451512026,0,99.44299769,0.018174464,0.994578704
bg_2_TREFHTMX,449,0.446875551,0,99.4176794,0.018180524,0.994735613
bg_2_TREFHTMX,450,0.451958624,0,99.41587095,0.018141094,0.994545011
bg_2_TREFHTMX,451,0.461509661,0,99.43938079,0.018160095,0.994603159
bg_2_TREFHTMX,452,0.459734542,0,99.34534144,0.018141094,0.994979824
bg_2_TREFHTMX,453,0.457356078,0,99.40321181,0.018159005,0.994960627
bg_2_TREFHTMX,454,0.44986613,0,99.43395544,0.018180592,0.994744491
bg_2_TREFHTMX,455,0.454132497,0,99.42310475,0.01817065,0.994600548
bg_2_TREFHTMX,456,0.453695245,0,99.42672164,0.018398518,0.994520173
bg_2_TREFHTMX,457,0.447358501,0,99.43214699,0.018164862,0.994394455
bg_2_TREFHTMX,458,0.444647742,0,99.32364005,0.018176915,0.994424418
bg_2_TREFHTMX,459,0.449349821,0,99.44299769,0.01814055,0.994323152
bg_2_TREFHTMX,460,0.446654739,0,99.35800058,0.018344724,0.994461915
bg_2_TREFHTMX,461,0.44987599,0,99.45927373,0.018765942,0.9947545
bg_2_TREFHTMX,462,0.451625691,0,99.45023148,0.018738113,0.994439914
bg_2_TREFHTMX,463,0.450551528,0,99.38693576,0.018846809,0.994480505
bg_2_TREFHTMX,464,0.450128368,0,99.41225405,0.018799562,0.994743916
bg_2_TREFHTMX,465,0.447011348,0,99.36523438,0.018736417,0.994794835
bg_2_TREFHTMX,466,0.450634114,0,99.38874421,0.018807755,0.994731927
bg_2_TREFHTMX,467,0.453423613,0,99.44661458,0.018696153,0.994300053
bg_2_TREFHTMX,468,0.452632297,0,99.41225405,0.018555838,0.994165982
bg_2_TREFHTMX,469,0.440949507,0,99.36704282,0.018177256,0.994167465
bg_2_TREFHTMX,470,0.442956987,0,99.42853009,0.018785931,0.994333385
bg_2_TREFHTMX,471,0.456403103,0,99.4068287,0.018724946,0.994630843
bg_2_TREFHTMX,472,0.460142865,0,99.48278356,0.019347741,0.994675955
bg_2_TREFHTMX,473,0.455400511,0,99.45927373,0.018852388,0.994483015
bg_2_TREFHTMX,474,0.447381354,0,99.49001736,0.018503403,0.994600832
bg_2_TREFHTMX,475,0.44888428,0,99.39416956,0.01927708,0.994547757
bg_2_TREFHTMX,476,0.451891105,0,99.42310475,0.018241643,0.994820202
bg_2_TREFHTMX,477,0.454947151,0,99.44299769,0.018407919,0.99470853
bg_2_TREFHTMX,478,0.45579867,0,99.40140336,0.018769333,0.994789024
bg_2_TREFHTMX,479,0.453772292,0,99.45746528,0.018231673,0.994641084
bg_2_TREFHTMX,480,0.448236853,0,99.18619792,0.018846668,0.994896904
bg_2_TREFHTMX,481,0.452100894,0,99.4104456,0.018858462,0.9947277
bg_2_TREFHTMX,482,0.453788379,0,99.47554977,0.018569405,0.994639783
bg_2_TREFHTMX,483,0.461331163,0,99.38874421,0.01892994,0.994670716
bg_2_TREFHTMX,484,0.451183536,0,99.34353299,0.018683861,0.994491973
bg_2_TREFHTMX,485,0.45001928,0,99.43757234,0.018424247,0.994667147
bg_2_TREFHTMX,486,0.44577753,0,99.37065972,0.018179299,0.994751207
bg_2_TREFHTMX,487,0.442826228,0,99.40502025,0.018866159,0.994704225
bg_2_TREFHTMX,488,0.444459848,0,99.40140336,0.018864252,0.994747395
bg_2_TREFHTMX,489,0.443044608,0,99.43938079,0.018863334,0.994878536
bg_2_TREFHTMX,490,0.44469447,0,99.43757234,0.018837346,0.994883576
bg_2_TREFHTMX,491,0.445259219,0,99.33810764,0.019119433,0.994768591
bg_2_TREFHTMX,492,0.43904533,0,99.45023148,0.01878247,0.994490817
bg_2_TREFHTMX,493,0.443213773,0,99.43395544,0.018826612,0.994574768
bg_2_TREFHTMX,494,0.44054789,0,99.33449074,0.018552163,0.994563794
bg_2_TREFHTMX,495,0.44364124,0,99.41587095,0.018633489,0.994420545
bg_2_TREFHTMX,496,0.445920044,0,99.38151042,0.018762693,0.994225929
bg_2_TREFHTMX,497,0.445666162,0,99.40502025,0.018846809,0.994156398
bg_2_TREFHTMX,498,0.441081565,0,99.42310475,0.018278011,0.993909037
bg_2_TREFHTMX,499,0.440897073,0,99.45927373,0.019423013,0.993871022
bg_2_TREFHTMX,500,0.44340586,0,99.48820891,0.018813682,0.99407897
bg_2_TREFHTMX,501,0.440610278,0,99.41587095,0.018849422,0.9945191
bg_2_TREFHTMX,502,0.443235715,0,99.38331887,0.018811639,0.994506626
bg_2_TREFHTMX,503,0.446155848,0,99.37246817,0.018855849,0.994293846
bg_2_TREFHTMX,504,0.445353292,0,99.44299769,0.018787485,0.994137665
bg_2_TREFHTMX,505,0.436787478,0,99.46469907,0.018861851,0.993885042
bg_2_TREFHTMX,506,0.435552653,0,99.44842303,0.018831626,0.993802584
bg_2_TREFHTMX,507,0.43688452,0,99.39236111,0.018856414,0.993923556
bg_2_TREFHTMX,508,0.425434137,0,99.44118924,0.018819267,0.994008025
bg_2_TREFHTMX,509,0.443130052,0,99.47554977,0.019366744,0.994124733
bg_2_TREFHTMX,510,0.442691271,0,99.39236111,0.019418172,0.994204762
bg_2_TREFHTMX,511,0.436712324,0,99.42672164,0.018827035,0.994398401
bg_2_TREFHTMX,512,0.440182177,0,99.37065972,0.018904458,0.99453547
bg_2_TREFHTMX,513,0.432255552,0,99.40863715,0.018867571,0.994437411
bg_2_TREFHTMX,514,0.425366937,0,99.39236111,0.019548074,0.994511363
bg_2_TREFHTMX,515,0.421893152,0,99.37608507,0.019469301,0.994564184
bg_2_TREFHTMX,516,0.422118141,0,99.34895833,0.019570956,0.994631562
bg_2_TREFHTMX,517,0.420693645,0,99.39959491,0.019401519,0.994922983
bg_2_TREFHTMX,518,0.413914147,0,99.4140625,0.01959875,0.994738832
bg_2_TREFHTMX,519,0.415665992,0,99.39597801,0.019507589,0.99479348
bg_2_TREFHTMX,520,0.415250783,0,99.43214699,0.019581003,0.994693185
bg_2_TREFHTMX,521,0.411320008,0,99.37970197,0.019434237,0.994575628
bg_2_TREFHTMX,522,0.427077371,0,99.46289063,0.01917896,0.994546082
bg_2_TREFHTMX,523,0.43129374,0,99.39778646,0.018839889,0.99444301
bg_2_TREFHTMX,524,0.424050333,0,99.4140625,0.019169933,0.994263453
bg_2_TREFHTMX,525,0.425416267,0,99.39778646,0.018863617,0.99429728
bg_2_TREFHTMX,526,0.424031277,0,99.41225405,0.018846513,0.994272136
bg_2_TREFHTMX,527,0.416934143,0,99.38512731,0.019131251,0.994351603
bg_2_TREFHTMX,528,0.423991663,0,99.45023148,0.019916712,0.994501983
bg_2_TREFHTMX,529,0.423588242,0,99.42672164,0.018849917,0.994916406
bg_2_TREFHTMX,530,0.42815243,0,99.43033854,0.018859803,0.994814564
bg_2_TREFHTMX,531,0.431110762,0,99.38874421,0.018867148,0.994867585
bg_2_TREFHTMX,532,0.427053587,0,99.43395544,0.018866724,0.995167926
bg_2_TREFHTMX,533,0.429289597,0,99.36523438,0.018838123,0.995021465
bg_2_TREFHTMX,534,0.428756903,0,99.39778646,0.019418245,0.99484529
bg_2_TREFHTMX,535,0.432923349,0,99.43395544,0.019506049,0.994884525
bg_2_TREFHTMX,536,0.428899194,0,99.37970197,0.020169252,0.994893236
bg_2_TREFHTMX,537,0.437234837,0,99.43757234,0.018833603,0.994933731
bg_2_TREFHTMX,538,0.437915061,0,99.37427662,0.018987875,0.995091755
bg_2_TREFHTMX,539,0.437688243,0,99.30013021,0.018860298,0.99486367
bg_2_TREFHTMX,540,0.431507111,0,99.44480613,0.019310541,0.994534255
bg_2_TREFHTMX,541,0.425787149,0,99.38331887,0.01951111,0.994807046
bg_2_TREFHTMX,542,0.428007377,0,99.38512731,0.018731402,0.995000024
bg_2_TREFHTMX,543,0.437112289,0,99.39959491,0.018848081,0.995146234
bg_2_TREFHTMX,544,0.440292073,0,99.43033854,0.018866653,0.995092251
bg_2_TREFHTMX,545,0.438769332,0,99.39959491,0.018866442,0.995157981
bg_2_TREFHTMX,546,0.440143388,0,99.43757234,0.018961441,0.995313671
bg_2_TREFHTMX,547,0.440074837,0,99.39055266,0.019742015,0.995317275
bg_2_TREFHTMX,548,0.438143955,0,99.42491319,0.019545141,0.99517808
bg_2_TREFHTMX,549,0.437504001,0,99.39778646,0.01948221,0.995104408
bg_2_TREFHTMX,550,0.434929682,0,99.41587095,0.019552108,0.995138083
bg_2_TREFHTMX,551,0.434257452,0,99.43938079,0.018867151,0.995116842
bg_2_TREFHTMX,552,0.432975058,0,99.42853009,0.018888742,0.99503845
bg_2_TREFHTMX,553,0.428356388,0,99.35800058,0.019290656,0.994702839
bg_2_TREFHTMX,554,0.424557302,0,99.44480613,0.018957036,0.994640001
bg_2_TREFHTMX,555,0.429573857,0,99.38693576,0.018836711,0.994803494
bg_2_TREFHTMX,556,0.434827785,0,99.33991609,0.018859097,0.994947982
bg_2_TREFHTMX,557,0.438198901,0,99.39055266,0.018848716,0.994779687
bg_2_TREFHTMX,558,0.445337231,0,99.46469907,0.018850199,0.994603476
bg_2_TREFHTMX,559,0.439286921,0,99.3109809,0.018847233,0.994880386
bg_2_TREFHTMX,560,0.43443865,0,99.38151042,0.019420446,0.994954021
bg_2_TREFHTMX,561,0.435137145,0,99.35076678,0.019460425,0.995078736
bg_2_TREFHTMX,562,0.437561679,0,99.47012442,0.019142775,0.99503584
bg_2_TREFHTMX,563,0.441084836,0,99.43938079,0.019578583,0.995205607
bg_2_TREFHTMX,564,0.438361175,0,99.43395544,0.01960249,0.995244824
bg_2_TREFHTMX,565,0.4410102,0,99.44118924,0.019278621,0.995050668
bg_2_TREFHTMX,566,0.439351213,0,99.40321181,0.0189552,0.994961634
bg_2_TREFHTMX,567,0.444144861,0,99.40502025,0.018946829,0.994928942
bg_2_TREFHTMX,568,0.441818079,0,99.36704282,0.019645635,0.99488898
bg_2_TREFHTMX,569,0.442227217,0,99.43938079,0.019293738,0.994846123
bg_2_TREFHTMX,570,0.441263361,0,99.37246817,0.018855284,0.994661123
bg_2_TREFHTMX,571,0.435015602,0,99.36523438,0.018779009,0.994499238
bg_2_TREFHTMX,572,0.430898945,0,99.45927373,0.018731967,0.994460875
bg_2_TREFHTMX,573,0.43290508,0,99.37970197,0.018818843,0.994777094
bg_2_TREFHTMX,574,0.43356512,0,99.36523438,0.019423087,0.994910857
bg_2_TREFHTMX,575,0.438114399,0,99.41948785,0.019504068,0.995016412
bg_2_TREFHTMX,576,0.439183215,0,99.44299769,0.019547928,0.995134257
bg_2_TREFHTMX,577,0.43616863,0,99.36342593,0.01886623,0.995019897
bg_2_TREFHTMX,578,0.433281919,0,99.39416956,0.018859097,0.995176019
bg_2_TREFHTMX,579,0.431085195,0,99.39055266,0.018863899,0.995253932
bg_2_TREFHTMX,580,0.43600162,0,99.37065972,0.01949578,0.99511288
bg_2_TREFHTMX,581,0.42572318,0,99.35800058,0.018829225,0.99478856
bg_2_TREFHTMX,582,0.431119406,0,99.44118924,0.01959655,0.99463085
