set,time,ssim_fp,ks_p_value,spatial_rel_error,max_spatial_rel_error,pearson_correlation_coefficient
bg_2_TREFHT,0,0.433935833,0,99.34172454,0.017509471,0.994026069
bg_2_TREFHT,1,0.410851939,0,99.40321181,0.01752032,0.993731213
bg_2_TREFHT,2,0.413509104,0,99.37427662,0.017535575,0.993831252
bg_2_TREFHT,3,0.411845581,0,99.32725694,0.017486917,0.993832628
bg_2_TREFHT,4,0.416611253,0,99.26938657,0.017419181,0.994064238
bg_2_TREFHT,5,0.416042719,0,99.3254485,0.017538008,0.993915685
bg_2_TREFHT,6,0.417271642,0,99.38693576,0.017529789,0.993853705
bg_2_TREFHT,7,0.422876839,0,99.35257523,0.017662303,0.993858047
bg_2_TREFHT,8,0.421611282,0,99.38331887,0.017528211,0.994013615
bg_2_TREFHT,9,0.419277969,0,99.4068287,0.017531893,0.994040403
bg_2_TREFHT,10,0.42179254,0,99.30917245,0.017472384,0.9940823
bg_2_TREFHT,11,0.416855025,0,99.26757813,0.017488626,0.994308706
bg_2_TREFHT,12,0.416123049,0,99.33268229,0.017350252,0.994553499
bg_2_TREFHT,13,0.418129154,0,99.32725694,0.017682754,0.994467505
bg_2_TREFHT,14,0.420986491,0,99.30555556,0.018080139,0.994519352
bg_2_TREFHT,15,0.424408358,0,99.43033854,0.017509011,0.994356082
bg_2_TREFHT,16,0.425700222,0,99.4068287,0.017996491,0.994155337
bg_2_TREFHT,17,0.428819561,0,99.38151042,0.018072578,0.994109117
bg_2_TREFHT,18,0.426450066,0,99.37246817,0.018068968,0.994276049
bg_2_TREFHT,19,0.418475289,0,99.43214699,0.017800054,0.994458693
bg_2_TREFHT,20,0.422427137,0,99.38512731,0.017535707,0.994614658
bg_2_TREFHT,21,0.422916491,0,99.28204572,0.017511181,0.994736784
bg_2_TREFHT,22,0.41989833,0,99.37427662,0.01803893,0.994704751
bg_2_TREFHT,23,0.422289489,0,99.39597801,0.018123728,0.994593116
bg_2_TREFHT,24,0.426523577,0,99.39959491,0.018060182,0.994541168
bg_2_TREFHT,25,0.436734783,0,99.39959491,0.018096213,0.994343338
bg_2_TREFHT,26,0.43329204,0,99.37246817,0.01790002,0.994074004
bg_2_TREFHT,27,0.427879546,0,99.27300347,0.018181342,0.994200974
bg_2_TREFHT,28,0.425782855,0,99.44661458,0.017950642,0.994127277
bg_2_TREFHT,29,0.416155587,0,99.39055266,0.017536035,0.994293012
bg_2_TREFHT,30,0.413743311,0,99.36704282,0.017529723,0.994386459
bg_2_TREFHT,31,0.415936969,0,99.37970197,0.01750855,0.994335591
bg_2_TREFHT,32,0.420179527,0,99.39778646,0.017519794,0.994325904
bg_2_TREFHT,33,0.418190148,0,99.28566262,0.017456009,0.994332754
bg_2_TREFHT,34,0.419039829,0,99.37970197,0.017539849,0.99418987
bg_2_TREFHT,35,0.421216673,0,99.40140336,0.017519926,0.994376502
bg_2_TREFHT,36,0.420762852,0,99.34353299,0.017485404,0.994205139
bg_2_TREFHT,37,0.42305987,0,99.39055266,0.017529592,0.99408524
bg_2_TREFHT,38,0.423851598,0,99.40321181,0.016937775,0.994171666
bg_2_TREFHT,39,0.422156176,0,99.40321181,0.017523674,0.994323893
bg_2_TREFHT,40,0.415415689,0,99.39778646,0.017508616,0.994443709
bg_2_TREFHT,41,0.419186769,0,99.38151042,0.017394386,0.994557074
bg_2_TREFHT,42,0.414675016,0,99.38151042,0.017505394,0.994783151
bg_2_TREFHT,43,0.412452939,0,99.35980903,0.017494544,0.994916494
bg_2_TREFHT,44,0.414865274,0,99.36342593,0.016944258,0.994730225
bg_2_TREFHT,45,0.426429256,0,99.32906539,0.016937203,0.994615603
bg_2_TREFHT,46,0.418728556,0,99.45203993,0.017520518,0.994419797
bg_2_TREFHT,47,0.416916002,0,99.37789352,0.017537416,0.994768093
bg_2_TREFHT,48,0.41856838,0,99.36885127,0.017514074,0.994764812
bg_2_TREFHT,49,0.420536969,0,99.40321181,0.017540704,0.994970348
bg_2_TREFHT,50,0.418162722,0,99.44480613,0.017534392,0.994945746
bg_2_TREFHT,51,0.420359835,0,99.45927373,0.017534063,0.99481875
bg_2_TREFHT,52,0.416098356,0,99.40140336,0.017532879,0.994929958
bg_2_TREFHT,53,0.412759158,0,99.29108796,0.017537811,0.994903109
bg_2_TREFHT,54,0.414841527,0,99.39236111,0.017541098,0.994825805
bg_2_TREFHT,55,0.421226803,0,99.4140625,0.017819544,0.99460287
bg_2_TREFHT,56,0.421445312,0,99.43214699,0.018010456,0.994471091
bg_2_TREFHT,57,0.417807603,0,99.35800058,0.017643625,0.994659656
bg_2_TREFHT,58,0.411183251,0,99.45203993,0.01796311,0.994561273
bg_2_TREFHT,59,0.41925733,0,99.38512731,0.018178005,0.994460226
bg_2_TREFHT,60,0.422312174,0,99.40140336,0.017531301,0.994205198
bg_2_TREFHT,61,0.426484516,0,99.35619213,0.017540178,0.994487656
bg_2_TREFHT,62,0.433853364,0,99.40321181,0.018133807,0.994669402
bg_2_TREFHT,63,0.426837384,0,99.43214699,0.01817351,0.994609761
bg_2_TREFHT,64,0.420328045,0,99.35980903,0.018174804,0.994762549
bg_2_TREFHT,65,0.428672514,0,99.38874421,0.018115283,0.99470992
bg_2_TREFHT,66,0.419711038,0,99.43395544,0.01810711,0.99465912
bg_2_TREFHT,67,0.421612468,0,99.34534144,0.018147156,0.994660185
bg_2_TREFHT,68,0.425232417,0,99.39959491,0.018172557,0.994758465
bg_2_TREFHT,69,0.429026481,0,99.38331887,0.018160912,0.994689563
bg_2_TREFHT,70,0.434365613,0,99.38874421,0.018172965,0.994710161
bg_2_TREFHT,71,0.434370754,0,99.38874421,0.018159209,0.994795872
bg_2_TREFHT,72,0.42076389,0,99.40140336,0.018119574,0.994949267
bg_2_TREFHT,73,0.421690389,0,99.4104456,0.018156622,0.994959484
bg_2_TREFHT,74,0.425351103,0,99.40321181,0.018172693,0.995048671
bg_2_TREFHT,75,0.421182452,0,99.44480613,0.018161184,0.995179674
bg_2_TREFHT,76,0.420930913,0,99.40321181,0.018162751,0.99515315
bg_2_TREFHT,77,0.429488779,0,99.49725116,0.018111128,0.995087699
bg_2_TREFHT,78,0.43331949,0,99.35076678,0.018140822,0.995259625
bg_2_TREFHT,79,0.441031032,0,99.42853009,0.018173442,0.99510448
bg_2_TREFHT,80,0.434135129,0,99.46831597,0.018180729,0.995056408
bg_2_TREFHT,81,0.434367088,0,99.43938079,0.018848787,0.995002785
bg_2_TREFHT,82,0.437382223,0,99.42853009,0.018792711,0.995055734
bg_2_TREFHT,83,0.432872262,0,99.38151042,0.018262148,0.99506357
bg_2_TREFHT,84,0.42676151,0,99.40140336,0.018171127,0.995008095
bg_2_TREFHT,85,0.427085043,0,99.39778646,0.018155192,0.994916038
bg_2_TREFHT,86,0.429176214,0,99.33810764,0.018832897,0.994932653
bg_2_TREFHT,87,0.427934596,0,99.42853009,0.018699332,0.994767448
bg_2_TREFHT,88,0.422092314,0,99.36704282,0.018691844,0.994709146
bg_2_TREFHT,89,0.427729267,0,99.41587095,0.01818175,0.99459968
bg_2_TREFHT,90,0.431319836,0,99.43757234,0.018168267,0.994468498
bg_2_TREFHT,91,0.424351494,0,99.46108218,0.019444434,0.994721935
bg_2_TREFHT,92,0.429725602,0,99.45384838,0.018234502,0.994778088
bg_2_TREFHT,93,0.437578782,0,99.4068287,0.018755771,0.994861781
bg_2_TREFHT,94,0.43702471,0,99.36523438,0.018614201,0.994788522
bg_2_TREFHT,95,0.434657783,0,99.35438368,0.018688877,0.994640058
bg_2_TREFHT,96,0.428523689,0,99.47374132,0.018764954,0.994663849
bg_2_TREFHT,97,0.429387569,0,99.43576389,0.018841019,0.994592906
bg_2_TREFHT,98,0.434579743,0,99.46650752,0.018737336,0.994750382
bg_2_TREFHT,99,0.430842094,0,99.41587095,0.018864252,0.994970434
bg_2_TREFHT,100,0.426607845,0,99.4176794,0.01882986,0.994875398
bg_2_TREFHT,101,0.431996101,0,99.45023148,0.018802175,0.994680695
bg_2_TREFHT,102,0.427721846,0,99.37427662,0.018864817,0.994667597
bg_2_TREFHT,103,0.428724551,0,99.43214699,0.018837558,0.994699287
bg_2_TREFHT,104,0.42000008,0,99.34353299,0.018855213,0.99484876
bg_2_TREFHT,105,0.422493261,0,99.33810764,0.018754994,0.99490857
bg_2_TREFHT,106,0.422778236,0,99.40140336,0.018812134,0.994791115
bg_2_TREFHT,107,0.431504112,0,99.38151042,0.018850058,0.994949314
bg_2_TREFHT,108,0.425114904,0,99.38693576,0.018861922,0.994688603
bg_2_TREFHT,109,0.427728583,0,99.43576389,0.019293664,0.994644767
bg_2_TREFHT,110,0.4242203,0,99.47735822,0.018972333,0.994640842
bg_2_TREFHT,111,0.426933743,0,99.39959491,0.019814866,0.994633661
bg_2_TREFHT,112,0.432797414,0,99.48097512,0.018844903,0.994562052
bg_2_TREFHT,113,0.429771554,0,99.37065972,0.018867007,0.99448558
bg_2_TREFHT,114,0.42783948,0,99.41587095,0.020280179,0.994614646
bg_2_TREFHT,115,0.423330241,0,99.45565683,0.018977522,0.994790892
bg_2_TREFHT,116,0.429247453,0,99.39236111,0.01941487,0.994840378
bg_2_TREFHT,117,0.432958817,0,99.48640046,0.019031487,0.994754027
bg_2_TREFHT,118,0.429772027,0,99.46831597,0.018867518,0.99460433
bg_2_TREFHT,119,0.425232577,0,99.46469907,0.01882301,0.994681402
bg_2_TREFHT,120,0.424286087,0,99.44480613,0.019462846,0.99464611
bg_2_TREFHT,121,0.425019395,0,99.4140625,0.019234811,0.994083657
bg_2_TREFHT,122,0.425622149,0,99.40502025,0.019176538,0.993712685
bg_2_TREFHT,123,0.427878965,0,99.41948785,0.018140822,0.99358219
bg_2_TREFHT,124,0.414308597,0,99.39778646,0.018771452,0.993470534
bg_2_TREFHT,125,0.412270895,0,99.42853009,0.019248168,0.993608122
bg_2_TREFHT,126,0.411848389,0,99.37789352,0.018755065,0.993671751
bg_2_TREFHT,127,0.421280547,0,99.43214699,0.018668814,0.994005382
bg_2_TREFHT,128,0.418961111,0,99.37608507,0.018817854,0.994098091
bg_2_TREFHT,129,0.419791813,0,99.37608507,0.018673547,0.994098668
bg_2_TREFHT,130,0.423239072,0,99.37246817,0.019768822,0.994007307
bg_2_TREFHT,131,0.413813291,0,99.37970197,0.018847321,0.994155753
bg_2_TREFHT,132,0.406542773,0,99.37789352,0.018834874,0.994386872
bg_2_TREFHT,133,0.412976253,0,99.37246817,0.018831273,0.994481686
bg_2_TREFHT,134,0.415075441,0,99.4176794,0.019333727,0.994310709
bg_2_TREFHT,135,0.41886415,0,99.42853009,0.01877682,0.994090625
bg_2_TREFHT,136,0.40600095,0,99.35980903,0.019377082,0.993989827
bg_2_TREFHT,137,0.410591314,0,99.43214699,0.018821456,0.993592304
bg_2_TREFHT,138,0.415550244,0,99.4212963,0.019779665,0.993223395
bg_2_TREFHT,139,0.413838094,0,99.45023148,0.018113929,0.993137881
bg_2_TREFHT,140,0.419551694,0,99.34172454,0.018519657,0.993417453
bg_2_TREFHT,141,0.411558295,0,99.4104456,0.018741927,0.993355441
bg_2_TREFHT,142,0.410332595,0,99.307364,0.018781057,0.993491792
bg_2_TREFHT,143,0.41441639,0,99.37970197,0.018726121,0.993743844
bg_2_TREFHT,144,0.419112401,0,99.35438368,0.01884003,0.994122318
bg_2_TREFHT,145,0.422979721,0,99.34353299,0.019545874,0.994348497
bg_2_TREFHT,146,0.423211345,0,99.4176794,0.019472308,0.994207351
bg_2_TREFHT,147,0.421046979,0,99.4104456,0.018864111,0.994218284
bg_2_TREFHT,148,0.419062352,0,99.33087384,0.01953612,0.994359754
bg_2_TREFHT,149,0.41428766,0,99.35619213,0.019168832,0.994451469
bg_2_TREFHT,150,0.415118429,0,99.40863715,0.019601537,0.994551693
bg_2_TREFHT,151,0.417208454,0,99.38151042,0.019451589,0.994580036
bg_2_TREFHT,152,0.415017265,0,99.36704282,0.019733694,0.994304442
bg_2_TREFHT,153,0.409798412,0,99.35257523,0.019162887,0.994360005
bg_2_TREFHT,154,0.41223803,0,99.34714988,0.019157969,0.994576995
bg_2_TREFHT,155,0.414670296,0,99.47374132,0.018862981,0.994324465
bg_2_TREFHT,156,0.418414158,0,99.42672164,0.018817995,0.994302455
bg_2_TREFHT,157,0.41279701,0,99.42310475,0.019593543,0.994090019
bg_2_TREFHT,158,0.417665612,0,99.36704282,0.018838476,0.993924574
bg_2_TREFHT,159,0.410308614,0,99.37789352,0.018838547,0.993530911
bg_2_TREFHT,160,0.408909606,0,99.35076678,0.019489472,0.993998895
bg_2_TREFHT,161,0.406581538,0,99.27119502,0.019333801,0.994297236
bg_2_TREFHT,162,0.406135988,0,99.33449074,0.019208541,0.994462166
bg_2_TREFHT,163,0.40362688,0,99.37246817,0.019431569,0.994524188
bg_2_TREFHT,164,0.407158938,0,99.31640625,0.019387946,0.994399854
bg_2_TREFHT,165,0.403927637,0,99.33268229,0.018805919,0.994408793
bg_2_TREFHT,166,0.409062386,0,99.40140336,0.019335048,0.99424387
bg_2_TREFHT,167,0.408206904,0,99.38693576,0.019129636,0.99400038
bg_2_TREFHT,168,0.410103974,0,99.39959491,0.018977595,0.99432715
bg_2_TREFHT,169,0.415498298,0,99.3254485,0.019334284,0.994457867
bg_2_TREFHT,170,0.415304238,0,99.32364005,0.019508469,0.994504711
bg_2_TREFHT,171,0.417326745,0,99.33268229,0.019560615,0.994549594
bg_2_TREFHT,172,0.41663022,0,99.3182147,0.018799774,0.994774591
bg_2_TREFHT,173,0.428257037,0,99.39597801,0.01959083,0.994758177
bg_2_TREFHT,174,0.425278293,0,99.37789352,0.019396897,0.994906301
bg_2_TREFHT,175,0.432432416,0,99.34353299,0.019564576,0.994667193
bg_2_TREFHT,176,0.424429272,0,99.39236111,0.01937254,0.994608767
bg_2_TREFHT,177,0.427040583,0,99.36704282,0.019148354,0.994635347
bg_2_TREFHT,178,0.421159901,0,99.30917245,0.018856343,0.994472021
bg_2_TREFHT,179,0.411340774,0,99.37970197,0.01960095,0.994699681
bg_2_TREFHT,180,0.407685165,0,99.27662037,0.018802034,0.994799675
bg_2_TREFHT,181,0.413456812,0,99.33449074,0.01886051,0.994886946
bg_2_TREFHT,182,0.407002778,0,99.28023727,0.018848293,0.994529425
bg_2_TREFHT,183,0.412555916,0,99.25311053,0.019063129,0.994411301
bg_2_TREFHT,184,0.413719104,0,99.36523438,0.019530032,0.994409145
bg_2_TREFHT,185,0.412872422,0,99.307364,0.019247287,0.994338529
bg_2_TREFHT,186,0.408200014,0,99.32002315,0.018833674,0.994446638
bg_2_TREFHT,187,0.406748385,0,99.3218316,0.018841372,0.994579337
bg_2_TREFHT,188,0.413569628,0,99.29470486,0.018853518,0.994688629
bg_2_TREFHT,189,0.412213887,0,99.31278935,0.01884914,0.994391511
bg_2_TREFHT,190,0.408047293,0,99.307364,0.018864959,0.994578133
bg_2_TREFHT,191,0.406684177,0,99.34534144,0.018856343,0.994721143
bg_2_TREFHT,192,0.407791067,0,99.30555556,0.01954052,0.994833533
bg_2_TREFHT,193,0.406644424,0,99.35076678,0.018852671,0.994757894
bg_2_TREFHT,194,0.404991881,0,99.34714988,0.018783459,0.99470234
bg_2_TREFHT,195,0.408931336,0,99.39778646,0.018906073,0.994630008
bg_2_TREFHT,196,0.404918545,0,99.4068287,0.018855354,0.994513319
bg_2_TREFHT,197,0.415738296,0,99.38874421,0.0194225,0.994687203
bg_2_TREFHT,198,0.4114056,0,99.40321181,0.018846315,0.994902231
bg_2_TREFHT,199,0.40504758,0,99.36342593,0.018937209,0.994967064
bg_2_TREFHT,200,0.411691345,0,99.39055266,0.019126847,0.99505616
bg_2_TREFHT,201,0.411717066,0,99.34714988,0.019544187,0.995172139
bg_2_TREFHT,202,0.412809978,0,99.32725694,0.01957433,0.99521192
bg_2_TREFHT,203,0.412546625,0,99.34714988,0.019265486,0.995053951
bg_2_TREFHT,204,0.409938107,0,99.33810764,0.019280456,0.995175794
bg_2_TREFHT,205,0.407003354,0,99.41225405,0.019558489,0.995205044
bg_2_TREFHT,206,0.407447783,0,99.29832176,0.019794326,0.994857758
bg_2_TREFHT,207,0.417935675,0,99.34895833,0.019411863,0.994904326
bg_2_TREFHT,208,0.409554711,0,99.35800058,0.020059302,0.995001994
bg_2_TREFHT,209,0.407219297,0,99.25672743,0.018980165,0.995073379
bg_2_TREFHT,210,0.406332333,0,99.37970197,0.019904269,0.995028731
bg_2_TREFHT,211,0.406359801,0,99.33629919,0.018984571,0.994868269
bg_2_TREFHT,212,0.407723326,0,99.35438368,0.019039416,0.994832921
bg_2_TREFHT,213,0.406419614,0,99.2259838,0.019493139,0.994935661
bg_2_TREFHT,214,0.408498398,0,99.28927951,0.02005311,0.995070857
bg_2_TREFHT,215,0.409296478,0,99.38331887,0.019549981,0.995088029
bg_2_TREFHT,216,0.411825501,0,99.37246817,0.019316338,0.995019835
bg_2_TREFHT,217,0.408510705,0,99.35257523,0.019596403,0.994993113
bg_2_TREFHT,218,0.407339751,0,99.40502025,0.019999075,0.995102863
bg_2_TREFHT,219,0.406986559,0,99.34714988,0.019485585,0.995164546
bg_2_TREFHT,220,0.403022633,0,99.28566262,0.019510376,0.995018381
bg_2_TREFHT,221,0.40854272,0,99.30013021,0.019441793,0.994925841
bg_2_TREFHT,222,0.408248239,0,99.38151042,0.019603297,0.995019481
bg_2_TREFHT,223,0.411365935,0,99.34172454,0.020248597,0.995026317
bg_2_TREFHT,224,0.416413339,0,99.31278935,0.019279557,0.995111289
bg_2_TREFHT,225,0.40441651,0,99.46650752,0.019480157,0.995041426
bg_2_TREFHT,226,0.400504843,0,99.40140336,0.019736291,0.995057201
bg_2_TREFHT,227,0.413284881,0,99.38331887,0.020408011,0.994872783
bg_2_TREFHT,228,0.405651922,0,99.37427662,0.019519031,0.994881695
bg_2_TREFHT,229,0.40599293,0,99.37065972,0.020265609,0.99499561
bg_2_TREFHT,230,0.411913607,0,99.33991609,0.01957675,0.994897139
bg_2_TREFHT,231,0.417619943,0,99.35800058,0.01957543,0.994981784
bg_2_TREFHT,232,0.41973591,0,99.20970775,0.020348675,0.995178272
bg_2_TREFHT,233,0.424402345,0,99.33268229,0.019356692,0.99501557
bg_2_TREFHT,234,0.41891207,0,99.4104456,0.019449495,0.99475028
bg_2_TREFHT,235,0.411313835,0,99.41587095,0.019586283,0.994703496
bg_2_TREFHT,236,0.407598069,0,99.40502025,0.019177126,0.994447132
bg_2_TREFHT,237,0.403348887,0,99.38874421,0.019517491,0.99444928
bg_2_TREFHT,238,0.408954899,0,99.37970197,0.019176832,0.99462471
bg_2_TREFHT,239,0.408813602,0,99.38874421,0.019565382,0.994698705
bg_2_TREFHT,240,0.407469948,0,99.36885127,0.019506929,0.994743461
bg_2_TREFHT,241,0.408403276,0,99.33810764,0.018952924,0.994881367
bg_2_TREFHT,242,0.408366286,0,99.32906539,0.019432697,0.994786812
bg_2_TREFHT,243,0.408537276,0,99.39778646,0.019442893,0.99464114
bg_2_TREFHT,244,0.41066352,0,99.37789352,0.020371556,0.994854185
bg_2_TREFHT,245,0.402151961,0,99.39416956,0.019925033,0.99490378
bg_2_TREFHT,246,0.401990815,0,99.24225984,0.01977604,0.995123237
bg_2_TREFHT,247,0.407141395,0,99.34714988,0.019505682,0.99492181
bg_2_TREFHT,248,0.405950216,0,99.40502025,0.019391101,0.994828627
bg_2_TREFHT,249,0.41060995,0,99.36523438,0.019607901,0.994665965
bg_2_TREFHT,250,0.415378804,0,99.34895833,0.018849846,0.994542662
bg_2_TREFHT,251,0.409100816,0,99.38151042,0.018866653,0.994162536
bg_2_TREFHT,252,0.410274316,0,99.39778646,0.018795113,0.994314673
bg_2_TREFHT,253,0.414476197,0,99.41948785,0.018864252,0.994731784
bg_2_TREFHT,254,0.418638588,0,99.44118924,0.018861428,0.994711441
bg_2_TREFHT,255,0.414599837,0,99.39959491,0.019578033,0.994561981
bg_2_TREFHT,256,0.421612171,0,99.43214699,0.0193743,0.994342236
bg_2_TREFHT,257,0.421384079,0,99.38512731,0.018858603,0.994413112
bg_2_TREFHT,258,0.41427023,0,99.34714988,0.018863052,0.994586675
bg_2_TREFHT,259,0.41084583,0,99.4176794,0.018864182,0.994683606
bg_2_TREFHT,260,0.414265329,0,99.39055266,0.018812204,0.994625211
bg_2_TREFHT,261,0.416744689,0,99.35800058,0.018746942,0.994506656
bg_2_TREFHT,262,0.414336817,0,99.3145978,0.019535386,0.994593323
bg_2_TREFHT,263,0.409991968,0,99.35076678,0.019255213,0.994514447
bg_2_TREFHT,264,0.416992356,0,99.39236111,0.018831485,0.994605971
bg_2_TREFHT,265,0.415213611,0,99.45023148,0.019442673,0.994599348
bg_2_TREFHT,266,0.416912589,0,99.4212963,0.019046464,0.994717602
bg_2_TREFHT,267,0.41744809,0,99.4140625,0.018830143,0.99468679
bg_2_TREFHT,268,0.415949033,0,99.48459201,0.018856626,0.9946939
bg_2_TREFHT,269,0.423049217,0,99.40321181,0.018848646,0.995050593
bg_2_TREFHT,270,0.417403216,0,99.32725694,0.018867218,0.995076486
bg_2_TREFHT,271,0.422748217,0,99.38331887,0.018843843,0.994917174
bg_2_TREFHT,272,0.426695218,0,99.32364005,0.018863687,0.994809526
bg_2_TREFHT,273,0.427489124,0,99.3145978,0.019246553,0.994835698
bg_2_TREFHT,274,0.43253563,0,99.39236111,0.019420152,0.99469706
bg_2_TREFHT,275,0.429644922,0,99.43757234,0.018857402,0.99450851
bg_2_TREFHT,276,0.433774297,0,99.43395544,0.018838617,0.994567213
bg_2_TREFHT,277,0.429549856,0,99.36704282,0.019145124,0.994658677
bg_2_TREFHT,278,0.423834564,0,99.39959491,0.019416924,0.994412494
bg_2_TREFHT,279,0.425184817,0,99.39959491,0.018831979,0.994291583
bg_2_TREFHT,280,0.422490654,0,99.4104456,0.01881178,0.994342429
bg_2_TREFHT,281,0.432036786,0,99.38693576,0.018859945,0.994270254
bg_2_TREFHT,282,0.437333676,0,99.42853009,0.018816159,0.994350987
bg_2_TREFHT,283,0.436317285,0,99.39416956,0.018747578,0.994433455
bg_2_TREFHT,284,0.43596012,0,99.43033854,0.018155464,0.994275868
bg_2_TREFHT,285,0.434823404,0,99.3218316,0.018173102,0.994086211
bg_2_TREFHT,286,0.437105368,0,99.34172454,0.018175962,0.994138056
bg_2_TREFHT,287,0.43706844,0,99.33810764,0.017987908,0.994353641
bg_2_TREFHT,288,0.435059127,0,99.38874421,0.018181069,0.994288929
bg_2_TREFHT,289,0.434022871,0,99.4068287,0.018656168,0.994256258
bg_2_TREFHT,290,0.435435122,0,99.40502025,0.018180252,0.994112998
bg_2_TREFHT,291,0.435755186,0,99.4140625,0.018853801,0.994064307
bg_2_TREFHT,292,0.425834886,0,99.3218316,0.018167926,0.994016227
bg_2_TREFHT,293,0.437834654,0,99.32906539,0.018171263,0.994073039
bg_2_TREFHT,294,0.434044211,0,99.46289063,0.018160435,0.993787294
bg_2_TREFHT,295,0.433131873,0,99.42491319,0.018170105,0.993930944
bg_2_TREFHT,296,0.425296576,0,99.34172454,0.018097302,0.99400295
bg_2_TREFHT,297,0.426142596,0,99.39416956,0.018157984,0.994081148
bg_2_TREFHT,298,0.424890441,0,99.35438368,0.018168403,0.994027067
bg_2_TREFHT,299,0.426706411,0,99.33268229,0.018177324,0.99427793
bg_2_TREFHT,300,0.427857333,0,99.45023148,0.018119233,0.994325818
bg_2_TREFHT,301,0.42552265,0,99.38874421,0.018177051,0.994408014
bg_2_TREFHT,302,0.426908145,0,99.32364005,0.018163636,0.994222831
bg_2_TREFHT,303,0.427599659,0,99.42491319,0.018175894,0.994148324
bg_2_TREFHT,304,0.420096308,0,99.39959491,0.018055754,0.994066649
bg_2_TREFHT,305,0.421717218,0,99.4176794,0.018074417,0.994158807
bg_2_TREFHT,306,0.430354189,0,99.33629919,0.017909559,0.994286759
bg_2_TREFHT,307,0.427025452,0,99.39959491,0.01809703,0.994282464
bg_2_TREFHT,308,0.437988162,0,99.42310475,0.017888573,0.994140723
bg_2_TREFHT,309,0.435665171,0,99.29832176,0.017533734,0.99407386
bg_2_TREFHT,310,0.441422539,0,99.4068287,0.017543794,0.994184584
bg_2_TREFHT,311,0.436562302,0,99.38151042,0.017540112,0.994190258
bg_2_TREFHT,312,0.439299194,0,99.39778646,0.017524529,0.994110388
bg_2_TREFHT,313,0.439101703,0,99.42491319,0.017531959,0.993834876
bg_2_TREFHT,314,0.44520438,0,99.30374711,0.017518019,0.993923113
bg_2_TREFHT,315,0.436150095,0,99.37246817,0.017539849,0.993722822
bg_2_TREFHT,316,0.43158435,0,99.39055266,0.017533471,0.993596598
bg_2_TREFHT,317,0.426448358,0,99.43033854,0.017540375,0.993661021
bg_2_TREFHT,318,0.429751106,0,99.38693576,0.017537613,0.993974778
bg_2_TREFHT,319,0.429019678,0,99.37789352,0.017540769,0.993832834
bg_2_TREFHT,320,0.421074036,0,99.31640625,0.017524134,0.993889521
bg_2_TREFHT,321,0.413460134,0,99.42853009,0.017500528,0.993635478
bg_2_TREFHT,322,0.413929638,0,99.27842882,0.017504013,0.99384908
bg_2_TREFHT,323,0.418132487,0,99.35257523,0.017455943,0.993659327
bg_2_TREFHT,324,0.420009469,0,99.35076678,0.017532748,0.993657735
bg_2_TREFHT,325,0.422418866,0,99.37427662,0.017519268,0.993832422
bg_2_TREFHT,326,0.42341723,0,99.37608507,0.01753906,0.993820411
bg_2_TREFHT,327,0.428877356,0,99.34714988,0.017446211,0.993558074
bg_2_TREFHT,328,0.430174955,0,99.45927373,0.017450617,0.993437265
bg_2_TREFHT,329,0.433254835,0,99.35076678,0.016992957,0.993569369
bg_2_TREFHT,330,0.4290908,0,99.35438368,0.017152621,0.993572536
bg_2_TREFHT,331,0.416611828,0,99.36523438,0.016941144,0.993536934
bg_2_TREFHT,332,0.418522434,0,99.30917245,0.017454234,0.993491635
bg_2_TREFHT,333,0.426973391,0,99.3109809,0.016938347,0.993718723
bg_2_TREFHT,334,0.423230131,0,99.3109809,0.016948453,0.993524669
bg_2_TREFHT,335,0.418770304,0,99.37608507,0.016946038,0.993234034
bg_2_TREFHT,336,0.419252367,0,99.33087384,0.016934661,0.993223885
bg_2_TREFHT,337,0.407020275,0,99.36885127,0.017529789,0.993193739
bg_2_TREFHT,338,0.412056903,0,99.28023727,0.017433189,0.993291087
bg_2_TREFHT,339,0.418356147,0,99.28927951,0.017061409,0.993477997
bg_2_TREFHT,340,0.411123188,0,99.38151042,0.017530381,0.993177846
bg_2_TREFHT,341,0.41232321,0,99.4176794,0.017481393,0.993213751
bg_2_TREFHT,342,0.406960115,0,99.4104456,0.017324204,0.993115646
bg_2_TREFHT,343,0.406947148,0,99.40863715,0.016902052,0.993378207
bg_2_TREFHT,344,0.402263177,0,99.3254485,0.017487114,0.993690955
bg_2_TREFHT,345,0.405436029,0,99.34353299,0.017527882,0.99386224
bg_2_TREFHT,346,0.407961872,0,99.25853588,0.017456864,0.993875134
bg_2_TREFHT,347,0.411351345,0,99.35438368,0.017441931,0.993663816
bg_2_TREFHT,348,0.411052997,0,99.34534144,0.018099073,0.993342813
bg_2_TREFHT,349,0.407993948,0,99.38874421,0.017777155,0.993266284
bg_2_TREFHT,350,0.409564539,0,99.3145978,0.018115909,0.993453693
bg_2_TREFHT,351,0.411680653,0,99.28927951,0.018168743,0.993485982
bg_2_TREFHT,352,0.419656939,0,99.32002315,0.017538797,0.993417209
bg_2_TREFHT,353,0.428185831,0,99.41225405,0.017477645,0.993394851
bg_2_TREFHT,354,0.423325846,0,99.4104456,0.017491914,0.993155692
bg_2_TREFHT,355,0.421929906,0,99.38331887,0.017534326,0.993708288
bg_2_TREFHT,356,0.417021855,0,99.3145978,0.017441278,0.993737258
bg_2_TREFHT,357,0.416735289,0,99.28023727,0.017469556,0.993699534
bg_2_TREFHT,358,0.419078577,0,99.34172454,0.01765869,0.993916506
bg_2_TREFHT,359,0.417884083,0,99.35438368,0.017397543,0.994024015
bg_2_TREFHT,360,0.418573583,0,99.40863715,0.017503158,0.99386399
bg_2_TREFHT,361,0.418970726,0,99.39597801,0.017513482,0.99370027
bg_2_TREFHT,362,0.41601968,0,99.31278935,0.0175194,0.993481334
bg_2_TREFHT,363,0.414526477,0,99.41587095,0.017504539,0.993587605
bg_2_TREFHT,364,0.412595287,0,99.3109809,0.017446145,0.99361412
bg_2_TREFHT,365,0.420696389,0,99.37970197,0.017542939,0.993625319
bg_2_TREFHT,366,0.423053467,0,99.4104456,0.018175962,0.993616967
bg_2_TREFHT,367,0.416292724,0,99.35438368,0.017532419,0.993430313
bg_2_TREFHT,368,0.428049911,0,99.35438368,0.017535772,0.993415942
bg_2_TREFHT,369,0.425610559,0,99.18800637,0.017543202,0.993974123
bg_2_TREFHT,370,0.421970485,0,99.35076678,0.017534457,0.994191607
bg_2_TREFHT,371,0.424956013,0,99.39597801,0.017503093,0.994185282
bg_2_TREFHT,372,0.429477473,0,99.42310475,0.01753735,0.994225243
bg_2_TREFHT,373,0.423830552,0,99.43214699,0.017538074,0.99401681
bg_2_TREFHT,374,0.420790228,0,99.35800058,0.017537087,0.993944491
bg_2_TREFHT,375,0.413830667,0,99.34534144,0.01757538,0.994205093
bg_2_TREFHT,376,0.417946545,0,99.34353299,0.017529263,0.994150171
bg_2_TREFHT,377,0.433171196,0,99.3218316,0.017445619,0.994123759
bg_2_TREFHT,378,0.433679301,0,99.38151042,0.017492111,0.99397144
bg_2_TREFHT,379,0.427429744,0,99.33810764,0.017807687,0.994265079
bg_2_TREFHT,380,0.420480404,0,99.37608507,0.017394057,0.994195328
bg_2_TREFHT,381,0.41810819,0,99.27662037,0.017509011,0.994337459
bg_2_TREFHT,382,0.414824067,0,99.28747106,0.017496912,0.994373736
bg_2_TREFHT,383,0.421613681,0,99.3254485,0.017541756,0.994505546
bg_2_TREFHT,384,0.423284181,0,99.36523438,0.01815417,0.99443729
bg_2_TREFHT,385,0.427619164,0,99.32364005,0.018033685,0.994284134
bg_2_TREFHT,386,0.43209074,0,99.34172454,0.017538994,0.994432494
bg_2_TREFHT,387,0.442679107,0,99.39959491,0.018153693,0.994285511
bg_2_TREFHT,388,0.434120009,0,99.43033854,0.017481985,0.994203051
bg_2_TREFHT,389,0.430857455,0,99.39055266,0.017540112,0.994347281
bg_2_TREFHT,390,0.431530118,0,99.4068287,0.017511509,0.994222432
bg_2_TREFHT,391,0.430847624,0,99.39959491,0.018041791,0.994407937
bg_2_TREFHT,392,0.420681783,0,99.36342593,0.017639602,0.994528724
bg_2_TREFHT,393,0.425442866,0,99.38693576,0.017527488,0.994465242
bg_2_TREFHT,394,0.419579668,0,99.39055266,0.017461139,0.994413623
bg_2_TREFHT,395,0.420183324,0,99.37427662,0.017527093,0.994418649
bg_2_TREFHT,396,0.416024817,0,99.34353299,0.01753472,0.994387488
bg_2_TREFHT,397,0.413717753,0,99.4140625,0.017525186,0.994403037
bg_2_TREFHT,398,0.414114656,0,99.41587095,0.017490467,0.994183293
bg_2_TREFHT,399,0.420711601,0,99.39055266,0.01752729,0.994155303
bg_2_TREFHT,400,0.427609127,0,99.32725694,0.017527553,0.994144775
bg_2_TREFHT,401,0.42672204,0,99.35438368,0.017650305,0.994272228
bg_2_TREFHT,402,0.423199297,0,99.37427662,0.017425626,0.994309268
bg_2_TREFHT,403,0.418400322,0,99.40140336,0.017527948,0.994389495
bg_2_TREFHT,404,0.420686583,0,99.4212963,0.017495531,0.994226439
bg_2_TREFHT,405,0.422632661,0,99.27842882,0.017916917,0.994396734
bg_2_TREFHT,406,0.419175585,0,99.47554977,0.017429112,0.994327972
bg_2_TREFHT,407,0.413686856,0,99.42491319,0.017527422,0.99461637
bg_2_TREFHT,408,0.410616345,0,99.35980903,0.0175194,0.994577054
bg_2_TREFHT,409,0.419696586,0,99.34534144,0.017742532,0.994761633
bg_2_TREFHT,410,0.41808146,0,99.39416956,0.017387678,0.994733393
bg_2_TREFHT,411,0.417655211,0,99.32725694,0.017340188,0.994295352
bg_2_TREFHT,412,0.418739092,0,99.37970197,0.017337755,0.994023866
bg_2_TREFHT,413,0.419608349,0,99.37246817,0.017408001,0.994005374
bg_2_TREFHT,414,0.416922726,0,99.35800058,0.016969391,0.994116598
bg_2_TREFHT,415,0.422988636,0,99.4212963,0.017371432,0.994406612
bg_2_TREFHT,416,0.416097068,0,99.34172454,0.017504737,0.994492082
bg_2_TREFHT,417,0.427167026,0,99.43395544,0.017490533,0.994407995
bg_2_TREFHT,418,0.420425069,0,99.44299769,0.017507235,0.994471356
bg_2_TREFHT,419,0.418369705,0,99.35800058,0.017541821,0.994460452
bg_2_TREFHT,420,0.422945223,0,99.31640625,0.017927955,0.994477392
bg_2_TREFHT,421,0.4269008,0,99.43757234,0.017540967,0.994516978
bg_2_TREFHT,422,0.432646387,0,99.34895833,0.018119029,0.994867498
bg_2_TREFHT,423,0.427905061,0,99.37427662,0.017828949,0.99505347
bg_2_TREFHT,424,0.429659769,0,99.39416956,0.017941649,0.995220133
bg_2_TREFHT,425,0.430024555,0,99.38512731,0.018181546,0.99527891
bg_2_TREFHT,426,0.433938414,0,99.36885127,0.01811106,0.995228691
bg_2_TREFHT,427,0.436345103,0,99.44480613,0.01817998,0.995068405
bg_2_TREFHT,428,0.434474279,0,99.33449074,0.018169765,0.995158882
bg_2_TREFHT,429,0.418706949,0,99.46469907,0.018168675,0.99488574
bg_2_TREFHT,430,0.422633987,0,99.42491319,0.018169288,0.994876363
bg_2_TREFHT,431,0.428499431,0,99.36704282,0.018176098,0.995222956
bg_2_TREFHT,432,0.431118378,0,99.35619213,0.018146611,0.995198943
bg_2_TREFHT,433,0.429005625,0,99.33268229,0.018181478,0.995263361
bg_2_TREFHT,434,0.426783416,0,99.37246817,0.018174327,0.995273308
bg_2_TREFHT,435,0.432245421,0,99.41225405,0.018181682,0.995177344
bg_2_TREFHT,436,0.433729426,0,99.21694155,0.018169016,0.994973848
bg_2_TREFHT,437,0.440244336,0,99.36161748,0.018161729,0.994703462
bg_2_TREFHT,438,0.43906486,0,99.32906539,0.018173851,0.994585376
bg_2_TREFHT,439,0.436543225,0,99.44842303,0.018136123,0.994795977
bg_2_TREFHT,440,0.428535368,0,99.43033854,0.018165815,0.994748672
bg_2_TREFHT,441,0.428544975,0,99.36342593,0.017736738,0.99489566
bg_2_TREFHT,442,0.434939461,0,99.38512731,0.018130607,0.99486239
bg_2_TREFHT,443,0.437028848,0,99.32364005,0.01803532,0.994987392
bg_2_TREFHT,444,0.423372111,0,99.4068287,0.018140209,0.994764701
bg_2_TREFHT,445,0.421140166,0,99.39416956,0.018181546,0.994843336
bg_2_TREFHT,446,0.421254345,0,99.40502025,0.01815308,0.994712532
bg_2_TREFHT,447,0.423446767,0,99.35438368,0.018179843,0.994915678
bg_2_TREFHT,448,0.428190285,0,99.39778646,0.018151582,0.994964934
bg_2_TREFHT,449,0.423068731,0,99.40140336,0.018602402,0.994886909
bg_2_TREFHT,450,0.43498988,0,99.40140336,0.018178618,0.994972519
bg_2_TREFHT,451,0.436415884,0,99.37970197,0.018173034,0.99509605
bg_2_TREFHT,452,0.44322969,0,99.30917245,0.018832403,0.995155761
bg_2_TREFHT,453,0.439315812,0,99.3109809,0.018659842,0.995226169
bg_2_TREFHT,454,0.431162829,0,99.40140336,0.018163432,0.995026039
bg_2_TREFHT,455,0.437455215,0,99.38331887,0.018144295,0.994719203
bg_2_TREFHT,456,0.440003226,0,99.33629919,0.018163227,0.994879918
bg_2_TREFHT,457,0.435388789,0,99.32906539,0.018175553,0.994547205
bg_2_TREFHT,458,0.430468601,0,99.32906539,0.018171127,0.99458718
bg_2_TREFHT,459,0.427986362,0,99.3109809,0.01828251,0.994546617
bg_2_TREFHT,460,0.425880995,0,99.4140625,0.018845326,0.994702005
bg_2_TREFHT,461,0.433461381,0,99.37789352,0.01878918,0.994776799
bg_2_TREFHT,462,0.430407895,0,99.38693576,0.018844973,0.994710438
bg_2_TREFHT,463,0.43617319,0,99.34353299,0.018711058,0.994706092
bg_2_TREFHT,464,0.433697818,0,99.29651331,0.018784306,0.994824325
bg_2_TREFHT,465,0.431786775,0,99.36704282,0.018818843,0.994906588
bg_2_TREFHT,466,0.441965166,0,99.43757234,0.018817925,0.994862434
bg_2_TREFHT,467,0.447964708,0,99.38693576,0.01848517,0.994632938
bg_2_TREFHT,468,0.437237124,0,99.39597801,0.018247653,0.994380498
bg_2_TREFHT,469,0.427043722,0,99.43033854,0.018701169,0.994310486
bg_2_TREFHT,470,0.421475887,0,99.35076678,0.01884229,0.994476609
bg_2_TREFHT,471,0.431831368,0,99.44480613,0.018846103,0.99471014
bg_2_TREFHT,472,0.438348648,0,99.37608507,0.018549761,0.994769752
bg_2_TREFHT,473,0.438537683,0,99.4140625,0.018769898,0.994910856
bg_2_TREFHT,474,0.431183943,0,99.37246817,0.01885486,0.994591381
bg_2_TREFHT,475,0.420245533,0,99.40321181,0.018978036,0.994772291
bg_2_TREFHT,476,0.425758474,0,99.39416956,0.01863243,0.994802237
bg_2_TREFHT,477,0.424971243,0,99.4140625,0.018846386,0.994731174
bg_2_TREFHT,478,0.432440137,0,99.39055266,0.018796949,0.994908259
bg_2_TREFHT,479,0.417759465,0,99.35800058,0.018827883,0.994945098
bg_2_TREFHT,480,0.422904908,0,99.36704282,0.018848293,0.994804316
bg_2_TREFHT,481,0.426319685,0,99.36523438,0.019370192,0.994801552
bg_2_TREFHT,482,0.429972969,0,99.26396123,0.018824069,0.994910391
bg_2_TREFHT,483,0.43647734,0,99.33810764,0.019432697,0.994782845
bg_2_TREFHT,484,0.434872071,0,99.37246817,0.018793983,0.994768758
bg_2_TREFHT,485,0.427515182,0,99.32364005,0.018581205,0.994868116
bg_2_TREFHT,486,0.425200152,0,99.45746528,0.018851894,0.994951043
bg_2_TREFHT,487,0.426874503,0,99.43214699,0.018817289,0.994781786
bg_2_TREFHT,488,0.431661242,0,99.41587095,0.020208468,0.994866588
bg_2_TREFHT,489,0.435153466,0,99.31278935,0.018861781,0.994886025
bg_2_TREFHT,490,0.430524963,0,99.43938079,0.018855001,0.994789941
bg_2_TREFHT,491,0.425321521,0,99.38151042,0.018899464,0.994813823
bg_2_TREFHT,492,0.425726818,0,99.37427662,0.01958357,0.99485318
bg_2_TREFHT,493,0.42466675,0,99.4068287,0.01877802,0.994727287
bg_2_TREFHT,494,0.428712413,0,99.38151042,0.018810862,0.99448221
bg_2_TREFHT,495,0.423784405,0,99.43576389,0.019604323,0.994356795
bg_2_TREFHT,496,0.425556405,0,99.41225405,0.01882188,0.994241312
bg_2_TREFHT,497,0.423980608,0,99.34895833,0.019104165,0.994207025
bg_2_TREFHT,498,0.424067228,0,99.38151042,0.019333727,0.99430107
bg_2_TREFHT,499,0.427651533,0,99.4176794,0.019349282,0.993919945
bg_2_TREFHT,500,0.423092017,0,99.31640625,0.019754695,0.994459661
bg_2_TREFHT,501,0.427851222,0,99.34534144,0.018773783,0.994605556
bg_2_TREFHT,502,0.425372558,0,99.40863715,0.018855849,0.994546737
bg_2_TREFHT,503,0.430074563,0,99.35980903,0.019477589,0.994347138
bg_2_TREFHT,504,0.429667863,0,99.41225405,0.018829931,0.994125273
bg_2_TREFHT,505,0.413225554,0,99.39416956,0.018705831,0.993892745
bg_2_TREFHT,506,0.421994174,0,99.37065972,0.01885945,0.994084257
bg_2_TREFHT,507,0.421372085,0,99.33449074,0.018864182,0.993996671
bg_2_TREFHT,508,0.419293674,0,99.4104456,0.01935141,0.994030463
bg_2_TREFHT,509,0.4293237,0,99.37970197,0.019094915,0.99419913
bg_2_TREFHT,510,0.423475908,0,99.35438368,0.018849634,0.994336391
bg_2_TREFHT,511,0.424407194,0,99.41225405,0.019321694,0.994340427
bg_2_TREFHT,512,0.431212321,0,99.39959491,0.018758385,0.99421723
bg_2_TREFHT,513,0.422506781,0,99.39416956,0.019426901,0.994363058
bg_2_TREFHT,514,0.417352802,0,99.4104456,0.019534433,0.994459935
bg_2_TREFHT,515,0.421950999,0,99.38151042,0.019489912,0.994481127
bg_2_TREFHT,516,0.420890839,0,99.39959491,0.019197823,0.994567348
bg_2_TREFHT,517,0.418142388,0,99.40863715,0.019403206,0.994554115
bg_2_TREFHT,518,0.413143326,0,99.38151042,0.01954096,0.994677418
bg_2_TREFHT,519,0.413606709,0,99.34714988,0.019982054,0.994703528
bg_2_TREFHT,520,0.408527957,0,99.41587095,0.019464606,0.994770734
bg_2_TREFHT,521,0.40498966,0,99.35619213,0.019519618,0.994623797
bg_2_TREFHT,522,0.414474212,0,99.43214699,0.019578656,0.994470784
bg_2_TREFHT,523,0.420899152,0,99.32002315,0.019444874,0.994438028
bg_2_TREFHT,524,0.410120903,0,99.39959491,0.018826682,0.994123153
bg_2_TREFHT,525,0.410546309,0,99.40502025,0.019353171,0.99403277
bg_2_TREFHT,526,0.413347157,0,99.37427662,0.019582396,0.994022712
bg_2_TREFHT,527,0.407572587,0,99.45023148,0.019887092,0.994029327
bg_2_TREFHT,528,0.416113659,0,99.4104456,0.018848222,0.994543468
bg_2_TREFHT,529,0.426302036,0,99.42853009,0.019415897,0.994637599
bg_2_TREFHT,530,0.417633263,0,99.4212963,0.019567729,0.994656511
bg_2_TREFHT,531,0.414388903,0,99.33810764,0.019531353,0.994757501
bg_2_TREFHT,532,0.406891534,0,99.42310475,0.019475756,0.99485285
bg_2_TREFHT,533,0.409549771,0,99.35980903,0.019496954,0.994853098
bg_2_TREFHT,534,0.41664435,0,99.35438368,0.01960755,0.994684078
bg_2_TREFHT,535,0.416301736,0,99.4104456,0.01959655,0.994685573
bg_2_TREFHT,536,0.414405932,0,99.36161748,0.019606597,0.994686056
bg_2_TREFHT,537,0.422904401,0,99.36342593,0.019407608,0.994855528
bg_2_TREFHT,538,0.431171785,0,99.40321181,0.01951243,0.99495614
bg_2_TREFHT,539,0.417227227,0,99.30013021,0.020376285,0.994898315
bg_2_TREFHT,540,0.419058665,0,99.30013021,0.019800129,0.994667868
bg_2_TREFHT,541,0.421711279,0,99.24587674,0.01972117,0.994812687
bg_2_TREFHT,542,0.412519419,0,99.27481192,0.019540686,0.994962186
bg_2_TREFHT,543,0.413345798,0,99.34714988,0.018840524,0.995171451
bg_2_TREFHT,544,0.421204757,0,99.29651331,0.019115029,0.995185785
bg_2_TREFHT,545,0.418336614,0,99.40140336,0.01952234,0.995184006
bg_2_TREFHT,546,0.421394858,0,99.33268229,0.019467247,0.995345899
bg_2_TREFHT,547,0.423712589,0,99.28566262,0.019394402,0.995343714
bg_2_TREFHT,548,0.417586733,0,99.37789352,0.019719642,0.995185393
bg_2_TREFHT,549,0.422162433,0,99.43214699,0.019588117,0.99506491
bg_2_TREFHT,550,0.421237039,0,99.39778646,0.019539053,0.995114057
bg_2_TREFHT,551,0.417648859,0,99.34172454,0.019316338,0.995183765
bg_2_TREFHT,552,0.412912913,0,99.35438368,0.019445387,0.994957262
bg_2_TREFHT,553,0.410188332,0,99.42310475,0.019592517,0.994644342
bg_2_TREFHT,554,0.409730857,0,99.33087384,0.018859097,0.994574698
bg_2_TREFHT,555,0.414699693,0,99.3182147,0.020191378,0.994721219
bg_2_TREFHT,556,0.418077812,0,99.34895833,0.018860227,0.994832807
bg_2_TREFHT,557,0.415665458,0,99.4104456,0.018859097,0.994640115
bg_2_TREFHT,558,0.412870088,0,99.38874421,0.018851753,0.994540336
bg_2_TREFHT,559,0.416446402,0,99.37970197,0.019175364,0.994796151
bg_2_TREFHT,560,0.418629567,0,99.34895833,0.019572056,0.995004735
bg_2_TREFHT,561,0.418394949,0,99.42672164,0.01953656,0.994951341
bg_2_TREFHT,562,0.422019173,0,99.44842303,0.019589217,0.995061339
bg_2_TREFHT,563,0.419352603,0,99.37608507,0.019477736,0.995131881
bg_2_TREFHT,564,0.415345404,0,99.29289641,0.019669541,0.995196601
bg_2_TREFHT,565,0.419764227,0,99.3182147,0.019431523,0.995037581
bg_2_TREFHT,566,0.41881935,0,99.3254485,0.019914727,0.99489099
bg_2_TREFHT,567,0.427295825,0,99.33991609,0.020101951,0.994782756
bg_2_TREFHT,568,0.419560486,0,99.38331887,0.019542427,0.994700098
bg_2_TREFHT,569,0.414506076,0,99.36885127,0.019258882,0.994843052
bg_2_TREFHT,570,0.415634007,0,99.35438368,0.019602197,0.994519874
bg_2_TREFHT,571,0.420480882,0,99.43214699,0.018874862,0.99436002
bg_2_TREFHT,572,0.416313566,0,99.29470486,0.018748567,0.994546452
bg_2_TREFHT,573,0.41938713,0,99.40502025,0.019541474,0.994741329
bg_2_TREFHT,574,0.410454529,0,99.38874421,0.019247214,0.994893352
bg_2_TREFHT,575,0.410326689,0,99.34895833,0.019386993,0.995001863
bg_2_TREFHT,576,0.407674965,0,99.39959491,0.019532013,0.995028884
bg_2_TREFHT,577,0.406237948,0,99.31640625,0.019239288,0.994986756
bg_2_TREFHT,578,0.408472816,0,99.34534144,0.01924281,0.995187293
bg_2_TREFHT,579,0.41269023,0,99.42491319,0.019458078,0.995154189
bg_2_TREFHT,580,0.420580461,0,99.37608507,0.019535166,0.995020537
bg_2_TREFHT,581,0.414999335,0,99.17534722,0.019581296,0.994881187
bg_2_TREFHT,582,0.417650983,0,99.28023727,0.019360728,0.994736539
bg_2_TREFHT,583,0.420308242,0,99.39416956,0.019416631,0.994663779
bg_2_TREFHT,584,0.421609088,0,99.32364005,0.019720177,0.994946457
bg_2_TREFHT,585,0.416320689,0,99.37789352,0.020274763,0.995111461
bg_2_TREFHT,586,0.42003248,0,99.36523438,0.019559295,0.995053285
bg_2_TREFHT,587,0.412803266,0,99.34172454,0.020141326,0.995172966
bg_2_TREFHT,588,0.405775036,0,99.39959491,0.020867881,0.995243904
bg_2_TREFHT,589,0.406050591,0,99.26757813,0.020257675,0.995101042
bg_2_TREFHT,590,0.406855562,0,99.42310475,0.018838547,0.9951603
bg_2_TREFHT,591,0.412545312,0,99.31640625,0.020025536,0.995256009
bg_2_TREFHT,592,0.403685027,0,99.44118924,0.020090505,0.994975276
bg_2_TREFHT,593,0.410097699,0,99.46469907,0.01959963,0.995051684
bg_2_TREFHT,594,0.411770017,0,99.34714988,0.019881366,0.994979268
bg_2_TREFHT,595,0.410809534,0,99.35257523,0.019607476,0.995239565
bg_2_TREFHT,596,0.414419461,0,99.34714988,0.019437318,0.995393179
bg_2_TREFHT,597,0.408627266,0,99.39778646,0.01958973,0.995315607
bg_2_TREFHT,598,0.414089638,0,99.33629919,0.019930148,0.995301564
bg_2_TREFHT,599,0.415536973,0,99.4212963,0.020106377,0.995299017
bg_2_TREFHT,600,0.409845605,0,99.42491319,0.01957785,0.995256307
