set,time,ssim_fp,ks_p_value,spatial_rel_error,max_spatial_rel_error,pearson_correlation_coefficient
bg_2_TREFHTMN,0,0.433935833,0,99.34172454,0.017509471,0.994026069
bg_2_TREFHTMN,1,0.443290923,0,99.39597801,0.017484089,0.994273542
bg_2_TREFHTMN,2,0.442225224,0,99.32002315,0.017394978,0.994327424
bg_2_TREFHTMN,3,0.445608331,0,99.35619213,0.017524134,0.994336655
bg_2_TREFHTMN,4,0.44520001,0,99.33991609,0.01737939,0.994421061
bg_2_TREFHTMN,5,0.444700232,0,99.35619213,0.01749027,0.994380081
bg_2_TREFHTMN,6,0.449600488,0,99.34714988,0.017530381,0.994370631
bg_2_TREFHTMN,7,0.452509433,0,99.43576389,0.017525449,0.994392516
bg_2_TREFHTMN,8,0.453054562,0,99.36523438,0.017455089,0.994523286
bg_2_TREFHTMN,9,0.452013817,0,99.34714988,0.017461204,0.994485593
bg_2_TREFHTMN,10,0.453117662,0,99.26576968,0.0179409,0.994366541
bg_2_TREFHTMN,11,0.451379203,0,99.35438368,0.017955343,0.99481723
bg_2_TREFHTMN,12,0.445407377,0,99.31640625,0.018149335,0.99482238
bg_2_TREFHTMN,13,0.453143819,0,99.33449074,0.018157439,0.994791345
bg_2_TREFHTMN,14,0.453053898,0,99.38874421,0.018077414,0.994689889
bg_2_TREFHTMN,15,0.458262115,0,99.31640625,0.018090287,0.994576434
bg_2_TREFHTMN,16,0.458805823,0,99.38151042,0.018051804,0.994477086
bg_2_TREFHTMN,17,0.467748854,0,99.46831597,0.018172489,0.994524717
bg_2_TREFHTMN,18,0.460746474,0,99.40863715,0.018171944,0.994643508
bg_2_TREFHTMN,19,0.453229843,0,99.3109809,0.017965562,0.994832436
bg_2_TREFHTMN,20,0.457030048,0,99.29289641,0.018111537,0.99492276
bg_2_TREFHTMN,21,0.450783491,0,99.30555556,0.018155532,0.995062212
bg_2_TREFHTMN,22,0.449772682,0,99.34714988,0.01816888,0.995137881
bg_2_TREFHTMN,23,0.454247011,0,99.40140336,0.018145181,0.995069458
bg_2_TREFHTMN,24,0.458981614,0,99.38151042,0.018145112,0.995082103
bg_2_TREFHTMN,25,0.459158335,0,99.36885127,0.018124068,0.994824713
bg_2_TREFHTMN,26,0.461318146,0,99.40502025,0.017535246,0.994534321
bg_2_TREFHTMN,27,0.463309934,0,99.37065972,0.018159346,0.994594961
bg_2_TREFHTMN,28,0.457935241,0,99.35257523,0.018148245,0.994443843
bg_2_TREFHTMN,29,0.451594727,0,99.42672164,0.01767471,0.994861581
bg_2_TREFHTMN,30,0.446790346,0,99.30555556,0.017504145,0.99493056
bg_2_TREFHTMN,31,0.449472101,0,99.35438368,0.017838557,0.994863132
bg_2_TREFHTMN,32,0.455152949,0,99.34714988,0.017811775,0.994736344
bg_2_TREFHTMN,33,0.460279521,0,99.42491319,0.01750158,0.994621174
bg_2_TREFHTMN,34,0.459976393,0,99.36704282,0.018071557,0.99480207
bg_2_TREFHTMN,35,0.451141803,0,99.37427662,0.017533142,0.994806364
bg_2_TREFHTMN,36,0.453539796,0,99.36523438,0.017543728,0.994774553
bg_2_TREFHTMN,37,0.447750101,0,99.38151042,0.01732598,0.994708712
bg_2_TREFHTMN,38,0.448040499,0,99.32002315,0.017483892,0.9947086
bg_2_TREFHTMN,39,0.448127569,0,99.37065972,0.017513087,0.994663487
bg_2_TREFHTMN,40,0.451965622,0,99.39055266,0.017532813,0.994871821
bg_2_TREFHTMN,41,0.452317474,0,99.35800058,0.018165951,0.994892109
bg_2_TREFHTMN,42,0.454301265,0,99.4212963,0.018609891,0.995072034
bg_2_TREFHTMN,43,0.452728633,0,99.40321181,0.017534983,0.99511618
bg_2_TREFHTMN,44,0.450370681,0,99.34714988,0.017509142,0.995194422
bg_2_TREFHTMN,45,0.458107527,0,99.48640046,0.017531959,0.994960028
bg_2_TREFHTMN,46,0.450028584,0,99.42853009,0.017525383,0.994917568
bg_2_TREFHTMN,47,0.446457483,0,99.3254485,0.017543071,0.995008354
bg_2_TREFHTMN,48,0.449776764,0,99.36523438,0.017540375,0.995302729
bg_2_TREFHTMN,49,0.448390724,0,99.44299769,0.017512956,0.995466884
bg_2_TREFHTMN,50,0.451093137,0,99.43576389,0.01753643,0.995360661
bg_2_TREFHTMN,51,0.460253777,0,99.37065972,0.018178209,0.995226823
bg_2_TREFHTMN,52,0.453990826,0,99.40321181,0.018070058,0.995303608
bg_2_TREFHTMN,53,0.451632595,0,99.33629919,0.018142456,0.995282062
bg_2_TREFHTMN,54,0.456087459,0,99.4104456,0.018095191,0.995177907
bg_2_TREFHTMN,55,0.454375193,0,99.40140336,0.018528632,0.995138532
bg_2_TREFHTMN,56,0.455848841,0,99.37427662,0.018175758,0.994978328
bg_2_TREFHTMN,57,0.458116597,0,99.36161748,0.018162955,0.995087932
bg_2_TREFHTMN,58,0.44691992,0,99.3254485,0.018176643,0.994926064
bg_2_TREFHTMN,59,0.454467159,0,99.42672164,0.018158869,0.994882707
bg_2_TREFHTMN,60,0.462548703,0,99.35800058,0.018137553,0.994771836
bg_2_TREFHTMN,61,0.466802668,0,99.37970197,0.018160708,0.994794464
bg_2_TREFHTMN,62,0.46814292,0,99.33087384,0.018181001,0.994881046
bg_2_TREFHTMN,63,0.463557281,0,99.36523438,0.018160095,0.995190281
bg_2_TREFHTMN,64,0.455867638,0,99.39416956,0.018137689,0.995204259
bg_2_TREFHTMN,65,0.456097691,0,99.36161748,0.018796949,0.995144669
bg_2_TREFHTMN,66,0.448762363,0,99.35619213,0.01813551,0.995090827
bg_2_TREFHTMN,67,0.453486542,0,99.48459201,0.018179911,0.99500166
bg_2_TREFHTMN,68,0.456251798,0,99.42310475,0.018731614,0.995309396
bg_2_TREFHTMN,69,0.463517567,0,99.39597801,0.018345875,0.995331936
bg_2_TREFHTMN,70,0.457050387,0,99.38512731,0.018168948,0.99507066
bg_2_TREFHTMN,71,0.458007871,0,99.38151042,0.018536546,0.995206896
bg_2_TREFHTMN,72,0.449827846,0,99.36885127,0.018802317,0.995354983
bg_2_TREFHTMN,73,0.452521463,0,99.37970197,0.018497396,0.995389101
bg_2_TREFHTMN,74,0.459166792,0,99.36523438,0.01813013,0.995336236
bg_2_TREFHTMN,75,0.454361876,0,99.36161748,0.018739596,0.995457799
bg_2_TREFHTMN,76,0.455941576,0,99.38331887,0.018139324,0.995473335
bg_2_TREFHTMN,77,0.464043777,0,99.36342593,0.018708586,0.995439295
bg_2_TREFHTMN,78,0.463442257,0,99.38331887,0.018178141,0.995480289
bg_2_TREFHTMN,79,0.467020998,0,99.44842303,0.01837816,0.995515656
bg_2_TREFHTMN,80,0.463921421,0,99.4068287,0.018549973,0.995384749
bg_2_TREFHTMN,81,0.463268187,0,99.38512731,0.018737053,0.995400775
bg_2_TREFHTMN,82,0.461628674,0,99.32364005,0.018802599,0.995486714
bg_2_TREFHTMN,83,0.462483167,0,99.37427662,0.01875224,0.995540644
bg_2_TREFHTMN,84,0.45538972,0,99.26576968,0.018649527,0.995441068
bg_2_TREFHTMN,85,0.453479647,0,99.33629919,0.018572584,0.995357545
bg_2_TREFHTMN,86,0.457352943,0,99.36161748,0.018917089,0.995366905
bg_2_TREFHTMN,87,0.454525944,0,99.37970197,0.018819902,0.995184573
bg_2_TREFHTMN,88,0.452168996,0,99.39236111,0.018852459,0.995090419
bg_2_TREFHTMN,89,0.457466681,0,99.39055266,0.018814888,0.994996186
bg_2_TREFHTMN,90,0.454311635,0,99.37427662,0.019167217,0.99494624
bg_2_TREFHTMN,91,0.454138067,0,99.41225405,0.019910987,0.995117495
bg_2_TREFHTMN,92,0.455937044,0,99.36342593,0.018516689,0.995087936
bg_2_TREFHTMN,93,0.455180868,0,99.40140336,0.018744119,0.995108829
bg_2_TREFHTMN,94,0.454419614,0,99.37970197,0.020176882,0.995176647
bg_2_TREFHTMN,95,0.453716772,0,99.37246817,0.018726246,0.995257283
bg_2_TREFHTMN,96,0.453616933,0,99.4212963,0.018813193,0.995158813
bg_2_TREFHTMN,97,0.455428246,0,99.42672164,0.01885034,0.995162201
bg_2_TREFHTMN,98,0.452204461,0,99.38151042,0.018841513,0.995197308
bg_2_TREFHTMN,99,0.459804406,0,99.43033854,0.018845256,0.995277087
bg_2_TREFHTMN,100,0.460490069,0,99.35980903,0.018861428,0.99523108
bg_2_TREFHTMN,101,0.45549775,0,99.38512731,0.018855001,0.995073903
bg_2_TREFHTMN,102,0.453071587,0,99.4068287,0.018817995,0.994919441
bg_2_TREFHTMN,103,0.456501963,0,99.41587095,0.018724338,0.994904973
bg_2_TREFHTMN,104,0.450674903,0,99.43395544,0.019600803,0.995075085
bg_2_TREFHTMN,105,0.454241253,0,99.37246817,0.018883969,0.995109427
bg_2_TREFHTMN,106,0.444580312,0,99.29108796,0.019266104,0.995145672
bg_2_TREFHTMN,107,0.453920446,0,99.36161748,0.018930307,0.995227636
bg_2_TREFHTMN,108,0.457086628,0,99.33268229,0.019420812,0.995040378
bg_2_TREFHTMN,109,0.453367597,0,99.43757234,0.019019666,0.994954737
bg_2_TREFHTMN,110,0.450644881,0,99.39597801,0.019120534,0.994933309
bg_2_TREFHTMN,111,0.450531306,0,99.41948785,0.019869914,0.994925746
bg_2_TREFHTMN,112,0.453727437,0,99.46650752,0.019494148,0.994785849
bg_2_TREFHTMN,113,0.451814133,0,99.39055266,0.019272824,0.994805868
bg_2_TREFHTMN,114,0.456121044,0,99.42310475,0.01954184,0.994997224
bg_2_TREFHTMN,115,0.452353369,0,99.37427662,0.019467027,0.995092932
bg_2_TREFHTMN,116,0.456801532,0,99.45023148,0.019296233,0.995188448
bg_2_TREFHTMN,117,0.455190011,0,99.4068287,0.019015848,0.995118022
bg_2_TREFHTMN,118,0.452153099,0,99.36523438,0.019570663,0.995010429
bg_2_TREFHTMN,119,0.449800738,0,99.34895833,0.019492626,0.995184885
bg_2_TREFHTMN,120,0.450032795,0,99.35076678,0.01953832,0.995027857
bg_2_TREFHTMN,121,0.453782924,0,99.41225405,0.019382151,0.994617616
bg_2_TREFHTMN,122,0.45879542,0,99.39778646,0.01937973,0.994258964
bg_2_TREFHTMN,123,0.463316877,0,99.38151042,0.019063275,0.994051226
bg_2_TREFHTMN,124,0.450454381,0,99.37246817,0.019054906,0.993986471
bg_2_TREFHTMN,125,0.441650243,0,99.34353299,0.018407919,0.994102286
bg_2_TREFHTMN,126,0.447003921,0,99.40863715,0.018418804,0.994178307
bg_2_TREFHTMN,127,0.446371576,0,99.49544271,0.019668854,0.994251321
bg_2_TREFHTMN,128,0.450118151,0,99.40321181,0.01933813,0.994362824
bg_2_TREFHTMN,129,0.4528681,0,99.33449074,0.01874265,0.994339344
bg_2_TREFHTMN,130,0.445356553,0,99.32364005,0.01958313,0.994469679
bg_2_TREFHTMN,131,0.445630326,0,99.33991609,0.019340184,0.994722171
bg_2_TREFHTMN,132,0.445820659,0,99.46650752,0.018947857,0.994638457
bg_2_TREFHTMN,133,0.449196264,0,99.42853009,0.019102183,0.994557427
bg_2_TREFHTMN,134,0.44943566,0,99.37065972,0.019121635,0.994490606
bg_2_TREFHTMN,135,0.451351713,0,99.32364005,0.019957359,0.994340324
bg_2_TREFHTMN,136,0.450381573,0,99.27119502,0.019293444,0.994300506
bg_2_TREFHTMN,137,0.45108764,0,99.38693576,0.018820397,0.993876683
bg_2_TREFHTMN,138,0.443028716,0,99.40321181,0.020027467,0.99369815
bg_2_TREFHTMN,139,0.440744465,0,99.40140336,0.019567436,0.99339534
bg_2_TREFHTMN,140,0.448925894,0,99.34353299,0.01926622,0.993699781
bg_2_TREFHTMN,141,0.444918308,0,99.4104456,0.01881736,0.993449665
bg_2_TREFHTMN,142,0.447901243,0,99.38151042,0.018772441,0.993567649
bg_2_TREFHTMN,143,0.448213316,0,99.42672164,0.01886171,0.993765344
bg_2_TREFHTMN,144,0.458299456,0,99.41948785,0.020017393,0.994233827
bg_2_TREFHTMN,145,0.457660411,0,99.38874421,0.01944414,0.994451622
bg_2_TREFHTMN,146,0.452953296,0,99.37970197,0.019556508,0.994350195
bg_2_TREFHTMN,147,0.452563592,0,99.39959491,0.019436071,0.994413943
bg_2_TREFHTMN,148,0.4579923,0,99.42672164,0.019283098,0.994621809
bg_2_TREFHTMN,149,0.452941846,0,99.38874421,0.019347594,0.994750124
bg_2_TREFHTMN,150,0.458110679,0,99.4104456,0.019595963,0.994884896
bg_2_TREFHTMN,151,0.449081776,0,99.4212963,0.020998408,0.994700498
bg_2_TREFHTMN,152,0.450530317,0,99.38151042,0.021247203,0.994437875
bg_2_TREFHTMN,153,0.45611593,0,99.39778646,0.018997346,0.994486354
bg_2_TREFHTMN,154,0.458959755,0,99.40502025,0.019486318,0.99470512
bg_2_TREFHTMN,155,0.452649721,0,99.40863715,0.019212208,0.994541667
bg_2_TREFHTMN,156,0.456515627,0,99.35438368,0.01942404,0.994480521
bg_2_TREFHTMN,157,0.452939083,0,99.38693576,0.019379289,0.994370175
bg_2_TREFHTMN,158,0.443879044,0,99.41948785,0.019351336,0.994237678
bg_2_TREFHTMN,159,0.440471779,0,99.32906539,0.01934576,0.994001387
bg_2_TREFHTMN,160,0.449159622,0,99.38874421,0.018850694,0.994185793
bg_2_TREFHTMN,161,0.44531151,0,99.45565683,0.018863111,0.994186994
bg_2_TREFHTMN,162,0.453505276,0,99.37789352,0.019285299,0.994259836
bg_2_TREFHTMN,163,0.438831956,0,99.42491319,0.019365056,0.994248192
bg_2_TREFHTMN,164,0.442614668,0,99.39597801,0.0190552,0.994180195
bg_2_TREFHTMN,165,0.451687773,0,99.39959491,0.019844567,0.994148108
bg_2_TREFHTMN,166,0.443157768,0,99.35619213,0.020337158,0.994055891
bg_2_TREFHTMN,167,0.44797209,0,99.48097512,0.01980723,0.993791421
bg_2_TREFHTMN,168,0.445302979,0,99.32906539,0.020177874,0.994202435
bg_2_TREFHTMN,169,0.446536699,0,99.36523438,0.019696426,0.994334326
bg_2_TREFHTMN,170,0.443524065,0,99.35438368,0.019533259,0.99454273
bg_2_TREFHTMN,171,0.447698396,0,99.36523438,0.019556582,0.994668312
bg_2_TREFHTMN,172,0.447675309,0,99.39055266,0.020022888,0.994795849
bg_2_TREFHTMN,173,0.451486521,0,99.307364,0.019172135,0.994962794
bg_2_TREFHTMN,174,0.458770768,0,99.35257523,0.019312155,0.995092852
bg_2_TREFHTMN,175,0.453386591,0,99.36523438,0.019541987,0.994828701
bg_2_TREFHTMN,176,0.450205812,0,99.39055266,0.019496147,0.994613962
bg_2_TREFHTMN,177,0.450702744,0,99.4068287,0.019334608,0.994749276
bg_2_TREFHTMN,178,0.444302818,0,99.39055266,0.019568683,0.99467718
bg_2_TREFHTMN,179,0.446252759,0,99.38512731,0.019577483,0.994630166
bg_2_TREFHTMN,180,0.442583314,0,99.29289641,0.019596843,0.994683283
bg_2_TREFHTMN,181,0.43282703,0,99.28385417,0.019022016,0.994827613
bg_2_TREFHTMN,182,0.434539293,0,99.33268229,0.019416631,0.994746762
bg_2_TREFHTMN,183,0.434268138,0,99.39597801,0.018863123,0.994514622
bg_2_TREFHTMN,184,0.436207581,0,99.33087384,0.0195348,0.994519957
bg_2_TREFHTMN,185,0.443204102,0,99.29108796,0.019448101,0.994622095
bg_2_TREFHTMN,186,0.434590682,0,99.30193866,0.018865241,0.994521835
bg_2_TREFHTMN,187,0.428174172,0,99.38874421,0.019288675,0.994601936
bg_2_TREFHTMN,188,0.433636069,0,99.14641204,0.01960205,0.994779375
bg_2_TREFHTMN,189,0.430668867,0,99.38331887,0.019429249,0.994535571
bg_2_TREFHTMN,190,0.433217418,0,99.32002315,0.018788474,0.994626073
bg_2_TREFHTMN,191,0.431022619,0,99.36704282,0.018862204,0.994772714
bg_2_TREFHTMN,192,0.42731154,0,99.35257523,0.018860298,0.994730483
bg_2_TREFHTMN,193,0.433010582,0,99.00896991,0.018855284,0.994747871
bg_2_TREFHTMN,194,0.428523276,0,99.35438368,0.019004028,0.994721286
bg_2_TREFHTMN,195,0.429075103,0,99.24045139,0.019336295,0.994666955
bg_2_TREFHTMN,196,0.430770469,0,99.3218316,0.019894879,0.994548422
bg_2_TREFHTMN,197,0.434470528,0,99.31640625,0.01953986,0.994926732
bg_2_TREFHTMN,198,0.432072777,0,99.33629919,0.019546241,0.995042804
bg_2_TREFHTMN,199,0.430596097,0,99.33087384,0.02035676,0.994991677
bg_2_TREFHTMN,200,0.432714212,0,99.40140336,0.019426534,0.99510051
bg_2_TREFHTMN,201,0.431716739,0,99.35980903,0.019939461,0.995283446
bg_2_TREFHTMN,202,0.438548469,0,99.25672743,0.019468934,0.995350359
bg_2_TREFHTMN,203,0.439335363,0,99.32725694,0.019779741,0.995270654
bg_2_TREFHTMN,204,0.4377823,0,99.30917245,0.020264159,0.995214613
bg_2_TREFHTMN,205,0.440731212,0,99.26396123,0.019988847,0.995242404
bg_2_TREFHTMN,206,0.436191821,0,99.24768519,0.019900833,0.995047774
bg_2_TREFHTMN,207,0.43891518,0,99.19885706,0.020493292,0.995001625
bg_2_TREFHTMN,208,0.435986224,0,99.23502604,0.020321598,0.99505295
bg_2_TREFHTMN,209,0.435298189,0,99.26215278,0.019777222,0.995061796
bg_2_TREFHTMN,210,0.4318,0,99.18077257,0.019138004,0.995024816
bg_2_TREFHTMN,211,0.431718715,0,99.35257523,0.019980451,0.994886215
bg_2_TREFHTMN,212,0.436629731,0,99.24225984,0.019659383,0.994885474
bg_2_TREFHTMN,213,0.437145658,0,99.34353299,0.019499741,0.995077776
bg_2_TREFHTMN,214,0.436682457,0,99.45565683,0.019588923,0.994962358
bg_2_TREFHTMN,215,0.44016561,0,99.30917245,0.020080813,0.995013903
bg_2_TREFHTMN,216,0.447765738,0,99.35800058,0.020340895,0.995102703
bg_2_TREFHTMN,217,0.434843686,0,99.3254485,0.019582464,0.995079908
bg_2_TREFHTMN,218,0.43581926,0,99.43033854,0.019829678,0.995113743
bg_2_TREFHTMN,219,0.432068913,0,99.33629919,0.020287578,0.995197288
bg_2_TREFHTMN,220,0.436214283,0,99.43395544,0.019603737,0.995203185
bg_2_TREFHTMN,221,0.429936569,0,99.30917245,0.020192523,0.995097273
bg_2_TREFHTMN,222,0.438538732,0,99.35980903,0.019567656,0.995087197
bg_2_TREFHTMN,223,0.445773813,0,99.37608507,0.019573303,0.995159612
bg_2_TREFHTMN,224,0.44539812,0,99.39778646,0.020154217,0.995147255
bg_2_TREFHTMN,225,0.437130688,0,99.41225405,0.020665981,0.995044682
bg_2_TREFHTMN,226,0.434079039,0,99.40321181,0.02126186,0.99523338
bg_2_TREFHTMN,227,0.436755731,0,99.37065972,0.019575356,0.995118715
bg_2_TREFHTMN,228,0.439733639,0,99.3218316,0.020283077,0.995031634
bg_2_TREFHTMN,229,0.444298092,0,99.4176794,0.021162432,0.994989853
bg_2_TREFHTMN,230,0.44783332,0,99.37065972,0.019605717,0.995046882
bg_2_TREFHTMN,231,0.445267204,0,99.35980903,0.020307105,0.995293514
bg_2_TREFHTMN,232,0.463534491,0,99.41948785,0.020047616,0.995374573
bg_2_TREFHTMN,233,0.456853008,0,99.33629919,0.019718268,0.995286014
bg_2_TREFHTMN,234,0.449725841,0,99.39597801,0.019375328,0.995062648
bg_2_TREFHTMN,235,0.445361925,0,99.33268229,0.020687932,0.994929731
bg_2_TREFHTMN,236,0.448735172,0,99.39778646,0.019462479,0.994950682
bg_2_TREFHTMN,237,0.444571112,0,99.4068287,0.020227617,0.994953871
bg_2_TREFHTMN,238,0.458864106,0,99.40140336,0.019982817,0.994937176
bg_2_TREFHTMN,239,0.45780724,0,99.36885127,0.020109277,0.994804768
bg_2_TREFHTMN,240,0.451436138,0,99.38693576,0.019466513,0.994875029
bg_2_TREFHTMN,241,0.453729402,0,99.39778646,0.020340362,0.995092121
bg_2_TREFHTMN,242,0.4580771,0,99.4068287,0.019138811,0.995107747
bg_2_TREFHTMN,243,0.450473587,0,99.32725694,0.019553355,0.995052771
bg_2_TREFHTMN,244,0.44761885,0,99.30374711,0.019997319,0.995017068
bg_2_TREFHTMN,245,0.439998796,0,99.3254485,0.020408933,0.995086595
bg_2_TREFHTMN,246,0.443152073,0,99.29832176,0.019555335,0.995266585
bg_2_TREFHTMN,247,0.445467141,0,99.35438368,0.01969452,0.995392214
bg_2_TREFHTMN,248,0.44963018,0,99.32906539,0.019601463,0.995064187
bg_2_TREFHTMN,249,0.451663571,0,99.45023148,0.019026861,0.994894405
bg_2_TREFHTMN,250,0.454182749,0,99.38512731,0.019409075,0.99483729
bg_2_TREFHTMN,251,0.459832145,0,99.43033854,0.019575136,0.994754973
bg_2_TREFHTMN,252,0.459867024,0,99.33268229,0.019528859,0.99494426
bg_2_TREFHTMN,253,0.457288438,0,99.33268229,0.019290729,0.995049154
bg_2_TREFHTMN,254,0.462052788,0,99.38512731,0.019567876,0.995052347
bg_2_TREFHTMN,255,0.462789409,0,99.36161748,0.02012286,0.994907412
bg_2_TREFHTMN,256,0.461219554,0,99.37427662,0.020213732,0.994727438
bg_2_TREFHTMN,257,0.4696048,0,99.35800058,0.019882969,0.994925967
bg_2_TREFHTMN,258,0.467241342,0,99.34172454,0.019530326,0.994869162
bg_2_TREFHTMN,259,0.468759777,0,99.43395544,0.019399831,0.994980249
bg_2_TREFHTMN,260,0.455837062,0,99.39055266,0.019539053,0.994912249
bg_2_TREFHTMN,261,0.460683665,0,99.31278935,0.019590317,0.99497421
bg_2_TREFHTMN,262,0.455409767,0,99.3218316,0.018879929,0.995050131
bg_2_TREFHTMN,263,0.445264716,0,99.33449074,0.018863052,0.995012833
bg_2_TREFHTMN,264,0.448557309,0,99.37970197,0.0196936,0.994781463
bg_2_TREFHTMN,265,0.453791003,0,99.32906539,0.01909308,0.994894095
bg_2_TREFHTMN,266,0.451911984,0,99.27300347,0.0203187,0.995071065
bg_2_TREFHTMN,267,0.44907186,0,99.3218316,0.019160831,0.994896381
bg_2_TREFHTMN,268,0.454747301,0,99.38693576,0.019505682,0.995098987
bg_2_TREFHTMN,269,0.453641794,0,99.35257523,0.01927121,0.995332262
bg_2_TREFHTMN,270,0.464114142,0,99.37246817,0.019337029,0.995289662
bg_2_TREFHTMN,271,0.466023402,0,99.37789352,0.019412523,0.995198989
bg_2_TREFHTMN,272,0.467365121,0,99.33991609,0.019270696,0.994962568
bg_2_TREFHTMN,273,0.463098301,0,99.36885127,0.019484998,0.995131068
bg_2_TREFHTMN,274,0.463567412,0,99.35438368,0.019454777,0.99503624
bg_2_TREFHTMN,275,0.471703322,0,99.31278935,0.019353757,0.994960495
bg_2_TREFHTMN,276,0.470257113,0,99.3182147,0.019326243,0.994944456
bg_2_TREFHTMN,277,0.464990034,0,99.36885127,0.019596403,0.994923948
bg_2_TREFHTMN,278,0.462789674,0,99.4176794,0.019127948,0.994930137
bg_2_TREFHTMN,279,0.461156856,0,99.34172454,0.019226959,0.994419801
bg_2_TREFHTMN,280,0.461858754,0,99.36704282,0.019558049,0.994527308
bg_2_TREFHTMN,281,0.462122418,0,99.39778646,0.018751816,0.994790884
bg_2_TREFHTMN,282,0.466175949,0,99.28747106,0.018818137,0.994923107
bg_2_TREFHTMN,283,0.470416788,0,99.39055266,0.018829154,0.994977415
bg_2_TREFHTMN,284,0.476159334,0,99.29651331,0.020156586,0.994834112
bg_2_TREFHTMN,285,0.473402223,0,99.30013021,0.018534144,0.99473287
bg_2_TREFHTMN,286,0.471634312,0,99.38331887,0.018181137,0.994575792
bg_2_TREFHTMN,287,0.47004973,0,99.33087384,0.018663306,0.994558137
bg_2_TREFHTMN,288,0.471948375,0,99.38693576,0.018807049,0.994478909
bg_2_TREFHTMN,289,0.469572718,0,99.39416956,0.018789321,0.994428608
bg_2_TREFHTMN,290,0.470564251,0,99.35980903,0.018208975,0.994360624
bg_2_TREFHTMN,291,0.471161084,0,99.36161748,0.018776608,0.994388585
bg_2_TREFHTMN,292,0.461310005,0,99.29832176,0.018446935,0.994472339
bg_2_TREFHTMN,293,0.471175272,0,99.37427662,0.018217814,0.994410093
bg_2_TREFHTMN,294,0.473739746,0,99.40140336,0.01817208,0.994625742
bg_2_TREFHTMN,295,0.472312056,0,99.35076678,0.018180797,0.99444931
bg_2_TREFHTMN,296,0.46325157,0,99.37065972,0.018432728,0.994479819
bg_2_TREFHTMN,297,0.461265533,0,99.34895833,0.018329807,0.994517843
bg_2_TREFHTMN,298,0.46075309,0,99.38512731,0.018655885,0.994414973
bg_2_TREFHTMN,299,0.465684774,0,99.39416956,0.018178285,0.994596881
bg_2_TREFHTMN,300,0.472616203,0,99.4176794,0.018864182,0.994823717
bg_2_TREFHTMN,301,0.469269105,0,99.33087384,0.018631229,0.994837483
bg_2_TREFHTMN,302,0.460895662,0,99.44661458,0.018178618,0.99451729
bg_2_TREFHTMN,303,0.460846935,0,99.35438368,0.018173102,0.994392367
bg_2_TREFHTMN,304,0.458232869,0,99.39055266,0.018178413,0.994350784
bg_2_TREFHTMN,305,0.458719333,0,99.37246817,0.018170173,0.994503294
bg_2_TREFHTMN,306,0.461710524,0,99.37246817,0.018164181,0.994524797
bg_2_TREFHTMN,307,0.468761393,0,99.33268229,0.018153829,0.994636566
bg_2_TREFHTMN,308,0.467092693,0,99.43757234,0.018168062,0.994615281
bg_2_TREFHTMN,309,0.466310475,0,99.38151042,0.01802769,0.994557054
bg_2_TREFHTMN,310,0.469309396,0,99.39959491,0.018023944,0.994715393
bg_2_TREFHTMN,311,0.464737418,0,99.44118924,0.018117871,0.994596163
bg_2_TREFHTMN,312,0.466420566,0,99.38693576,0.018056095,0.994469694
bg_2_TREFHTMN,313,0.468195753,0,99.39597801,0.017956229,0.994416598
bg_2_TREFHTMN,314,0.469614302,0,99.31640625,0.017540506,0.994258079
bg_2_TREFHTMN,315,0.460504382,0,99.39959491,0.01802299,0.994230939
bg_2_TREFHTMN,316,0.456502132,0,99.43576389,0.017970944,0.994154513
bg_2_TREFHTMN,317,0.462170528,0,99.33449074,0.017540967,0.994208947
bg_2_TREFHTMN,318,0.465815938,0,99.37427662,0.017542084,0.994330543
bg_2_TREFHTMN,319,0.464955156,0,99.39778646,0.017521241,0.994256867
bg_2_TREFHTMN,320,0.461950646,0,99.37789352,0.017532485,0.994296951
bg_2_TREFHTMN,321,0.447896178,0,99.41587095,0.017532353,0.994059736
bg_2_TREFHTMN,322,0.451990169,0,99.41225405,0.01750329,0.993949008
bg_2_TREFHTMN,323,0.461665914,0,99.38874421,0.017527948,0.994217756
bg_2_TREFHTMN,324,0.465377092,0,99.26215278,0.017526041,0.994223017
bg_2_TREFHTMN,325,0.464989493,0,99.34534144,0.017538994,0.994314788
bg_2_TREFHTMN,326,0.464655687,0,99.32725694,0.017542479,0.994303665
bg_2_TREFHTMN,327,0.470754877,0,99.26757813,0.01753472,0.994197356
bg_2_TREFHTMN,328,0.467845884,0,99.39778646,0.017430559,0.994041903
bg_2_TREFHTMN,329,0.472364092,0,99.37608507,0.017493361,0.994169769
bg_2_TREFHTMN,330,0.464757776,0,99.38331887,0.017453379,0.99398201
bg_2_TREFHTMN,331,0.456245057,0,99.39959491,0.017241775,0.994053507
bg_2_TREFHTMN,332,0.451419706,0,99.36342593,0.017411026,0.994135239
bg_2_TREFHTMN,333,0.464999219,0,99.307364,0.01753255,0.994153168
bg_2_TREFHTMN,334,0.462837535,0,99.30555556,0.017396688,0.994096045
bg_2_TREFHTMN,335,0.459572275,0,99.30374711,0.017444961,0.993962031
bg_2_TREFHTMN,336,0.459798484,0,99.35076678,0.017235459,0.993777018
bg_2_TREFHTMN,337,0.456731173,0,99.35800058,0.017516178,0.993833067
bg_2_TREFHTMN,338,0.45711544,0,99.32725694,0.017383994,0.993762664
bg_2_TREFHTMN,339,0.460372202,0,99.33268229,0.017509339,0.993707706
bg_2_TREFHTMN,340,0.458829335,0,99.33810764,0.017536035,0.993687652
bg_2_TREFHTMN,341,0.452058561,0,99.3254485,0.017541821,0.993637786
bg_2_TREFHTMN,342,0.446862918,0,99.4068287,0.017632035,0.993633534
bg_2_TREFHTMN,343,0.450594009,0,99.34353299,0.017667348,0.993818098
bg_2_TREFHTMN,344,0.433604933,0,99.37065972,0.01773817,0.993889951
bg_2_TREFHTMN,345,0.449535114,0,99.37427662,0.017534852,0.994175401
bg_2_TREFHTMN,346,0.447535689,0,99.43938079,0.018002758,0.994100764
bg_2_TREFHTMN,347,0.452487005,0,99.35980903,0.017775042,0.994114281
bg_2_TREFHTMN,348,0.453766459,0,99.36704282,0.018170378,0.993952203
bg_2_TREFHTMN,349,0.447541306,0,99.39959491,0.018109017,0.993846774
bg_2_TREFHTMN,350,0.446835934,0,99.35980903,0.018302377,0.993861717
bg_2_TREFHTMN,351,0.450478828,0,99.33449074,0.018149403,0.993789102
bg_2_TREFHTMN,352,0.446336888,0,99.33087384,0.018175145,0.993953325
bg_2_TREFHTMN,353,0.452504684,0,99.34534144,0.018033344,0.993893515
bg_2_TREFHTMN,354,0.461422743,0,99.28747106,0.0180172,0.994113828
bg_2_TREFHTMN,355,0.452024314,0,99.34714988,0.018005824,0.994135732
bg_2_TREFHTMN,356,0.452232768,0,99.36161748,0.017533865,0.994093228
bg_2_TREFHTMN,357,0.451610743,0,99.35800058,0.017499082,0.99423321
bg_2_TREFHTMN,358,0.449549756,0,99.39236111,0.017445093,0.994274096
bg_2_TREFHTMN,359,0.451541261,0,99.39416956,0.017938856,0.994255437
bg_2_TREFHTMN,360,0.451629538,0,99.40863715,0.018130607,0.994163395
bg_2_TREFHTMN,361,0.448514255,0,99.34714988,0.01768773,0.994143177
bg_2_TREFHTMN,362,0.441519597,0,99.35438368,0.017491191,0.993948171
bg_2_TREFHTMN,363,0.446272838,0,99.3254485,0.017622559,0.993986932
bg_2_TREFHTMN,364,0.443675972,0,99.34172454,0.017518874,0.994048615
bg_2_TREFHTMN,365,0.4497851,0,99.38151042,0.017456667,0.993995707
bg_2_TREFHTMN,366,0.451002029,0,99.35257523,0.018110583,0.993965119
bg_2_TREFHTMN,367,0.449615893,0,99.36161748,0.017417997,0.993882124
bg_2_TREFHTMN,368,0.451092759,0,99.33629919,0.017538665,0.994007777
bg_2_TREFHTMN,369,0.447109406,0,99.4212963,0.017517559,0.994200931
bg_2_TREFHTMN,370,0.447465384,0,99.33810764,0.017540901,0.994471419
bg_2_TREFHTMN,371,0.450299407,0,99.33449074,0.017243354,0.994474299
bg_2_TREFHTMN,372,0.457293569,0,99.36161748,0.017527225,0.994601806
bg_2_TREFHTMN,373,0.456169243,0,99.35800058,0.017467912,0.994440852
bg_2_TREFHTMN,374,0.44597314,0,99.37608507,0.017540243,0.994451098
bg_2_TREFHTMN,375,0.449618993,0,99.4068287,0.017856702,0.994464417
bg_2_TREFHTMN,376,0.448789928,0,99.33268229,0.017630672,0.994584172
bg_2_TREFHTMN,377,0.459566919,0,99.4212963,0.017509734,0.994477321
bg_2_TREFHTMN,378,0.46444023,0,99.36342593,0.017577221,0.994479546
bg_2_TREFHTMN,379,0.464670862,0,99.4104456,0.018006164,0.994661822
bg_2_TREFHTMN,380,0.457046048,0,99.44118924,0.018151446,0.994805415
bg_2_TREFHTMN,381,0.452128227,0,99.4212963,0.018112422,0.994655749
bg_2_TREFHTMN,382,0.451282263,0,99.35438368,0.018056912,0.994912289
bg_2_TREFHTMN,383,0.458495301,0,99.40140336,0.018276571,0.994830994
bg_2_TREFHTMN,384,0.45757509,0,99.33991609,0.018477184,0.994865592
bg_2_TREFHTMN,385,0.461874389,0,99.33449074,0.018764177,0.994813882
bg_2_TREFHTMN,386,0.461918169,0,99.40863715,0.018546086,0.994848318
bg_2_TREFHTMN,387,0.467527224,0,99.40321181,0.017978302,0.994860357
bg_2_TREFHTMN,388,0.462477565,0,99.39959491,0.018136532,0.994701931
bg_2_TREFHTMN,389,0.462751566,0,99.46289063,0.017540835,0.994785166
bg_2_TREFHTMN,390,0.464726645,0,99.38693576,0.017401884,0.994859435
bg_2_TREFHTMN,391,0.463591081,0,99.3145978,0.017541493,0.994896149
bg_2_TREFHTMN,392,0.451391233,0,99.40502025,0.018177188,0.994695718
bg_2_TREFHTMN,393,0.449974898,0,99.41225405,0.018119301,0.994913431
bg_2_TREFHTMN,394,0.449409701,0,99.37065972,0.017542282,0.994903387
bg_2_TREFHTMN,395,0.448619887,0,99.39416956,0.017538928,0.994901313
bg_2_TREFHTMN,396,0.449216066,0,99.37970197,0.017531433,0.994842684
bg_2_TREFHTMN,397,0.44252093,0,99.26938657,0.017707156,0.9947181
bg_2_TREFHTMN,398,0.450462571,0,99.43757234,0.017513351,0.994708315
bg_2_TREFHTMN,399,0.454587566,0,99.38874421,0.01758997,0.994427313
bg_2_TREFHTMN,400,0.468928928,0,99.38331887,0.017535707,0.994703791
bg_2_TREFHTMN,401,0.458581096,0,99.41225405,0.017514205,0.994556501
bg_2_TREFHTMN,402,0.45743847,0,99.43033854,0.017543136,0.994826368
bg_2_TREFHTMN,403,0.450429206,0,99.37789352,0.017674369,0.994789989
bg_2_TREFHTMN,404,0.448947619,0,99.35980903,0.017812116,0.994732771
bg_2_TREFHTMN,405,0.448636672,0,99.28023727,0.017541164,0.994847302
bg_2_TREFHTMN,406,0.451373728,0,99.40502025,0.018153285,0.994971817
bg_2_TREFHTMN,407,0.449904229,0,99.37065972,0.018120255,0.994830249
bg_2_TREFHTMN,408,0.446836834,0,99.4068287,0.017793511,0.995147498
bg_2_TREFHTMN,409,0.452127996,0,99.31278935,0.017944647,0.995104644
bg_2_TREFHTMN,410,0.446041699,0,99.34353299,0.017730877,0.995271455
bg_2_TREFHTMN,411,0.446803022,0,99.35438368,0.017536167,0.994838124
bg_2_TREFHTMN,412,0.453293095,0,99.38151042,0.017721675,0.994810891
bg_2_TREFHTMN,413,0.452581323,0,99.4104456,0.01750283,0.99463712
bg_2_TREFHTMN,414,0.454248683,0,99.3182147,0.017531104,0.994646273
bg_2_TREFHTMN,415,0.458599227,0,99.39236111,0.017540178,0.994826907
bg_2_TREFHTMN,416,0.455575101,0,99.38693576,0.017536101,0.994786383
bg_2_TREFHTMN,417,0.455342218,0,99.34714988,0.017533537,0.99494461
bg_2_TREFHTMN,418,0.452784471,0,99.35800058,0.017537679,0.994942779
bg_2_TREFHTMN,419,0.44824891,0,99.37608507,0.018144431,0.99489089
bg_2_TREFHTMN,420,0.456093471,0,99.35980903,0.018095668,0.995053269
bg_2_TREFHTMN,421,0.456314237,0,99.31640625,0.018074213,0.995207794
bg_2_TREFHTMN,422,0.461802949,0,99.37065972,0.018164453,0.995281548
bg_2_TREFHTMN,423,0.463905949,0,99.31640625,0.018738395,0.995494477
bg_2_TREFHTMN,424,0.45848235,0,99.32725694,0.018181069,0.995481107
bg_2_TREFHTMN,425,0.459410768,0,99.36161748,0.018131083,0.995428242
bg_2_TREFHTMN,426,0.466862848,0,99.37065972,0.018103296,0.995572441
bg_2_TREFHTMN,427,0.465719364,0,99.36704282,0.018141435,0.995494033
bg_2_TREFHTMN,428,0.461762144,0,99.34895833,0.018179503,0.995436352
bg_2_TREFHTMN,429,0.452171984,0,99.40863715,0.018179162,0.995421045
bg_2_TREFHTMN,430,0.45983873,0,99.35076678,0.018177119,0.995322124
bg_2_TREFHTMN,431,0.462074302,0,99.38693576,0.01857958,0.995374005
bg_2_TREFHTMN,432,0.460835255,0,99.37789352,0.018177664,0.995490799
bg_2_TREFHTMN,433,0.458665937,0,99.38512731,0.018181205,0.995527486
bg_2_TREFHTMN,434,0.457827724,0,99.3254485,0.018851329,0.995564732
bg_2_TREFHTMN,435,0.460362836,0,99.39416956,0.018648397,0.995506092
bg_2_TREFHTMN,436,0.461399513,0,99.44480613,0.018157847,0.995329299
bg_2_TREFHTMN,437,0.468295723,0,99.34714988,0.018515841,0.995282849
bg_2_TREFHTMN,438,0.471366912,0,99.33629919,0.01846511,0.995085798
bg_2_TREFHTMN,439,0.467638468,0,99.30374711,0.018680541,0.995311063
bg_2_TREFHTMN,440,0.452987962,0,99.35257523,0.018762128,0.995269847
bg_2_TREFHTMN,441,0.456879995,0,99.35619213,0.0182835,0.995268855
bg_2_TREFHTMN,442,0.464362655,0,99.34353299,0.018166632,0.995272252
bg_2_TREFHTMN,443,0.462742283,0,99.36342593,0.018340058,0.995329228
bg_2_TREFHTMN,444,0.4534737,0,99.37065972,0.018171808,0.995221006
bg_2_TREFHTMN,445,0.456106637,0,99.39055266,0.018243764,0.995163474
bg_2_TREFHTMN,446,0.455648943,0,99.4212963,0.018436262,0.995076414
bg_2_TREFHTMN,447,0.449333462,0,99.4104456,0.018827247,0.995130927
bg_2_TREFHTMN,448,0.456774964,0,99.38874421,0.018830072,0.995308923
bg_2_TREFHTMN,449,0.460977808,0,99.35438368,0.019424921,0.995266487
bg_2_TREFHTMN,450,0.455175786,0,99.42853009,0.019143216,0.995402465
bg_2_TREFHTMN,451,0.463032951,0,99.34353299,0.01885486,0.995467646
bg_2_TREFHTMN,452,0.468019522,0,99.35257523,0.018852812,0.995538329
bg_2_TREFHTMN,453,0.467353111,0,99.36523438,0.019509716,0.995499626
bg_2_TREFHTMN,454,0.45920923,0,99.32002315,0.018794759,0.9952897
bg_2_TREFHTMN,455,0.452566542,0,99.29832176,0.018526936,0.995123793
bg_2_TREFHTMN,456,0.462275417,0,99.36342593,0.018319132,0.995101014
bg_2_TREFHTMN,457,0.466820588,0,99.38874421,0.018727164,0.994918225
bg_2_TREFHTMN,458,0.462741285,0,99.34172454,0.018664504,0.994765258
bg_2_TREFHTMN,459,0.45769751,0,99.4068287,0.018803588,0.994801752
bg_2_TREFHTMN,460,0.468092761,0,99.38693576,0.018792076,0.99514756
bg_2_TREFHTMN,461,0.462693099,0,99.39416956,0.018709363,0.995142776
bg_2_TREFHTMN,462,0.457983241,0,99.39055266,0.018854225,0.995075012
bg_2_TREFHTMN,463,0.462487435,0,99.39236111,0.018930454,0.994995161
bg_2_TREFHTMN,464,0.466249812,0,99.38512731,0.018860086,0.995067545
bg_2_TREFHTMN,465,0.467304343,0,99.40502025,0.019334021,0.99519443
bg_2_TREFHTMN,466,0.469277842,0,99.35619213,0.018787767,0.995278436
bg_2_TREFHTMN,467,0.468670302,0,99.20066551,0.018831343,0.995235412
bg_2_TREFHTMN,468,0.450987066,0,99.38874421,0.018704771,0.994968171
bg_2_TREFHTMN,469,0.449307689,0,99.37789352,0.018596467,0.994880466
bg_2_TREFHTMN,470,0.447715864,0,99.38331887,0.018711623,0.994863565
bg_2_TREFHTMN,471,0.455763688,0,99.34534144,0.019674811,0.995087709
bg_2_TREFHTMN,472,0.455675653,0,99.34534144,0.01881849,0.995162803
bg_2_TREFHTMN,473,0.453986097,0,99.27481192,0.020346463,0.995309952
bg_2_TREFHTMN,474,0.456535881,0,99.37065972,0.019524018,0.995027739
bg_2_TREFHTMN,475,0.457866622,0,99.38874421,0.018749414,0.995044489
bg_2_TREFHTMN,476,0.455223332,0,99.38331887,0.019539989,0.995114112
bg_2_TREFHTMN,477,0.460213427,0,99.39416956,0.019549908,0.995021485
bg_2_TREFHTMN,478,0.458088169,0,99.34714988,0.019550641,0.995095744
bg_2_TREFHTMN,479,0.445955768,0,99.37789352,0.018858391,0.995242101
bg_2_TREFHTMN,480,0.446187007,0,99.38512731,0.018856626,0.994981776
bg_2_TREFHTMN,481,0.450067152,0,99.42491319,0.019528932,0.99503308
bg_2_TREFHTMN,482,0.455472658,0,99.39597801,0.018978697,0.995095016
bg_2_TREFHTMN,483,0.455547482,0,99.29651331,0.018865947,0.995228225
bg_2_TREFHTMN,484,0.450266433,0,99.31278935,0.019135215,0.995056229
bg_2_TREFHTMN,485,0.452166011,0,99.33629919,0.019431376,0.995080869
bg_2_TREFHTMN,486,0.459214025,0,99.28747106,0.018841089,0.99520128
bg_2_TREFHTMN,487,0.457789054,0,99.36704282,0.020481231,0.995091551
bg_2_TREFHTMN,488,0.454303983,0,99.45384838,0.019503482,0.995019137
bg_2_TREFHTMN,489,0.452483764,0,99.33268229,0.019356032,0.994990268
bg_2_TREFHTMN,490,0.460295844,0,99.40321181,0.018845397,0.9950268
bg_2_TREFHTMN,491,0.458806129,0,99.34534144,0.01951419,0.994984592
bg_2_TREFHTMN,492,0.458778855,0,99.36342593,0.019519618,0.994961023
bg_2_TREFHTMN,493,0.465019968,0,99.37427662,0.018853377,0.994949977
bg_2_TREFHTMN,494,0.468016402,0,99.43938079,0.018803376,0.994800577
bg_2_TREFHTMN,495,0.467003844,0,99.4140625,0.020264922,0.994556786
bg_2_TREFHTMN,496,0.468793693,0,99.38693576,0.019628525,0.994502618
bg_2_TREFHTMN,497,0.468347646,0,99.37427662,0.020227694,0.994672898
bg_2_TREFHTMN,498,0.461695892,0,99.40863715,0.019147106,0.994616654
bg_2_TREFHTMN,499,0.456740158,0,99.41948785,0.018853801,0.994416107
bg_2_TREFHTMN,500,0.458065055,0,99.35076678,0.018834451,0.99452353
bg_2_TREFHTMN,501,0.451883464,0,99.0234375,0.018851541,0.994568491
bg_2_TREFHTMN,502,0.459545001,0,99.39959491,0.019501281,0.994512369
bg_2_TREFHTMN,503,0.462104634,0,99.37608507,0.019579316,0.994492404
bg_2_TREFHTMN,504,0.457840531,0,99.43214699,0.019341651,0.994360626
bg_2_TREFHTMN,505,0.452164747,0,99.40321181,0.01878692,0.994411178
bg_2_TREFHTMN,506,0.456130705,0,99.35076678,0.018867218,0.994414147
bg_2_TREFHTMN,507,0.454719275,0,99.44118924,0.01959479,0.994207897
bg_2_TREFHTMN,508,0.454760167,0,99.39778646,0.019285006,0.994109596
bg_2_TREFHTMN,509,0.46940876,0,99.40502025,0.01960051,0.994275118
bg_2_TREFHTMN,510,0.465319343,0,99.36161748,0.01959391,0.994542992
bg_2_TREFHTMN,511,0.458619151,0,99.4212963,0.019550788,0.994508833
bg_2_TREFHTMN,512,0.463177681,0,99.38151042,0.019579023,0.99456348
bg_2_TREFHTMN,513,0.451406652,0,99.35076678,0.019845178,0.994575843
bg_2_TREFHTMN,514,0.450626247,0,99.39959491,0.019532746,0.994788549
bg_2_TREFHTMN,515,0.453447766,0,99.37427662,0.020127057,0.994873195
bg_2_TREFHTMN,516,0.454812348,0,99.41948785,0.019518224,0.994855001
bg_2_TREFHTMN,517,0.449021867,0,99.36885127,0.019509643,0.994725997
bg_2_TREFHTMN,518,0.451048515,0,99.4104456,0.02027728,0.994994554
bg_2_TREFHTMN,519,0.441837569,0,99.39055266,0.01946842,0.994996824
bg_2_TREFHTMN,520,0.441800945,0,99.43576389,0.019581736,0.995078455
bg_2_TREFHTMN,521,0.440637323,0,99.43757234,0.019545874,0.995062412
bg_2_TREFHTMN,522,0.444378851,0,99.39055266,0.020000601,0.99490703
bg_2_TREFHTMN,523,0.4515094,0,99.34714988,0.019581663,0.994709169
bg_2_TREFHTMN,524,0.457642268,0,99.43395544,0.01923804,0.994481369
bg_2_TREFHTMN,525,0.462315485,0,99.43395544,0.019558782,0.994320084
bg_2_TREFHTMN,526,0.459405962,0,99.45746528,0.019482944,0.994223018
bg_2_TREFHTMN,527,0.454392556,0,99.37970197,0.020599007,0.994442927
bg_2_TREFHTMN,528,0.447821192,0,99.37427662,0.020115687,0.994790861
bg_2_TREFHTMN,529,0.450443009,0,99.36523438,0.019576676,0.995026701
bg_2_TREFHTMN,530,0.457935861,0,99.37065972,0.019955643,0.995088608
bg_2_TREFHTMN,531,0.454833393,0,99.41225405,0.019599997,0.994992228
bg_2_TREFHTMN,532,0.448827332,0,99.34353299,0.019578656,0.995006828
bg_2_TREFHTMN,533,0.453607582,0,99.4140625,0.019531719,0.994821623
bg_2_TREFHTMN,534,0.44904947,0,99.43757234,0.019569709,0.994865943
bg_2_TREFHTMN,535,0.443776862,0,99.45203993,0.019541694,0.994822782
bg_2_TREFHTMN,536,0.451552455,0,99.42672164,0.019521525,0.99492628
bg_2_TREFHTMN,537,0.45471014,0,99.34714988,0.01985831,0.994853703
bg_2_TREFHTMN,538,0.457171614,0,99.30193866,0.019509496,0.99481643
bg_2_TREFHTMN,539,0.455825405,0,99.35800058,0.019585183,0.994796864
bg_2_TREFHTMN,540,0.450237722,0,99.30013021,0.02099744,0.994827462
bg_2_TREFHTMN,541,0.45015044,0,99.37970197,0.01960579,0.994859168
bg_2_TREFHTMN,542,0.452420769,0,99.38331887,0.019545067,0.994900874
bg_2_TREFHTMN,543,0.452548245,0,99.30374711,0.02038536,0.995166676
bg_2_TREFHTMN,544,0.447950579,0,99.39778646,0.019403719,0.995137734
bg_2_TREFHTMN,545,0.453113883,0,99.3218316,0.020240281,0.995169268
bg_2_TREFHTMN,546,0.450036001,0,99.37065972,0.019588703,0.995339792
bg_2_TREFHTMN,547,0.447580691,0,99.37970197,0.020337463,0.995390156
bg_2_TREFHTMN,548,0.44875691,0,99.35257523,0.02098426,0.995317754
bg_2_TREFHTMN,549,0.452557155,0,99.32725694,0.020201754,0.995220558
bg_2_TREFHTMN,550,0.452254478,0,99.29651331,0.020372548,0.995206671
bg_2_TREFHTMN,551,0.451506948,0,99.34714988,0.020056697,0.995324693
bg_2_TREFHTMN,552,0.445425912,0,99.35438368,0.020356836,0.995047329
bg_2_TREFHTMN,553,0.442726741,0,99.33268229,0.019453603,0.99468657
bg_2_TREFHTMN,554,0.441423002,0,99.3182147,0.021011205,0.994549888
bg_2_TREFHTMN,555,0.439500007,0,99.38151042,0.019385159,0.994626023
bg_2_TREFHTMN,556,0.442829783,0,99.36704282,0.019464313,0.994739162
bg_2_TREFHTMN,557,0.446912674,0,99.40140336,0.019405052,0.994827386
bg_2_TREFHTMN,558,0.439701047,0,99.41948785,0.019590097,0.994629163
bg_2_TREFHTMN,559,0.451446176,0,99.40140336,0.019091612,0.994734304
bg_2_TREFHTMN,560,0.455884624,0,99.29651331,0.02116116,0.994997617
bg_2_TREFHTMN,561,0.450820867,0,99.43757234,0.020337463,0.994886274
bg_2_TREFHTMN,562,0.444405577,0,99.42672164,0.019619359,0.995174584
bg_2_TREFHTMN,563,0.441736286,0,99.37789352,0.019592883,0.995219854
bg_2_TREFHTMN,564,0.44385845,0,99.38331887,0.01959655,0.995199033
bg_2_TREFHTMN,565,0.440205156,0,99.40863715,0.020107674,0.995043128
bg_2_TREFHTMN,566,0.450677334,0,99.38512731,0.020011689,0.99490434
bg_2_TREFHTMN,567,0.445805274,0,99.40502025,0.020054713,0.994857402
bg_2_TREFHTMN,568,0.444141209,0,99.35438368,0.019531646,0.994815095
bg_2_TREFHTMN,569,0.440573282,0,99.36704282,0.019526084,0.99500477
bg_2_TREFHTMN,570,0.44672826,0,99.34534144,0.02019176,0.994986656
bg_2_TREFHTMN,571,0.452073003,0,99.33991609,0.019393962,0.994652743
bg_2_TREFHTMN,572,0.440370726,0,99.3254485,0.019419199,0.994661148
bg_2_TREFHTMN,573,0.447163893,0,99.34534144,0.01958247,0.994748978
bg_2_TREFHTMN,574,0.445970275,0,99.307364,0.019360507,0.99502018
bg_2_TREFHTMN,575,0.435072544,0,99.35619213,0.01959809,0.995139788
bg_2_TREFHTMN,576,0.433158357,0,99.37608507,0.019467024,0.99504016
bg_2_TREFHTMN,577,0.432020257,0,99.36342593,0.019395356,0.995009251
bg_2_TREFHTMN,578,0.433122356,0,99.3254485,0.019528199,0.995110337
bg_2_TREFHTMN,579,0.439267454,0,99.31640625,0.019536927,0.995225087
bg_2_TREFHTMN,580,0.444791939,0,99.35438368,0.020012432,0.995225223
bg_2_TREFHTMN,581,0.446680526,0,99.37065972,0.019536927,0.995039861
bg_2_TREFHTMN,582,0.444341853,0,99.42853009,0.019607256,0.994942973
