set,time,ssim_fp,ks_p_value,spatial_rel_error,max_spatial_rel_error,pearson_correlation_coefficient
bg_2_TS,0,0.460576619,0,99.37608507,0.017538402,0.994716503
bg_2_TS,1,0.44543335,0,99.40502025,0.018005279,0.994501828
bg_2_TS,2,0.45002483,0,99.42310475,0.017521899,0.994642333
bg_2_TS,3,0.446419234,0,99.32906539,0.017534655,0.99452749
bg_2_TS,4,0.45215389,0,99.34534144,0.017512167,0.994771477
bg_2_TS,5,0.444458593,0,99.36342593,0.017538863,0.994506035
bg_2_TS,6,0.450542845,0,99.39055266,0.017518786,0.994572437
bg_2_TS,7,0.456474325,0,99.40502025,0.017499936,0.994539115
bg_2_TS,8,0.457252505,0,99.43395544,0.018087699,0.994619313
bg_2_TS,9,0.452111509,0,99.22779225,0.017502435,0.994578494
bg_2_TS,10,0.453565099,0,99.42672164,0.017542939,0.994627767
bg_2_TS,11,0.452769394,0,99.307364,0.017518742,0.994754222
bg_2_TS,12,0.450802106,0,99.35438368,0.017941445,0.994897015
bg_2_TS,13,0.451832073,0,99.39959491,0.017536496,0.994789004
bg_2_TS,14,0.453413389,0,99.38151042,0.017956501,0.994792691
bg_2_TS,15,0.453035508,0,99.42491319,0.018153353,0.994803815
bg_2_TS,16,0.452783447,0,99.39959491,0.018176166,0.994764271
bg_2_TS,17,0.464654469,0,99.43395544,0.018157916,0.994824665
bg_2_TS,18,0.457621829,0,99.3182147,0.018106361,0.994852065
bg_2_TS,19,0.45437984,0,99.29470486,0.018039407,0.994868762
bg_2_TS,20,0.463149896,0,99.4104456,0.018067402,0.994931294
bg_2_TS,21,0.460321203,0,99.42491319,0.018171059,0.994978832
bg_2_TS,22,0.460331508,0,99.42310475,0.018140958,0.994906955
bg_2_TS,23,0.459506753,0,99.4068287,0.018144363,0.994869708
bg_2_TS,24,0.463759171,0,99.29651331,0.018169969,0.994841716
bg_2_TS,25,0.468944462,0,99.29108796,0.017881895,0.994624061
bg_2_TS,26,0.467300637,0,99.36342593,0.018022173,0.994352879
bg_2_TS,27,0.461522861,0,99.36704282,0.017923526,0.994408271
bg_2_TS,28,0.456372891,0,99.40502025,0.017494544,0.994188636
bg_2_TS,29,0.450612963,0,99.45384838,0.017543268,0.994635585
bg_2_TS,30,0.444801937,0,99.45203993,0.017539191,0.994696237
bg_2_TS,31,0.451160352,0,99.40502025,0.0175098,0.99466691
bg_2_TS,32,0.456467839,0,99.37608507,0.017785061,0.994570236
bg_2_TS,33,0.456190005,0,99.39055266,0.017523542,0.994506079
bg_2_TS,34,0.45624447,0,99.35076678,0.017521372,0.994689224
bg_2_TS,35,0.45493601,0,99.38331887,0.017529066,0.994721869
bg_2_TS,36,0.456759038,0,99.41948785,0.017502567,0.994632759
bg_2_TS,37,0.456885968,0,99.38874421,0.017867722,0.994759149
bg_2_TS,38,0.458847795,0,99.38874421,0.0181366,0.994778677
bg_2_TS,39,0.459520712,0,99.41587095,0.018061135,0.994820949
bg_2_TS,40,0.458234798,0,99.33268229,0.018062293,0.994928601
bg_2_TS,41,0.456446625,0,99.40863715,0.017505854,0.995014815
bg_2_TS,42,0.451100078,0,99.33991609,0.017541098,0.995126894
bg_2_TS,43,0.45085707,0,99.37608507,0.017534655,0.995131139
bg_2_TS,44,0.450779767,0,99.4176794,0.017509997,0.995031218
bg_2_TS,45,0.463758446,0,99.42491319,0.017519137,0.99489288
bg_2_TS,46,0.454164593,0,99.40321181,0.017539783,0.994747511
bg_2_TS,47,0.452875997,0,99.37427662,0.017540506,0.995170516
bg_2_TS,48,0.458248336,0,99.38874421,0.017532813,0.995364248
bg_2_TS,49,0.454775579,0,99.36523438,0.017540769,0.995505108
bg_2_TS,50,0.453795584,0,99.44299769,0.01817208,0.995371369
bg_2_TS,51,0.461185261,0,99.41587095,0.018146679,0.995365125
bg_2_TS,52,0.456967853,0,99.40863715,0.01808695,0.99541674
bg_2_TS,53,0.451967663,0,99.39959491,0.01813803,0.995473988
bg_2_TS,54,0.451306203,0,99.42672164,0.018135578,0.995364499
bg_2_TS,55,0.456334397,0,99.4176794,0.018154442,0.995159083
bg_2_TS,56,0.452266745,0,99.4176794,0.018150424,0.995102609
bg_2_TS,57,0.457111953,0,99.39416956,0.018161321,0.995311457
bg_2_TS,58,0.447925864,0,99.3254485,0.018136055,0.995276758
bg_2_TS,59,0.452732737,0,99.38693576,0.018129108,0.99505917
bg_2_TS,60,0.456969317,0,99.43395544,0.018038112,0.994937095
bg_2_TS,61,0.462385662,0,99.26757813,0.018170854,0.994991911
bg_2_TS,62,0.465733457,0,99.42310475,0.018132922,0.995070786
bg_2_TS,63,0.464589361,0,99.41225405,0.018175077,0.99521923
bg_2_TS,64,0.459030163,0,99.39959491,0.018174532,0.995317414
bg_2_TS,65,0.461735809,0,99.45746528,0.018158869,0.99519897
bg_2_TS,66,0.456935098,0,99.37789352,0.01817923,0.995282486
bg_2_TS,67,0.458056146,0,99.45927373,0.018181614,0.995336231
bg_2_TS,68,0.463384348,0,99.38151042,0.018115691,0.995524433
bg_2_TS,69,0.469373405,0,99.39055266,0.018105271,0.995423568
bg_2_TS,70,0.473858975,0,99.40140336,0.018791087,0.995336781
bg_2_TS,71,0.467865203,0,99.42672164,0.01877908,0.995400162
bg_2_TS,72,0.456156236,0,99.38874421,0.018169084,0.995611296
bg_2_TS,73,0.45798301,0,99.37608507,0.018179367,0.995600599
bg_2_TS,74,0.461756035,0,99.25491898,0.018150629,0.995594909
bg_2_TS,75,0.456447082,0,99.42853009,0.0181778,0.995740811
bg_2_TS,76,0.456404364,0,99.39055266,0.018173578,0.995703899
bg_2_TS,77,0.462457401,0,99.4176794,0.018739525,0.995713392
bg_2_TS,78,0.466449826,0,99.44299769,0.018627555,0.995904172
bg_2_TS,79,0.462921855,0,99.43033854,0.018713036,0.995810999
bg_2_TS,80,0.466178186,0,99.4176794,0.018858744,0.995726829
bg_2_TS,81,0.463530154,0,99.4104456,0.018667754,0.995762958
bg_2_TS,82,0.468051275,0,99.42672164,0.018461494,0.995723829
bg_2_TS,83,0.464912226,0,99.41587095,0.018849422,0.995785944
bg_2_TS,84,0.459915395,0,99.37970197,0.018827459,0.995631801
bg_2_TS,85,0.458595837,0,99.43033854,0.01875902,0.995585508
bg_2_TS,86,0.459287578,0,99.45746528,0.018768273,0.995585655
bg_2_TS,87,0.463531836,0,99.40502025,0.018832473,0.995460769
bg_2_TS,88,0.461536573,0,99.43938079,0.018866583,0.995460794
bg_2_TS,89,0.465789078,0,99.21694155,0.01959215,0.995262989
bg_2_TS,90,0.466899712,0,99.43576389,0.018840807,0.995086031
bg_2_TS,91,0.465271617,0,99.37427662,0.018742139,0.995419184
bg_2_TS,92,0.46366135,0,99.41587095,0.018857967,0.995427172
bg_2_TS,93,0.468343281,0,99.37427662,0.018752028,0.995528549
bg_2_TS,94,0.470548369,0,99.48820891,0.018826047,0.995583652
bg_2_TS,95,0.467971156,0,99.4212963,0.018827247,0.995414114
bg_2_TS,96,0.46141089,0,99.39416956,0.018858462,0.995506294
bg_2_TS,97,0.462718936,0,99.16811343,0.0188264,0.99548352
bg_2_TS,98,0.466079649,0,99.29108796,0.018843985,0.995645696
bg_2_TS,99,0.464778236,0,99.2115162,0.018861055,0.995768779
bg_2_TS,100,0.457031231,0,99.39416956,0.018867783,0.995718882
bg_2_TS,101,0.461706578,0,99.4140625,0.018867571,0.99564984
bg_2_TS,102,0.465542854,0,99.39236111,0.018837276,0.995565235
bg_2_TS,103,0.462790571,0,99.44480613,0.018837205,0.995616846
bg_2_TS,104,0.459648316,0,99.30374711,0.018850058,0.995676928
bg_2_TS,105,0.451215305,0,99.40140336,0.018837064,0.995610947
bg_2_TS,106,0.45279542,0,99.39055266,0.019399611,0.995650456
bg_2_TS,107,0.459465182,0,99.44661458,0.019547854,0.995740994
bg_2_TS,108,0.463102801,0,99.45023148,0.018860439,0.995538573
bg_2_TS,109,0.464327333,0,99.43395544,0.018840524,0.99546541
bg_2_TS,110,0.459715312,0,99.37065972,0.019409735,0.995516047
bg_2_TS,111,0.457797025,0,99.4104456,0.019390294,0.99553464
bg_2_TS,112,0.462425103,0,99.41948785,0.019588997,0.995458825
bg_2_TS,113,0.460761813,0,99.37789352,0.019351923,0.995450951
bg_2_TS,114,0.459443587,0,99.37789352,0.019498054,0.995576968
bg_2_TS,115,0.459832065,0,99.33449074,0.019569709,0.99572002
bg_2_TS,116,0.464555668,0,99.34895833,0.019579903,0.995710527
bg_2_TS,117,0.463328588,0,99.30374711,0.019938926,0.99567598
bg_2_TS,118,0.46094203,0,99.42310475,0.019462552,0.995549446
bg_2_TS,119,0.454690044,0,99.46108218,0.019438052,0.995587082
bg_2_TS,120,0.457205549,0,99.4176794,0.019436658,0.995496753
bg_2_TS,121,0.458311661,0,99.4212963,0.018809309,0.994972376
bg_2_TS,122,0.461147716,0,99.42853009,0.019435704,0.994723663
bg_2_TS,123,0.458003648,0,99.38151042,0.018739525,0.994585754
bg_2_TS,124,0.453837814,0,99.43395544,0.018483262,0.994621838
bg_2_TS,125,0.450195601,0,99.4104456,0.018375969,0.994561956
bg_2_TS,126,0.450753421,0,99.43576389,0.018818278,0.994713068
bg_2_TS,127,0.454728699,0,99.42310475,0.018351652,0.994907008
bg_2_TS,128,0.459059994,0,99.37608507,0.018822939,0.994994461
bg_2_TS,129,0.454025669,0,99.30917245,0.018796384,0.995026212
bg_2_TS,130,0.45712476,0,99.35257523,0.019395356,0.995159504
bg_2_TS,131,0.457011295,0,99.45023148,0.018784801,0.99524357
bg_2_TS,132,0.450459915,0,99.37608507,0.018801822,0.995137947
bg_2_TS,133,0.450357908,0,99.41948785,0.019255579,0.995166638
bg_2_TS,134,0.450065306,0,99.41948785,0.018827035,0.995155285
bg_2_TS,135,0.447305441,0,99.43576389,0.019455143,0.994948996
bg_2_TS,136,0.438761083,0,99.39778646,0.01885366,0.994791753
bg_2_TS,137,0.449179483,0,99.38874421,0.019172428,0.994681266
bg_2_TS,138,0.452907876,0,99.37608507,0.018829896,0.994306904
bg_2_TS,139,0.448167942,0,99.44299769,0.01886623,0.994179901
bg_2_TS,140,0.456052746,0,99.35619213,0.019097754,0.994406011
bg_2_TS,141,0.449510261,0,99.36885127,0.01863031,0.994427554
bg_2_TS,142,0.453707242,0,99.44118924,0.018761634,0.994507906
bg_2_TS,143,0.454331566,0,99.37246817,0.018866724,0.994740957
bg_2_TS,144,0.455297758,0,99.40321181,0.01905241,0.995049828
bg_2_TS,145,0.455210502,0,99.35619213,0.018935848,0.995105418
bg_2_TS,146,0.453065069,0,99.39236111,0.01959127,0.995049981
bg_2_TS,147,0.455044818,0,99.43395544,0.01949402,0.99506654
bg_2_TS,148,0.45308476,0,99.39055266,0.019415971,0.995080901
bg_2_TS,149,0.450770212,0,99.37608507,0.019534066,0.995183578
bg_2_TS,150,0.447510928,0,99.43938079,0.019587603,0.995171563
bg_2_TS,151,0.449799909,0,99.4068287,0.02003136,0.995240065
bg_2_TS,152,0.444366934,0,99.36161748,0.019604177,0.995222932
bg_2_TS,153,0.444080754,0,99.30555556,0.019094108,0.995202365
bg_2_TS,154,0.443320434,0,99.40140336,0.018978843,0.995256595
bg_2_TS,155,0.452569292,0,99.34895833,0.019486098,0.995158109
bg_2_TS,156,0.452099021,0,99.38512731,0.019319419,0.995118086
bg_2_TS,157,0.45143691,0,99.4212963,0.0190737,0.995081874
bg_2_TS,158,0.448966585,0,99.34714988,0.019263431,0.994804595
bg_2_TS,159,0.444672835,0,99.37427662,0.018848363,0.994590158
bg_2_TS,160,0.442930186,0,99.43395544,0.019449202,0.994855084
bg_2_TS,161,0.443484668,0,99.3145978,0.019537293,0.995104773
bg_2_TS,162,0.442036626,0,99.32725694,0.019182624,0.995186545
bg_2_TS,163,0.441585502,0,99.3254485,0.01909806,0.995330155
bg_2_TS,164,0.444051701,0,99.32906539,0.019401005,0.995080719
bg_2_TS,165,0.439371547,0,99.37246817,0.019318612,0.995253573
bg_2_TS,166,0.442126949,0,99.27300347,0.019281544,0.995238968
bg_2_TS,167,0.449800414,0,99.35619213,0.019418685,0.995144069
bg_2_TS,168,0.451226454,0,99.33268229,0.01958643,0.995316002
bg_2_TS,169,0.44846928,0,99.39778646,0.019976482,0.995385579
bg_2_TS,170,0.448750566,0,99.28927951,0.019929919,0.995293006
bg_2_TS,171,0.454261507,0,99.34714988,0.019431229,0.995331233
bg_2_TS,172,0.456530393,0,99.41587095,0.018936549,0.995327619
bg_2_TS,173,0.46181051,0,99.45203993,0.019508689,0.995578794
bg_2_TS,174,0.461862635,0,99.35619213,0.019196869,0.995637176
bg_2_TS,175,0.464152028,0,99.39959491,0.01957675,0.995482706
bg_2_TS,176,0.463389165,0,99.4212963,0.019453896,0.995394265
bg_2_TS,177,0.466351776,0,99.37608507,0.019301956,0.995331274
bg_2_TS,178,0.464601376,0,99.29108796,0.019364102,0.995442046
bg_2_TS,179,0.457184274,0,99.32906539,0.019596623,0.995443179
bg_2_TS,180,0.449174052,0,99.34895833,0.019090951,0.995506802
bg_2_TS,181,0.451254439,0,99.3109809,0.019288014,0.99556731
bg_2_TS,182,0.453056405,0,99.3254485,0.01901438,0.995401822
bg_2_TS,183,0.456542025,0,99.30013021,0.0188389,0.995324088
bg_2_TS,184,0.460397276,0,99.24225984,0.019500034,0.995285175
bg_2_TS,185,0.462517591,0,99.30193866,0.018836711,0.995372148
bg_2_TS,186,0.45676827,0,99.33268229,0.019347007,0.995321248
bg_2_TS,187,0.450889697,0,99.31640625,0.019232243,0.99538828
bg_2_TS,188,0.45337423,0,99.3254485,0.018865524,0.995356851
bg_2_TS,189,0.457828045,0,99.3109809,0.018833745,0.995071421
bg_2_TS,190,0.454660235,0,99.35076678,0.018929352,0.995258621
bg_2_TS,191,0.4614373,0,99.34714988,0.019573743,0.995402466
bg_2_TS,192,0.457860202,0,99.3182147,0.019149822,0.99544826
bg_2_TS,193,0.457052856,0,99.36523438,0.01931531,0.995514298
bg_2_TS,194,0.449050977,0,99.38693576,0.019075315,0.995476349
bg_2_TS,195,0.454218456,0,99.36161748,0.019567803,0.995439523
bg_2_TS,196,0.452996924,0,99.33991609,0.019485144,0.995220769
bg_2_TS,197,0.460489259,0,99.37789352,0.019606083,0.99547384
bg_2_TS,198,0.457054214,0,99.40140336,0.019537953,0.995476729
bg_2_TS,199,0.448869782,0,99.40321181,0.019546681,0.995634184
bg_2_TS,200,0.453194015,0,99.34534144,0.019251763,0.995873789
bg_2_TS,201,0.450205118,0,99.307364,0.019574623,0.995967923
bg_2_TS,202,0.453931863,0,99.3218316,0.01959193,0.995940484
bg_2_TS,203,0.447652849,0,99.38512731,0.01957785,0.995676748
bg_2_TS,204,0.448425357,0,99.34714988,0.019599997,0.995744199
bg_2_TS,205,0.444631691,0,99.39778646,0.020348523,0.995665763
bg_2_TS,206,0.44998153,0,99.27662037,0.019597797,0.995514265
bg_2_TS,207,0.448285696,0,99.33449074,0.019560762,0.995495323
bg_2_TS,208,0.448919427,0,99.36161748,0.019553282,0.995614155
bg_2_TS,209,0.443726847,0,99.27481192,0.01958071,0.995669977
bg_2_TS,210,0.446258976,0,99.38151042,0.019557975,0.995616146
bg_2_TS,211,0.444633959,0,99.36523438,0.019480303,0.995571662
bg_2_TS,212,0.448447544,0,99.36704282,0.019552475,0.995573722
bg_2_TS,213,0.452668902,0,99.18619792,0.019574623,0.995614661
bg_2_TS,214,0.445569808,0,99.3145978,0.020227617,0.995643118
bg_2_TS,215,0.445317324,0,99.39778646,0.019536853,0.995601041
bg_2_TS,216,0.448669814,0,99.40502025,0.019571983,0.995636481
bg_2_TS,217,0.444270359,0,99.32906539,0.019532893,0.995593494
bg_2_TS,218,0.440658493,0,99.30013021,0.0203772,0.995604688
bg_2_TS,219,0.444236154,0,99.29832176,0.020302681,0.995761279
bg_2_TS,220,0.439896566,0,99.30917245,0.019670076,0.995601373
bg_2_TS,221,0.448670172,0,99.33087384,0.019462405,0.995617445
bg_2_TS,222,0.447365543,0,99.36885127,0.019571323,0.995650285
bg_2_TS,223,0.452089211,0,99.40321181,0.019599923,0.995665795
bg_2_TS,224,0.448152246,0,99.4140625,0.020304741,0.995706179
bg_2_TS,225,0.444600862,0,99.45565683,0.019614088,0.99582198
bg_2_TS,226,0.441172755,0,99.47012442,0.020159943,0.995738667
bg_2_TS,227,0.446503511,0,99.4068287,0.019578143,0.995626078
bg_2_TS,228,0.446629483,0,99.38693576,0.020306266,0.995481579
bg_2_TS,229,0.443180362,0,99.4104456,0.019604543,0.995595335
bg_2_TS,230,0.4472635,0,99.40140336,0.020262786,0.995555717
bg_2_TS,231,0.451099718,0,99.41948785,0.01960645,0.995734367
bg_2_TS,232,0.453228377,0,99.38512731,0.020333268,0.995737435
bg_2_TS,233,0.445315673,0,99.39236111,0.019531499,0.995653443
bg_2_TS,234,0.442953568,0,99.32906539,0.019569563,0.995546355
bg_2_TS,235,0.437906512,0,99.42491319,0.019545508,0.995388344
bg_2_TS,236,0.445589736,0,99.40502025,0.019594203,0.995228482
bg_2_TS,237,0.43647373,0,99.47554977,0.019607036,0.99513298
bg_2_TS,238,0.442628772,0,99.4140625,0.01958379,0.995114229
bg_2_TS,239,0.441824557,0,99.44118924,0.019570809,0.995414026
bg_2_TS,240,0.446632293,0,99.38874421,0.01959105,0.995492143
bg_2_TS,241,0.443925661,0,99.36885127,0.019547488,0.995626098
bg_2_TS,242,0.431294071,0,99.4176794,0.01929271,0.995665748
bg_2_TS,243,0.43958654,0,99.34895833,0.019509716,0.995433255
bg_2_TS,244,0.440111704,0,99.36885127,0.020219531,0.995554481
bg_2_TS,245,0.440888722,0,99.37789352,0.019518004,0.995676141
bg_2_TS,246,0.438743703,0,99.43576389,0.021105618,0.995742724
bg_2_TS,247,0.439927449,0,99.4212963,0.019548368,0.995619171
bg_2_TS,248,0.441272817,0,99.35076678,0.019590683,0.995502783
bg_2_TS,249,0.444302712,0,99.36161748,0.020283306,0.995270102
bg_2_TS,250,0.443714516,0,99.33268229,0.019448248,0.995305035
bg_2_TS,251,0.44517696,0,99.38693576,0.019532746,0.995106299
bg_2_TS,252,0.449778806,0,99.40502025,0.019185933,0.995389385
bg_2_TS,253,0.444496784,0,99.40502025,0.019395576,0.995467958
bg_2_TS,254,0.44411638,0,99.4140625,0.019555262,0.99549776
bg_2_TS,255,0.44513638,0,99.39055266,0.019465633,0.995306013
bg_2_TS,256,0.453841975,0,99.43757234,0.020342802,0.995123594
bg_2_TS,257,0.454903172,0,99.36342593,0.019577923,0.99524345
bg_2_TS,258,0.452441917,0,99.41225405,0.019581663,0.995384776
bg_2_TS,259,0.442149014,0,99.30555556,0.018860439,0.995546832
bg_2_TS,260,0.445443344,0,99.40502025,0.019567069,0.995458389
bg_2_TS,261,0.45202289,0,99.34895833,0.019448908,0.995405645
bg_2_TS,262,0.449729102,0,99.39416956,0.019012324,0.995400104
bg_2_TS,263,0.447895074,0,99.42672164,0.018837205,0.995301465
bg_2_TS,264,0.449219223,0,99.45023148,0.019399318,0.995332212
bg_2_TS,265,0.453011586,0,99.38693576,0.019421766,0.995425998
bg_2_TS,266,0.449075438,0,99.26215278,0.019574036,0.995506214
bg_2_TS,267,0.447723679,0,99.41587095,0.019529079,0.995387254
bg_2_TS,268,0.451648474,0,99.37970197,0.019397264,0.99548169
bg_2_TS,269,0.449868602,0,99.4104456,0.01960117,0.995609042
bg_2_TS,270,0.455785648,0,99.43938079,0.019416484,0.995640802
bg_2_TS,271,0.460681975,0,99.40863715,0.019492039,0.995650163
bg_2_TS,272,0.466511381,0,99.39959491,0.01960777,0.995513204
bg_2_TS,273,0.462109024,0,99.35076678,0.019599337,0.995516227
bg_2_TS,274,0.465273375,0,99.37789352,0.019592737,0.99531417
bg_2_TS,275,0.466625678,0,99.42672164,0.019164208,0.995247622
bg_2_TS,276,0.468079132,0,99.41948785,0.019564722,0.995254868
bg_2_TS,277,0.466202951,0,99.44118924,0.019337176,0.995363242
bg_2_TS,278,0.466311037,0,99.4140625,0.019176098,0.995237268
bg_2_TS,279,0.463814806,0,99.40321181,0.018834663,0.994921128
bg_2_TS,280,0.462288809,0,99.38874421,0.018861216,0.99504884
bg_2_TS,281,0.462356474,0,99.40502025,0.018731897,0.995173922
bg_2_TS,282,0.47098823,0,99.30917245,0.018822445,0.995386102
bg_2_TS,283,0.471006821,0,99.36704282,0.018848363,0.995217594
bg_2_TS,284,0.466593449,0,99.28566262,0.018858038,0.995150049
bg_2_TS,285,0.471161305,0,99.35619213,0.018793206,0.995033423
bg_2_TS,286,0.473305964,0,99.35980903,0.018177324,0.994988878
bg_2_TS,287,0.480706709,0,99.34714988,0.018180933,0.994972398
bg_2_TS,288,0.480855526,0,99.34534144,0.018177119,0.995102802
bg_2_TS,289,0.474589044,0,99.37065972,0.018172761,0.995140594
bg_2_TS,290,0.476027217,0,99.4140625,0.018806625,0.995116009
bg_2_TS,291,0.475737846,0,99.39236111,0.018482061,0.995045023
bg_2_TS,292,0.466046398,0,99.36161748,0.018814747,0.994977959
bg_2_TS,293,0.472868748,0,99.28747106,0.018157984,0.995115123
bg_2_TS,294,0.476763246,0,99.33810764,0.018167449,0.994985845
bg_2_TS,295,0.474717411,0,99.37608507,0.018181614,0.994726046
bg_2_TS,296,0.461261641,0,99.37970197,0.018171944,0.994869922
bg_2_TS,297,0.465753347,0,99.3109809,0.018628473,0.994946865
bg_2_TS,298,0.467261099,0,99.3145978,0.018813758,0.994923435
bg_2_TS,299,0.468275654,0,99.33810764,0.018847516,0.99517387
bg_2_TS,300,0.467611131,0,99.4212963,0.018314537,0.995168997
bg_2_TS,301,0.463794787,0,99.34714988,0.018168948,0.995220642
bg_2_TS,302,0.467980367,0,99.37608507,0.018181001,0.995036662
bg_2_TS,303,0.466156358,0,99.35800058,0.018172965,0.99489719
bg_2_TS,304,0.464260225,0,99.36523438,0.01816779,0.994855601
bg_2_TS,305,0.466062185,0,99.4068287,0.018180252,0.994855076
bg_2_TS,306,0.470401189,0,99.39236111,0.018133603,0.994924041
bg_2_TS,307,0.470832611,0,99.4140625,0.018179162,0.994950393
bg_2_TS,308,0.474008527,0,99.36704282,0.018045878,0.994835589
bg_2_TS,309,0.47175793,0,99.39236111,0.017526304,0.99494223
bg_2_TS,310,0.472323926,0,99.34534144,0.017522688,0.99505361
bg_2_TS,311,0.466454119,0,99.37970197,0.018020197,0.994873182
bg_2_TS,312,0.470835288,0,99.37970197,0.018154306,0.994881868
bg_2_TS,313,0.473482557,0,99.38151042,0.017538994,0.994848673
bg_2_TS,314,0.478532866,0,99.32364005,0.017535049,0.994874004
bg_2_TS,315,0.466212719,0,99.36704282,0.017538863,0.994709585
bg_2_TS,316,0.468561368,0,99.40140336,0.017532682,0.994469295
bg_2_TS,317,0.471448502,0,99.39416956,0.017538337,0.994563903
bg_2_TS,318,0.470567895,0,99.34895833,0.017536561,0.994694286
bg_2_TS,319,0.469815155,0,99.33268229,0.017538008,0.994679594
bg_2_TS,320,0.463401173,0,99.39778646,0.017901859,0.994585239
bg_2_TS,321,0.460579354,0,99.33629919,0.017537482,0.994197783
bg_2_TS,322,0.458126723,0,99.30555556,0.017588266,0.99453085
bg_2_TS,323,0.454334408,0,99.40502025,0.017532222,0.994403501
bg_2_TS,324,0.461486615,0,99.44299769,0.01753735,0.994337666
bg_2_TS,325,0.460776597,0,99.37789352,0.017529592,0.99450208
bg_2_TS,326,0.459639497,0,99.36161748,0.017531893,0.994599096
bg_2_TS,327,0.461597752,0,99.41948785,0.018093556,0.99433196
bg_2_TS,328,0.465178619,0,99.44118924,0.017521109,0.994294159
bg_2_TS,329,0.469217346,0,99.4176794,0.017412407,0.994336785
bg_2_TS,330,0.469006914,0,99.39236111,0.017217037,0.994366971
bg_2_TS,331,0.457071785,0,99.32725694,0.017299997,0.994254728
bg_2_TS,332,0.457209717,0,99.35257523,0.017517164,0.994223577
bg_2_TS,333,0.46357217,0,99.33268229,0.017336242,0.994421529
bg_2_TS,334,0.458334843,0,99.34895833,0.017519203,0.994165124
bg_2_TS,335,0.4595893,0,99.43033854,0.01693269,0.994129698
bg_2_TS,336,0.459708807,0,99.34534144,0.01750592,0.993980428
bg_2_TS,337,0.45096474,0,99.4068287,0.017474028,0.993936932
bg_2_TS,338,0.454781538,0,99.3145978,0.017272235,0.993911023
bg_2_TS,339,0.4624863,0,99.42672164,0.017376562,0.994032765
bg_2_TS,340,0.449573583,0,99.37970197,0.017266117,0.99383769
bg_2_TS,341,0.450749676,0,99.34353299,0.017507696,0.993825605
bg_2_TS,342,0.450289491,0,99.43576389,0.018064882,0.99386692
bg_2_TS,343,0.455051935,0,99.38512731,0.017530381,0.994050428
bg_2_TS,344,0.445986562,0,99.34714988,0.017533602,0.994409161
bg_2_TS,345,0.444625343,0,99.42853009,0.017615946,0.994487243
bg_2_TS,346,0.444471901,0,99.38874421,0.018044924,0.994529965
bg_2_TS,347,0.449749138,0,99.36885127,0.018088584,0.994341803
bg_2_TS,348,0.450530084,0,99.35438368,0.018176234,0.994156513
bg_2_TS,349,0.44469526,0,99.36161748,0.018107927,0.99417058
bg_2_TS,350,0.447378116,0,99.34534144,0.018592157,0.9942676
bg_2_TS,351,0.448184077,0,99.37246817,0.017895182,0.994216596
bg_2_TS,352,0.456273103,0,99.35800058,0.018149062,0.994406423
bg_2_TS,353,0.463986778,0,99.49905961,0.017638784,0.994406028
bg_2_TS,354,0.45675995,0,99.36704282,0.017533537,0.99420069
bg_2_TS,355,0.458307007,0,99.26576968,0.017534128,0.9944841
bg_2_TS,356,0.45122703,0,99.30193866,0.017514666,0.994507949
bg_2_TS,357,0.450904278,0,99.42491319,0.017534392,0.994597518
bg_2_TS,358,0.448825949,0,99.30374711,0.017460744,0.994640194
bg_2_TS,359,0.449281718,0,99.29832176,0.017488955,0.994725351
bg_2_TS,360,0.451431751,0,99.35076678,0.017541887,0.994619717
bg_2_TS,361,0.446850438,0,99.40863715,0.017524134,0.994552146
bg_2_TS,362,0.448644837,0,99.37427662,0.017468307,0.994295039
bg_2_TS,363,0.450822432,0,99.33268229,0.01750717,0.994362601
bg_2_TS,364,0.44641406,0,99.39055266,0.017543334,0.994256786
bg_2_TS,365,0.449233026,0,99.41225405,0.017543531,0.994137108
bg_2_TS,366,0.453955371,0,99.32906539,0.017538008,0.994250137
bg_2_TS,367,0.447820846,0,99.32364005,0.017449104,0.994201595
bg_2_TS,368,0.455559769,0,99.43938079,0.01749415,0.994302885
bg_2_TS,369,0.456292003,0,99.3254485,0.017487508,0.994761309
bg_2_TS,370,0.448949631,0,99.3109809,0.017487837,0.994812628
bg_2_TS,371,0.446908745,0,99.41587095,0.017815524,0.994606385
bg_2_TS,372,0.450484393,0,99.39778646,0.017541032,0.99489329
bg_2_TS,373,0.448478296,0,99.3254485,0.017534523,0.994715351
bg_2_TS,374,0.450932311,0,99.33810764,0.017539454,0.994735173
bg_2_TS,375,0.454098527,0,99.39055266,0.017808232,0.994828328
bg_2_TS,376,0.456471756,0,99.36704282,0.0175242,0.994792401
bg_2_TS,377,0.465110539,0,99.35619213,0.017529526,0.994749844
bg_2_TS,378,0.467299758,0,99.37970197,0.017543071,0.994760639
bg_2_TS,379,0.465244638,0,99.14279514,0.017517427,0.994972011
bg_2_TS,380,0.456987289,0,99.3182147,0.017508419,0.994926159
bg_2_TS,381,0.4557222,0,99.30374711,0.018027963,0.994899792
bg_2_TS,382,0.455282113,0,99.23502604,0.01810064,0.994893952
bg_2_TS,383,0.457262721,0,99.30555556,0.018129244,0.995024503
bg_2_TS,384,0.464185052,0,99.27662037,0.018379857,0.995090771
bg_2_TS,385,0.464682232,0,99.43395544,0.017922027,0.994923911
bg_2_TS,386,0.461532604,0,99.39416956,0.017948326,0.995029915
bg_2_TS,387,0.468284391,0,99.37246817,0.01812795,0.994927512
bg_2_TS,388,0.463884621,0,99.37246817,0.017945056,0.994742945
bg_2_TS,389,0.462836433,0,99.37427662,0.017970808,0.994815683
bg_2_TS,390,0.464652272,0,99.4176794,0.017572721,0.994883766
bg_2_TS,391,0.465595831,0,99.43576389,0.017815932,0.994985913
bg_2_TS,392,0.451515738,0,99.41225405,0.018070739,0.994829802
bg_2_TS,393,0.451357217,0,99.39236111,0.018087767,0.99504926
bg_2_TS,394,0.449755621,0,99.34172454,0.017539257,0.995041327
bg_2_TS,395,0.447634644,0,99.31278935,0.017503816,0.994984963
bg_2_TS,396,0.449810771,0,99.36885127,0.0175242,0.994959235
bg_2_TS,397,0.449082937,0,99.42310475,0.017496846,0.994867586
bg_2_TS,398,0.454888321,0,99.35076678,0.01812114,0.99486486
bg_2_TS,399,0.456020292,0,99.25672743,0.017525515,0.994766205
bg_2_TS,400,0.458715364,0,99.38151042,0.017862816,0.994785437
bg_2_TS,401,0.457658666,0,99.39055266,0.017592902,0.994937814
bg_2_TS,402,0.456686698,0,99.47735822,0.017680777,0.995092406
bg_2_TS,403,0.454590827,0,99.40863715,0.017514205,0.995099052
bg_2_TS,404,0.454160542,0,99.4140625,0.017514534,0.994879195
bg_2_TS,405,0.453688915,0,99.35438368,0.017978506,0.995168997
bg_2_TS,406,0.448011061,0,99.37970197,0.0176985,0.995084806
bg_2_TS,407,0.445035206,0,99.43395544,0.018142865,0.995137499
bg_2_TS,408,0.449329618,0,99.41225405,0.018165066,0.995276713
bg_2_TS,409,0.451093377,0,99.33810764,0.018142388,0.995227593
bg_2_TS,410,0.447007449,0,99.38512731,0.0174251,0.995255516
bg_2_TS,411,0.452048909,0,99.35076678,0.017517164,0.995017359
bg_2_TS,412,0.446171339,0,99.39055266,0.017391229,0.994887169
bg_2_TS,413,0.444324432,0,99.36885127,0.017534523,0.994841965
bg_2_TS,414,0.448963059,0,99.36342593,0.017518874,0.994910224
bg_2_TS,415,0.454927329,0,99.41948785,0.017529592,0.994972736
bg_2_TS,416,0.456853166,0,99.4104456,0.017529657,0.995095649
bg_2_TS,417,0.454104648,0,99.39778646,0.017542019,0.995013865
bg_2_TS,418,0.450482952,0,99.43938079,0.017535378,0.995016157
bg_2_TS,419,0.449808394,0,99.4212963,0.018148109,0.994950139
bg_2_TS,420,0.458363386,0,99.35619213,0.017879851,0.995233758
bg_2_TS,421,0.457998249,0,99.4140625,0.018180388,0.995202806
bg_2_TS,422,0.465193952,0,99.37608507,0.018117735,0.995470833
bg_2_TS,423,0.458011014,0,99.36704282,0.018857897,0.995594565
bg_2_TS,424,0.456518613,0,99.40502025,0.018114466,0.995606912
bg_2_TS,425,0.461073405,0,99.38874421,0.018156894,0.995654328
bg_2_TS,426,0.459688072,0,99.45384838,0.018173238,0.995597225
bg_2_TS,427,0.456530188,0,99.44842303,0.018178481,0.99554702
bg_2_TS,428,0.454036351,0,99.49182581,0.018178686,0.995619759
bg_2_TS,429,0.447927008,0,99.40502025,0.018172897,0.99570381
bg_2_TS,430,0.457421359,0,99.42853009,0.018179367,0.995570682
bg_2_TS,431,0.457200375,0,99.41225405,0.018149539,0.995693797
bg_2_TS,432,0.458538933,0,99.47012442,0.018172353,0.995791593
bg_2_TS,433,0.456737583,0,99.39959491,0.018433153,0.995838871
bg_2_TS,434,0.460181221,0,99.37608507,0.018662526,0.995816059
bg_2_TS,435,0.465617652,0,99.39959491,0.0188264,0.995752833
bg_2_TS,436,0.467681653,0,99.33810764,0.018788403,0.995586858
bg_2_TS,437,0.471115846,0,99.39959491,0.018267239,0.995437486
bg_2_TS,438,0.471842194,0,99.41587095,0.018143206,0.995389022
bg_2_TS,439,0.46986711,0,99.37608507,0.018167722,0.995550622
bg_2_TS,440,0.458948254,0,99.38693576,0.018168062,0.995478606
bg_2_TS,441,0.461720133,0,99.41587095,0.018175485,0.995544903
bg_2_TS,442,0.467387985,0,99.39778646,0.018165543,0.995477148
bg_2_TS,443,0.465642675,0,99.42672164,0.018168199,0.995541391
bg_2_TS,444,0.458795989,0,99.40321181,0.018174259,0.995490532
bg_2_TS,445,0.448081674,0,99.36342593,0.018172965,0.995695363
bg_2_TS,446,0.454815251,0,99.38331887,0.018849987,0.995557127
bg_2_TS,447,0.457208209,0,99.40502025,0.018794689,0.995629735
bg_2_TS,448,0.462671895,0,99.29289641,0.018611446,0.99574049
bg_2_TS,449,0.462323831,0,99.5099103,0.018802175,0.995735132
bg_2_TS,450,0.464188672,0,99.36161748,0.018839253,0.995847895
bg_2_TS,451,0.471409249,0,99.39959491,0.018832403,0.99578417
bg_2_TS,452,0.469831826,0,99.39597801,0.018858391,0.995759559
bg_2_TS,453,0.464114962,0,99.39597801,0.018819267,0.995830637
bg_2_TS,454,0.459825927,0,99.38874421,0.018854154,0.995747983
bg_2_TS,455,0.460253379,0,99.37427662,0.018706113,0.995663443
bg_2_TS,456,0.458594406,0,99.43576389,0.018766507,0.995546359
bg_2_TS,457,0.461553898,0,99.36885127,0.018847798,0.995389533
bg_2_TS,458,0.455755214,0,99.43757234,0.018418451,0.995275894
bg_2_TS,459,0.453716056,0,99.46108218,0.018725751,0.995325032
bg_2_TS,460,0.45772344,0,99.37246817,0.018866583,0.995637086
bg_2_TS,461,0.463275231,0,99.4104456,0.018843985,0.995531249
bg_2_TS,462,0.457666621,0,99.43214699,0.018858462,0.995575689
bg_2_TS,463,0.461426929,0,99.36342593,0.018843278,0.99559062
bg_2_TS,464,0.461878831,0,99.37789352,0.018865241,0.995600565
bg_2_TS,465,0.464464804,0,99.32725694,0.01879596,0.995678864
bg_2_TS,466,0.467911805,0,99.42310475,0.018833109,0.995677173
bg_2_TS,467,0.471254125,0,99.33629919,0.01869693,0.995531446
bg_2_TS,468,0.466900015,0,99.43576389,0.018839606,0.995312033
bg_2_TS,469,0.458057961,0,99.42853009,0.018840948,0.995218397
bg_2_TS,470,0.45921503,0,99.32725694,0.018850694,0.995364214
bg_2_TS,471,0.466690843,0,99.36523438,0.018857191,0.995604542
bg_2_TS,472,0.475579654,0,99.33087384,0.018855778,0.995724761
bg_2_TS,473,0.468372315,0,99.3254485,0.019277447,0.995888229
bg_2_TS,474,0.461869353,0,99.34534144,0.01875118,0.995668966
bg_2_TS,475,0.450810098,0,99.36523438,0.019555408,0.99564614
bg_2_TS,476,0.458388467,0,99.35619213,0.01884462,0.995524227
bg_2_TS,477,0.46002791,0,99.45746528,0.018836004,0.995503893
bg_2_TS,478,0.465127618,0,99.4068287,0.019727432,0.995602896
bg_2_TS,479,0.451423255,0,99.39055266,0.018858532,0.995522115
bg_2_TS,480,0.453590948,0,99.40502025,0.019031193,0.995576451
bg_2_TS,481,0.459233195,0,99.4176794,0.019149308,0.995506959
bg_2_TS,482,0.461365927,0,99.38331887,0.019353244,0.995587837
bg_2_TS,483,0.469409428,0,99.4104456,0.018864323,0.995556277
bg_2_TS,484,0.458130199,0,99.42310475,0.018838194,0.995703894
bg_2_TS,485,0.46114115,0,99.33087384,0.019520864,0.995639685
bg_2_TS,486,0.460918964,0,99.35800058,0.018863899,0.995632591
bg_2_TS,487,0.461064191,0,99.37608507,0.018867854,0.995532872
bg_2_TS,488,0.4608607,0,99.35438368,0.019085299,0.995570184
bg_2_TS,489,0.467839527,0,99.36885127,0.018866512,0.995572563
bg_2_TS,490,0.470003229,0,99.35800058,0.019036185,0.995621001
bg_2_TS,491,0.460173431,0,99.37608507,0.019583203,0.995626992
bg_2_TS,492,0.453535769,0,99.4140625,0.019528712,0.995662179
bg_2_TS,493,0.459103639,0,99.37246817,0.019427562,0.995537013
bg_2_TS,494,0.461001794,0,99.43938079,0.018866159,0.995336304
bg_2_TS,495,0.455714694,0,99.34172454,0.018790663,0.99522847
bg_2_TS,496,0.459299019,0,99.37608507,0.018866159,0.995168232
bg_2_TS,497,0.458260287,0,99.40140336,0.018860933,0.995127044
bg_2_TS,498,0.460125785,0,99.307364,0.018805354,0.99522062
bg_2_TS,499,0.460861788,0,99.45746528,0.019271137,0.994977382
bg_2_TS,500,0.458885261,0,99.34534144,0.019542134,0.995386016
bg_2_TS,501,0.45622081,0,99.29470486,0.018808602,0.995338548
bg_2_TS,502,0.457078305,0,99.3182147,0.018891092,0.995318485
bg_2_TS,503,0.46851539,0,99.40502025,0.019429249,0.995165842
bg_2_TS,504,0.464186812,0,99.4176794,0.019379656,0.995084936
bg_2_TS,505,0.457463174,0,99.3218316,0.019370852,0.99488211
bg_2_TS,506,0.460123088,0,99.37246817,0.019251176,0.995127471
bg_2_TS,507,0.460053881,0,99.36523438,0.019579463,0.995029763
bg_2_TS,508,0.453224933,0,99.41587095,0.019471208,0.995020942
bg_2_TS,509,0.460653361,0,99.37789352,0.019481404,0.995236173
bg_2_TS,510,0.454006271,0,99.32906539,0.019063936,0.995233031
bg_2_TS,511,0.454629834,0,99.37970197,0.019436144,0.995180428
bg_2_TS,512,0.454459526,0,99.42672164,0.01957917,0.995082557
bg_2_TS,513,0.456974773,0,99.45746528,0.019591563,0.995194978
bg_2_TS,514,0.458317468,0,99.41587095,0.019606597,0.99535478
bg_2_TS,515,0.457612555,0,99.42672164,0.019597503,0.995385024
bg_2_TS,516,0.458983439,0,99.38512731,0.019555408,0.995360601
bg_2_TS,517,0.455047391,0,99.43395544,0.019596403,0.995431683
bg_2_TS,518,0.457911642,0,99.38693576,0.019594497,0.995489459
bg_2_TS,519,0.453811199,0,99.28927951,0.019551741,0.995476949
bg_2_TS,520,0.447920622,0,99.42310475,0.019594497,0.995511927
bg_2_TS,521,0.451975095,0,99.39778646,0.019606743,0.995449644
bg_2_TS,522,0.450241783,0,99.36161748,0.01959677,0.995184029
bg_2_TS,523,0.448641455,0,99.35619213,0.019523285,0.995252229
bg_2_TS,524,0.44757666,0,99.39416956,0.019289849,0.994950651
bg_2_TS,525,0.448309197,0,99.37427662,0.01924259,0.994982102
bg_2_TS,526,0.450653115,0,99.35076678,0.020351573,0.995130411
bg_2_TS,527,0.447647074,0,99.38693576,0.019755917,0.995267764
bg_2_TS,528,0.454081315,0,99.44299769,0.019104679,0.9954382
bg_2_TS,529,0.454770669,0,99.33991609,0.019577556,0.995626655
bg_2_TS,530,0.453128734,0,99.34353299,0.019503555,0.99558956
bg_2_TS,531,0.455423,0,99.3254485,0.019555775,0.995521504
bg_2_TS,532,0.448944963,0,99.40321181,0.019558635,0.995680745
bg_2_TS,533,0.44886055,0,99.37427662,0.019603003,0.995707408
bg_2_TS,534,0.448647399,0,99.35076678,0.019602123,0.995660548
bg_2_TS,535,0.44518132,0,99.43033854,0.01960447,0.995644159
bg_2_TS,536,0.455514467,0,99.40140336,0.019688483,0.995578912
bg_2_TS,537,0.450186528,0,99.34895833,0.019582323,0.995682573
bg_2_TS,538,0.454883451,0,99.29832176,0.019603443,0.995568525
bg_2_TS,539,0.450100729,0,99.3218316,0.019882435,0.995519453
bg_2_TS,540,0.454403275,0,99.38331887,0.01951529,0.995467762
bg_2_TS,541,0.454722686,0,99.37970197,0.019280529,0.995476276
bg_2_TS,542,0.447784505,0,99.2259838,0.018897408,0.995753075
bg_2_TS,543,0.446297082,0,99.23321759,0.019475022,0.995916768
bg_2_TS,544,0.452487327,0,99.23140914,0.021168311,0.99585926
bg_2_TS,545,0.45493813,0,99.26396123,0.019518371,0.995848735
bg_2_TS,546,0.462816386,0,99.3145978,0.019606083,0.995857622
bg_2_TS,547,0.463102925,0,99.36885127,0.019604617,0.995814006
bg_2_TS,548,0.460451278,0,99.39959491,0.019531939,0.995915144
bg_2_TS,549,0.462876244,0,99.32364005,0.019858081,0.995832259
bg_2_TS,550,0.462650887,0,99.34714988,0.019521378,0.995896208
bg_2_TS,551,0.459406374,0,99.33268229,0.019550568,0.995883571
bg_2_TS,552,0.452141598,0,99.35257523,0.019489692,0.99573325
bg_2_TS,553,0.450058099,0,99.38512731,0.019530252,0.995385941
bg_2_TS,554,0.449527419,0,99.27119502,0.018831202,0.995312239
bg_2_TS,555,0.447487447,0,99.36704282,0.019497174,0.995404788
bg_2_TS,556,0.451166736,0,99.40502025,0.019552035,0.99542939
bg_2_TS,557,0.453053118,0,99.43395544,0.019577996,0.99542255
bg_2_TS,558,0.452681455,0,99.38331887,0.01959567,0.995264927
bg_2_TS,559,0.454715795,0,99.3254485,0.019598163,0.995454371
bg_2_TS,560,0.457793675,0,99.38874421,0.019520351,0.995567307
bg_2_TS,561,0.458473896,0,99.4068287,0.020118052,0.995708806
bg_2_TS,562,0.457949495,0,99.43938079,0.019554382,0.995826994
bg_2_TS,563,0.458617243,0,99.42672164,0.019557682,0.99580733
bg_2_TS,564,0.461792464,0,99.3254485,0.019551301,0.995766812
bg_2_TS,565,0.465279482,0,99.37608507,0.01959347,0.995722418
bg_2_TS,566,0.466628867,0,99.46831597,0.020221056,0.995642323
bg_2_TS,567,0.467190416,0,99.41948785,0.019482764,0.995503368
bg_2_TS,568,0.459234787,0,99.33268229,0.019529006,0.995597976
bg_2_TS,569,0.458889093,0,99.36885127,0.019522478,0.99558659
bg_2_TS,570,0.454479479,0,99.38331887,0.020059445,0.995406285
bg_2_TS,571,0.460368409,0,99.4068287,0.01958291,0.995087461
bg_2_TS,572,0.45592269,0,99.37789352,0.019597063,0.995142697
bg_2_TS,573,0.454582381,0,99.34534144,0.019428735,0.995518014
bg_2_TS,574,0.449752321,0,99.33449074,0.019560542,0.99554384
bg_2_TS,575,0.446398041,0,99.32364005,0.019535093,0.995652403
bg_2_TS,576,0.443119056,0,99.38512731,0.019540667,0.99562705
bg_2_TS,577,0.448738369,0,99.39597801,0.019604983,0.995610032
bg_2_TS,578,0.449686157,0,99.39055266,0.019563916,0.9957154
bg_2_TS,579,0.45258329,0,99.39055266,0.019553502,0.995698441
bg_2_TS,580,0.44977026,0,99.36704282,0.01958511,0.995615471
bg_2_TS,581,0.4510228,0,99.3218316,0.01957851,0.995420966
bg_2_TS,582,0.450803957,0,99.36161748,0.019577556,0.99542396
bg_2_TS,583,0.454439715,0,99.43576389,0.019517857,0.995352829
bg_2_TS,584,0.448637023,0,99.36161748,0.020038305,0.99556498
bg_2_TS,585,0.448532601,0,99.37970197,0.01960117,0.995752509
bg_2_TS,586,0.451796858,0,99.4212963,0.019575503,0.995744816
bg_2_TS,587,0.454895217,0,99.39597801,0.019656424,0.99584177
bg_2_TS,588,0.446180019,0,99.49544271,0.019538907,0.995761131
bg_2_TS,589,0.445070366,0,99.40502025,0.020381852,0.995782485
bg_2_TS,590,0.443411694,0,99.47735822,0.01958731,0.995799031
bg_2_TS,591,0.445178209,0,99.4068287,0.019604763,0.995913223
bg_2_TS,592,0.444215184,0,99.43395544,0.020207476,0.995624831
bg_2_TS,593,0.451309386,0,99.40863715,0.020336853,0.995817997
bg_2_TS,594,0.44155208,0,99.40140336,0.019592443,0.99565636
bg_2_TS,595,0.446147943,0,99.31640625,0.019983275,0.995844282
bg_2_TS,596,0.44701034,0,99.35619213,0.020306038,0.996017629
bg_2_TS,597,0.450253225,0,99.32906539,0.020293985,0.995797109
bg_2_TS,598,0.452583791,0,99.39959491,0.019802191,0.995738578
bg_2_TS,599,0.448913568,0,99.34895833,0.019605863,0.995891916
bg_2_TS,600,0.441675672,0,99.34895833,0.020208392,0.995876809
bg_2_TS,601,0.440896273,0,99.38693576,0.01959479,0.995924405
bg_2_TS,602,0.445927747,0,99.4104456,0.019572349,0.995809679
bg_2_TS,603,0.440226422,0,99.4068287,0.019583937,0.99564584
bg_2_TS,604,0.441835889,0,99.42491319,0.019563696,0.995638646
bg_2_TS,605,0.441389751,0,99.41948785,0.019595377,0.995610276
bg_2_TS,606,0.442743415,0,99.37970197,0.019543674,0.995556591
bg_2_TS,607,0.44710953,0,99.39055266,0.020040747,0.995694198
bg_2_TS,608,0.448525536,0,99.4140625,0.020014187,0.995815347
bg_2_TS,609,0.443184579,0,99.43033854,0.019566336,0.995771256
bg_2_TS,610,0.44912024,0,99.43757234,0.019554162,0.995508217
bg_2_TS,611,0.445222892,0,99.36523438,0.019530326,0.995558203
bg_2_TS,612,0.446303709,0,99.34534144,0.019562816,0.995760639
bg_2_TS,613,0.444506156,0,99.37608507,0.020174364,0.995649301
bg_2_TS,614,0.441574228,0,99.37246817,0.019349429,0.9956124
bg_2_TS,615,0.440661958,0,99.46469907,0.0194982,0.995620181
bg_2_TS,616,0.440887646,0,99.43938079,0.018864041,0.995402277
bg_2_TS,617,0.444511938,0,99.47374132,0.018887861,0.995321934
bg_2_TS,618,0.451311067,0,99.39778646,0.018867077,0.995373502
bg_2_TS,619,0.45124606,0,99.40863715,0.01946842,0.995536791
bg_2_TS,620,0.452194168,0,99.42310475,0.019363736,0.995520751
bg_2_TS,621,0.45316987,0,99.35438368,0.01958225,0.995666436
bg_2_TS,622,0.446913129,0,99.35076678,0.019563256,0.995621384
bg_2_TS,623,0.448095736,0,99.3218316,0.018862699,0.99521559
bg_2_TS,624,0.450834969,0,99.33991609,0.018864464,0.995196367
bg_2_TS,625,0.455539565,0,99.39778646,0.018856626,0.995214919
bg_2_TS,626,0.449346672,0,99.34895833,0.018863405,0.995276236
bg_2_TS,627,0.45219614,0,99.39055266,0.01885373,0.995364832
bg_2_TS,628,0.456681544,0,99.35800058,0.018860368,0.9954466
bg_2_TS,629,0.464556864,0,99.40140336,0.018863687,0.995466291
bg_2_TS,630,0.463235911,0,99.48459201,0.019536633,0.995461676
bg_2_TS,631,0.462101905,0,99.40140336,0.019125012,0.995323863
bg_2_TS,632,0.466956602,0,99.44118924,0.018842219,0.995384494
bg_2_TS,633,0.468650409,0,99.37789352,0.019514043,0.995337498
bg_2_TS,634,0.462302447,0,99.38512731,0.018866512,0.995414266
bg_2_TS,635,0.459297764,0,99.44480613,0.018865029,0.99521838
bg_2_TS,636,0.459674741,0,99.40502025,0.018857473,0.995355123
bg_2_TS,637,0.470079405,0,99.4176794,0.018783953,0.995436285
bg_2_TS,638,0.469283957,0,99.3182147,0.01882866,0.995539145
bg_2_TS,639,0.466474985,0,99.42672164,0.018826965,0.995484434
