set,time,ssim_fp,ks_p_value,spatial_rel_error,max_spatial_rel_error,pearson_correlation_coefficient
bg_2_Z500,0,0.479019685,0,98.07400174,0.006505827,0.998293727
bg_2_Z500,1,0.47840155,0,98.40133102,0.006444179,0.99828017
bg_2_Z500,2,0.478973951,0,98.21867766,0.006579451,0.998308414
bg_2_Z500,3,0.484474028,0,98.34707755,0.006440228,0.998421233
bg_2_Z500,4,0.487593029,0,98.32718461,0.006448874,0.998454377
bg_2_Z500,5,0.484260192,0,98.55504919,0.006516032,0.998399038
bg_2_Z500,6,0.481250362,0,98.5405816,0.006481749,0.998392916
bg_2_Z500,7,0.480771466,0,98.56228299,0.006532084,0.998466698
bg_2_Z500,8,0.472165466,0,98.42122396,0.006614687,0.998661908
bg_2_Z500,9,0.473246806,0,98.42122396,0.006523563,0.998651018
bg_2_Z500,10,0.48556985,0,98.50983796,0.006509394,0.998533573
bg_2_Z500,11,0.496875755,0,98.49175347,0.006611374,0.998584273
bg_2_Z500,12,0.487620257,0,98.3452691,0.00657664,0.998596272
bg_2_Z500,13,0.483266806,0,98.50079572,0.006587883,0.998618641
bg_2_Z500,14,0.483990259,0,98.62015336,0.006617497,0.998529685
bg_2_Z500,15,0.489670218,0,98.49717882,0.006555959,0.998513762
bg_2_Z500,16,0.508469253,0,98.56770833,0.006564392,0.998396608
bg_2_Z500,17,0.515840527,0,98.58760127,0.006495621,0.998361489
bg_2_Z500,18,0.496582325,0,98.60568576,0.00649354,0.998363108
bg_2_Z500,19,0.482932872,0,98.69791667,0.006447211,0.998344474
bg_2_Z500,20,0.485888224,0,98.52792245,0.006522671,0.99834975
bg_2_Z500,21,0.48585723,0,98.48632813,0.006532183,0.998412665
bg_2_Z500,22,0.474469364,0,98.46281829,0.006521284,0.998433684
bg_2_Z500,23,0.488146331,0,98.42845775,0.006556059,0.998498036
bg_2_Z500,24,0.498498466,0,98.29824942,0.006520888,0.998520802
bg_2_Z500,25,0.50617852,0,98.2421875,0.006525544,0.998536873
bg_2_Z500,26,0.519562611,0,98.3308015,0.006598123,0.998561876
bg_2_Z500,27,0.514809742,0,98.49898727,0.006569913,0.998529831
bg_2_Z500,28,0.493897029,0,98.48632813,0.006488586,0.99849773
bg_2_Z500,29,0.488096745,0,98.40494792,0.006533372,0.998417686
bg_2_Z500,30,0.493955127,0,98.3452691,0.006516924,0.998403148
bg_2_Z500,31,0.493299977,0,98.44835069,0.006519203,0.998509384
bg_2_Z500,32,0.499188402,0,98.39771412,0.006516429,0.998478637
bg_2_Z500,33,0.506699192,0,98.28559028,0.006449168,0.998483585
bg_2_Z500,34,0.502060902,0,98.35431134,0.006433127,0.998401233
bg_2_Z500,35,0.478893727,0,98.526114,0.006444571,0.998435631
bg_2_Z500,36,0.470917882,0,98.4375,0.006505728,0.998484179
bg_2_Z500,37,0.471388686,0,98.29824942,0.006494729,0.998482136
bg_2_Z500,38,0.474073925,0,98.51164641,0.006443886,0.998450946
bg_2_Z500,39,0.489724792,0,98.53877315,0.006427258,0.998361155
bg_2_Z500,40,0.501432149,0,98.61291956,0.006433909,0.998306964
bg_2_Z500,41,0.507931885,0,98.71238426,0.00644995,0.998358242
bg_2_Z500,42,0.509837587,0,98.47547743,0.006449363,0.998436293
bg_2_Z500,43,0.51646338,0,98.62738715,0.006464507,0.998393253
bg_2_Z500,44,0.518058351,0,98.5441985,0.006516032,0.998377936
bg_2_Z500,45,0.519964768,0,98.57313368,0.006508304,0.998526721
bg_2_Z500,46,0.513741945,0,98.63823785,0.006534858,0.998578889
bg_2_Z500,47,0.507990542,0,98.59483507,0.006613382,0.998595503
bg_2_Z500,48,0.521256287,0,98.47547743,0.006598525,0.998600877
bg_2_Z500,49,0.529456592,0,98.50802951,0.006598223,0.998703894
bg_2_Z500,50,0.527111393,0,98.48813657,0.006619405,0.998728015
bg_2_Z500,51,0.523014895,0,98.44292535,0.006595513,0.998698257
bg_2_Z500,52,0.5137625,0,98.5369647,0.00653575,0.998674083
bg_2_Z500,53,0.534298428,0,98.66536458,0.006532678,0.998623083
bg_2_Z500,54,0.538104037,0,98.65089699,0.006621814,0.998572756
bg_2_Z500,55,0.539390892,0,98.00528067,0.00657773,0.998523675
bg_2_Z500,56,0.532205059,0,98.56770833,0.006563791,0.998507851
bg_2_Z500,57,0.534809214,0,98.5297309,0.006702458,0.998515466
bg_2_Z500,58,0.517237414,0,98.56409144,0.006691472,0.99841622
bg_2_Z500,59,0.509784757,0,98.59121817,0.006604749,0.998387133
bg_2_Z500,60,0.503839524,0,98.66174769,0.006526733,0.998297667
bg_2_Z500,61,0.510470429,0,98.4411169,0.006524454,0.998351562
bg_2_Z500,62,0.50572808,0,98.65089699,0.006535452,0.998227503
bg_2_Z500,63,0.498896672,0,98.08485243,0.006446233,0.998297501
bg_2_Z500,64,0.515703058,0,98.68887442,0.006529408,0.998303816
bg_2_Z500,65,0.518708678,0,98.74131944,0.006531786,0.998265934
bg_2_Z500,66,0.520546886,0,98.59302662,0.006614386,0.998286646
bg_2_Z500,67,0.513018776,0,98.66174769,0.006531291,0.998268165
bg_2_Z500,68,0.499326694,0,98.63823785,0.006480361,0.998242273
bg_2_Z500,69,0.510167923,0,98.63462095,0.006484127,0.99821371
bg_2_Z500,70,0.5166607,0,98.65632234,0.006510385,0.998267675
bg_2_Z500,71,0.51153209,0,98.66717303,0.006604046,0.998360933
bg_2_Z500,72,0.52571489,0,98.48090278,0.006526634,0.998537002
bg_2_Z500,73,0.518599353,0,98.4338831,0.006620007,0.998665666
bg_2_Z500,74,0.511075261,0,98.64547164,0.006624532,0.998645927
bg_2_Z500,75,0.5150538,0,98.6328125,0.006584671,0.998504242
bg_2_Z500,76,0.52045196,0,98.74674479,0.006617297,0.998368871
bg_2_Z500,77,0.518506191,0,98.54962384,0.006520788,0.998303358
bg_2_Z500,78,0.513747541,0,98.53877315,0.006616293,0.998126789
bg_2_Z500,79,0.519975565,0,98.60749421,0.00655134,0.998102512
bg_2_Z500,80,0.516077469,0,98.51164641,0.006532777,0.998157074
bg_2_Z500,81,0.528233601,0,98.62738715,0.00651415,0.998182049
bg_2_Z500,82,0.528964298,0,98.63462095,0.006622294,0.998178431
bg_2_Z500,83,0.528860261,0,98.82269965,0.006796006,0.9981589
bg_2_Z500,84,0.511989123,0,98.68344907,0.006567002,0.998089954
bg_2_Z500,85,0.525993593,0,98.61834491,0.006522473,0.998033003
bg_2_Z500,86,0.520054148,0,98.67621528,0.006535155,0.998023122
bg_2_Z500,87,0.512918811,0,98.57494213,0.006504539,0.998093862
bg_2_Z500,88,0.510593643,0,98.7358941,0.006531588,0.998030074
bg_2_Z500,89,0.511736563,0,98.62015336,0.006582161,0.99800496
bg_2_Z500,90,0.519542855,0,98.58036748,0.006563488,0.998037015
bg_2_Z500,91,0.513849149,0,98.61834491,0.006535254,0.99805969
bg_2_Z500,92,0.505541075,0,97.87145544,0.006609065,0.998282528
bg_2_Z500,93,0.51069267,0,98.57132523,0.006583021,0.998211652
bg_2_Z500,94,0.508765514,0,98.59483507,0.006616995,0.998164898
bg_2_Z500,95,0.510935087,0,98.6400463,0.006522671,0.998197296
bg_2_Z500,96,0.50922523,0,98.60387731,0.006543108,0.998197034
bg_2_Z500,97,0.51191514,0,98.57855903,0.00661298,0.998194141
bg_2_Z500,98,0.51386323,0,97.92932581,0.006583165,0.998266039
bg_2_Z500,99,0.517423594,0,98.5405816,0.006687606,0.998419286
bg_2_Z500,100,0.525150885,0,98.54239005,0.006602339,0.99842932
bg_2_Z500,101,0.524234273,0,98.70695891,0.006534957,0.99828942
bg_2_Z500,102,0.495770476,0,98.78110532,0.006450244,0.998063989
bg_2_Z500,103,0.499488743,0,98.57675058,0.006513952,0.998123927
bg_2_Z500,104,0.516920679,0,98.6364294,0.006606728,0.998121343
bg_2_Z500,105,0.529135763,0,97.87326389,0.006616192,0.998389191
bg_2_Z500,106,0.523833315,0,98.48813657,0.006709273,0.998444429
bg_2_Z500,107,0.519031051,0,98.42484086,0.006681604,0.99850412
bg_2_Z500,108,0.509144148,0,98.39952257,0.006796948,0.998495168
bg_2_Z500,109,0.514439587,0,98.60568576,0.006781792,0.998469011
bg_2_Z500,110,0.509043701,0,98.58217593,0.006764781,0.998396146
bg_2_Z500,111,0.512675509,0,98.74855324,0.006695642,0.998254737
bg_2_Z500,112,0.5102052,0,98.69429977,0.006704289,0.998322246
bg_2_Z500,113,0.507930056,0,98.66717303,0.00658949,0.998254525
bg_2_Z500,114,0.502737982,0,98.65451389,0.006614185,0.998357566
bg_2_Z500,115,0.513728753,0,97.958261,0.006673975,0.998526774
bg_2_Z500,116,0.5176645,0,98.68344907,0.006705306,0.998410423
bg_2_Z500,117,0.500792494,0,98.39952257,0.006706425,0.998421621
bg_2_Z500,118,0.506177623,0,98.4447338,0.006706934,0.998476626
bg_2_Z500,119,0.520233147,0,98.53515625,0.00670673,0.99853139
bg_2_Z500,120,0.518410604,0,98.56047454,0.00673488,0.998463749
bg_2_Z500,121,0.532336662,0,98.69068287,0.006705103,0.998310654
bg_2_Z500,122,0.54119751,0,98.58940972,0.006792205,0.998260523
bg_2_Z500,123,0.554273842,0,98.66898148,0.006676315,0.998115952
bg_2_Z500,124,0.54448262,0,98.74312789,0.006598324,0.998031485
bg_2_Z500,125,0.531074045,0,98.50441262,0.006507709,0.997863841
bg_2_Z500,126,0.510603366,0,98.70515046,0.006596416,0.997884563
bg_2_Z500,127,0.50304764,0,98.70695891,0.00655375,0.997870871
bg_2_Z500,128,0.497446591,0,98.73046875,0.006517321,0.997866756
bg_2_Z500,129,0.509351897,0,98.69972512,0.00652812,0.997764182
bg_2_Z500,130,0.502394772,0,98.63100405,0.006515735,0.997811741
bg_2_Z500,131,0.492444407,0,98.61653646,0.006532876,0.997886581
bg_2_Z500,132,0.50197097,0,98.65270544,0.006618602,0.997960548
bg_2_Z500,133,0.498897551,0,98.57132523,0.006557364,0.997998386
bg_2_Z500,134,0.503208423,0,98.71057581,0.006598223,0.997961404
bg_2_Z500,135,0.498548517,0,98.39409722,0.006610471,0.997947918
bg_2_Z500,136,0.510277722,0,98.57132523,0.006687199,0.997789759
bg_2_Z500,137,0.518859594,0,98.59483507,0.006618501,0.997720066
bg_2_Z500,138,0.520918498,0,98.59664352,0.006663191,0.997819297
bg_2_Z500,139,0.524272639,0,98.5297309,0.006486802,0.997713057
bg_2_Z500,140,0.528521079,0,98.56770833,0.006512084,0.997651999
bg_2_Z500,141,0.526975682,0,98.60930266,0.006546421,0.99752052
bg_2_Z500,142,0.512464073,0,98.40313947,0.006613281,0.997665522
bg_2_Z500,143,0.4970163,0,98.64728009,0.006582411,0.997777614
bg_2_Z500,144,0.493211183,0,98.51164641,0.006694727,0.997945837
bg_2_Z500,145,0.485150893,0,98.57675058,0.006522176,0.997941604
bg_2_Z500,146,0.476227329,0,98.43930845,0.006527724,0.997985642
bg_2_Z500,147,0.481448074,0,98.60568576,0.006531687,0.998109764
bg_2_Z500,148,0.48924411,0,98.4302662,0.006603745,0.998181493
bg_2_Z500,149,0.484179418,0,98.55504919,0.006606756,0.998248731
bg_2_Z500,150,0.495285417,0,98.45739294,0.006613341,0.998339102
bg_2_Z500,151,0.504621286,0,98.46462674,0.006707137,0.998363165
bg_2_Z500,152,0.497174083,0,98.6255787,0.006690658,0.998479802
bg_2_Z500,153,0.480801426,0,98.51888021,0.006666447,0.998489441
bg_2_Z500,154,0.471828412,0,98.40313947,0.006701848,0.99854541
bg_2_Z500,155,0.4757128,0,98.46824363,0.006620609,0.998517827
bg_2_Z500,156,0.486550565,0,98.52249711,0.006538188,0.998433846
bg_2_Z500,157,0.490983934,0,98.41941551,0.006612478,0.998253001
bg_2_Z500,158,0.4929001,0,98.35431134,0.006621212,0.998261511
bg_2_Z500,159,0.496818744,0,98.3344184,0.006571018,0.998286255
bg_2_Z500,160,0.489164948,0,98.50983796,0.006656579,0.998428644
bg_2_Z500,161,0.49696003,0,98.51164641,0.006797154,0.998552279
bg_2_Z500,162,0.501755724,0,98.38324653,0.006649051,0.998625012
bg_2_Z500,163,0.495366077,0,98.32537616,0.006583165,0.998582662
bg_2_Z500,164,0.491858646,0,98.38324653,0.006613482,0.998551245
bg_2_Z500,165,0.502306918,0,98.38505498,0.006608965,0.998568899
bg_2_Z500,166,0.504501125,0,98.29282407,0.006616795,0.998559724
bg_2_Z500,167,0.504074084,0,98.39771412,0.006620107,0.998635873
bg_2_Z500,168,0.505193801,0,98.52430556,0.006709375,0.998643672
bg_2_Z500,169,0.506529297,0,98.46281829,0.00670317,0.998670304
bg_2_Z500,170,0.481401665,0,98.47186053,0.006702356,0.998651773
bg_2_Z500,171,0.4911209,0,98.43930845,0.006708053,0.998718246
bg_2_Z500,172,0.475231094,0,98.39771412,0.006788803,0.998809312
bg_2_Z500,173,0.478705459,0,98.3416522,0.006657088,0.998783391
bg_2_Z500,174,0.474573088,0,98.21867766,0.006696049,0.99879015
bg_2_Z500,175,0.480675961,0,98.32537616,0.006796432,0.998699724
bg_2_Z500,176,0.4866689,0,98.32537616,0.00679138,0.998778248
bg_2_Z500,177,0.477025983,0,98.29644097,0.006708154,0.998606799
bg_2_Z500,178,0.47463469,0,98.55866609,0.006621513,0.998418208
bg_2_Z500,179,0.479873845,0,98.34707755,0.006695236,0.998559877
bg_2_Z500,180,0.485251923,0,98.42845775,0.006707544,0.998599824
bg_2_Z500,181,0.489093377,0,98.47547743,0.006693913,0.99853462
bg_2_Z500,182,0.500603076,0,98.50260417,0.006720547,0.998519074
bg_2_Z500,183,0.49883456,0,98.46281829,0.006696151,0.998404525
bg_2_Z500,184,0.499484462,0,98.52249711,0.006609467,0.998239729
bg_2_Z500,185,0.500515634,0,98.66536458,0.006668481,0.998312963
bg_2_Z500,186,0.504909852,0,98.35611979,0.006692591,0.998461791
bg_2_Z500,187,0.493628492,0,98.41218171,0.006616795,0.998508333
bg_2_Z500,188,0.501772707,0,98.4447338,0.006608864,0.99853422
bg_2_Z500,189,0.496599148,0,98.35611979,0.006772823,0.998473121
bg_2_Z500,190,0.476721183,0,98.32899306,0.006580856,0.99845221
bg_2_Z500,191,0.488582943,0,98.46643519,0.006618903,0.998381947
bg_2_Z500,192,0.4960416,0,98.54962384,0.00658437,0.998416259
bg_2_Z500,193,0.476624402,0,98.61834491,0.006689437,0.998522482
bg_2_Z500,194,0.479093751,0,98.48451968,0.006795298,0.998532042
bg_2_Z500,195,0.479086179,0,98.59302662,0.006797154,0.998542941
bg_2_Z500,196,0.487897305,0,98.62196181,0.006872514,0.998513197
bg_2_Z500,197,0.492867715,0,98.60206887,0.006992265,0.998540777
bg_2_Z500,198,0.472195014,0,98.47547743,0.006872933,0.99861093
bg_2_Z500,199,0.478236141,0,98.44835069,0.006771482,0.998633459
bg_2_Z500,200,0.485850381,0,98.6255787,0.006751996,0.99861413
bg_2_Z500,201,0.477555101,0,98.56770833,0.006705815,0.998647934
bg_2_Z500,202,0.471110811,0,98.47186053,0.006795401,0.998681223
bg_2_Z500,203,0.476455407,0,98.58940972,0.006789628,0.998627662
bg_2_Z500,204,0.490250373,0,98.60206887,0.006707544,0.998539625
bg_2_Z500,205,0.496816144,0,98.66717303,0.006793752,0.998635251
bg_2_Z500,206,0.490069925,0,98.5405816,0.00684879,0.998724306
bg_2_Z500,207,0.492577294,0,98.4375,0.006942356,0.998836479
bg_2_Z500,208,0.494932173,0,98.47909433,0.006887878,0.998900662
bg_2_Z500,209,0.495062638,0,98.46462674,0.006878263,0.99887863
bg_2_Z500,210,0.497833227,0,98.07761863,0.006881607,0.998793638
bg_2_Z500,211,0.49804978,0,98.12102141,0.006776431,0.998741824
bg_2_Z500,212,0.486751038,0,98.36697049,0.006696761,0.99868813
bg_2_Z500,213,0.47623981,0,98.42303241,0.006887564,0.998637352
bg_2_Z500,214,0.480815113,0,98.41941551,0.006785813,0.998713255
bg_2_Z500,215,0.48745817,0,98.135489,0.006707239,0.99872785
bg_2_Z500,216,0.479326584,0,98.1391059,0.006699915,0.998688663
bg_2_Z500,217,0.488360069,0,98.28197338,0.006752099,0.998721988
bg_2_Z500,218,0.493937067,0,98.30186632,0.006763131,0.998846947
bg_2_Z500,219,0.487173889,0,98.30910012,0.00679736,0.998822365
bg_2_Z500,220,0.491489073,0,98.4338831,0.006891849,0.998827541
bg_2_Z500,221,0.485783564,0,98.32899306,0.006789422,0.998805818
bg_2_Z500,222,0.47116878,0,97.98538773,0.006707341,0.998751372
bg_2_Z500,223,0.47452716,0,98.46643519,0.006800659,0.998801356
bg_2_Z500,224,0.496906431,0,98.4411169,0.006866139,0.99880955
bg_2_Z500,225,0.497760308,0,98.46462674,0.006889341,0.998836365
bg_2_Z500,226,0.494314341,0,98.33622685,0.006798803,0.998834848
bg_2_Z500,227,0.499266569,0,98.43930845,0.006867184,0.998839041
bg_2_Z500,228,0.515516119,0,98.35250289,0.006734467,0.998826483
bg_2_Z500,229,0.508867686,0,98.26208044,0.006790968,0.998914122
bg_2_Z500,230,0.508321183,0,98.20059317,0.00679169,0.998982217
bg_2_Z500,231,0.528526118,0,98.08485243,0.006826213,0.998960131
bg_2_Z500,232,0.532364366,0,98.2458044,0.006847822,0.998925318
bg_2_Z500,233,0.527288982,0,98.27112269,0.006881293,0.998883757
bg_2_Z500,234,0.517795552,0,98.09570313,0.00680169,0.998809373
bg_2_Z500,235,0.502227912,0,97.99804688,0.006692489,0.998739445
bg_2_Z500,236,0.503345337,0,97.52965856,0.006757329,0.998787505
bg_2_Z500,237,0.484671113,0,98.37962963,0.006792824,0.998838686
bg_2_Z500,238,0.48408559,0,98.40856481,0.006709985,0.998818696
bg_2_Z500,239,0.490747995,0,98.48813657,0.006636537,0.998731266
bg_2_Z500,240,0.483495836,0,98.28378183,0.006607949,0.998702505
bg_2_Z500,241,0.481779877,0,97.89315683,0.006667261,0.998708398
bg_2_Z500,242,0.497837501,0,98.50441262,0.006775916,0.998707783
bg_2_Z500,243,0.495591583,0,98.38686343,0.006714773,0.998706738
bg_2_Z500,244,0.495303336,0,98.41941551,0.006788597,0.998797567
bg_2_Z500,245,0.496155547,0,98.46281829,0.006795917,0.998807246
bg_2_Z500,246,0.496765143,0,98.43569155,0.006714571,0.998810747
bg_2_Z500,247,0.499528633,0,98.45196759,0.00686593,0.998907106
bg_2_Z500,248,0.518851982,0,98.54781539,0.006980716,0.99891062
bg_2_Z500,249,0.526515128,0,98.44292535,0.00696959,0.998918934
bg_2_Z500,250,0.533705075,0,98.56409144,0.006858928,0.99889828
bg_2_Z500,251,0.5318474,0,98.4447338,0.006890595,0.998906381
bg_2_Z500,252,0.505356326,0,98.26569734,0.006990888,0.998938104
bg_2_Z500,253,0.519170906,0,98.2349537,0.006948396,0.999050404
bg_2_Z500,254,0.520848127,0,98.17346644,0.006891535,0.998982578
bg_2_Z500,255,0.532800834,0,98.24761285,0.006850044,0.998968902
bg_2_Z500,256,0.537755697,0,98.23314525,0.006759729,0.998928789
bg_2_Z500,257,0.53963776,0,98.31452546,0.007061037,0.998895258
bg_2_Z500,258,0.518461853,0,98.35973669,0.0070461,0.99887831
bg_2_Z500,259,0.520401608,0,97.744864,0.006933985,0.998838692
bg_2_Z500,260,0.511452449,0,98.25303819,0.006878576,0.998864353
bg_2_Z500,261,0.509727151,0,98.5369647,0.00696249,0.998867339
bg_2_Z500,262,0.495878845,0,98.45739294,0.007064475,0.998888287
bg_2_Z500,263,0.500515625,0,98.36154514,0.00704653,0.998895541
bg_2_Z500,264,0.504754733,0,98.22048611,0.00686802,0.998783974
bg_2_Z500,265,0.487595,0,98.31452546,0.006795092,0.998655579
bg_2_Z500,266,0.504715194,0,98.52430556,0.006895402,0.998592865
bg_2_Z500,267,0.508310319,0,98.58217593,0.006793133,0.998586252
bg_2_Z500,268,0.493276593,0,98.526114,0.006799216,0.998570181
bg_2_Z500,269,0.498262755,0,98.69791667,0.006799113,0.998627651
bg_2_Z500,270,0.496549438,0,98.63462095,0.006889027,0.998717593
bg_2_Z500,271,0.502428487,0,98.41760706,0.006893207,0.998740047
bg_2_Z500,272,0.511797295,0,98.69610822,0.006964715,0.998659384
bg_2_Z500,273,0.501403914,0,98.57313368,0.006884951,0.998673479
bg_2_Z500,274,0.505836101,0,98.69429977,0.006704696,0.998585955
bg_2_Z500,275,0.517465793,0,98.66898148,0.00685736,0.998683415
bg_2_Z500,276,0.516965326,0,98.57855903,0.006807817,0.998755425
bg_2_Z500,277,0.526096404,0,98.40675637,0.006770967,0.998759209
bg_2_Z500,278,0.528429514,0,98.73046875,0.006790659,0.998649359
bg_2_Z500,279,0.516483426,0,98.56047454,0.006676823,0.998723201
bg_2_Z500,280,0.504301229,0,98.43569155,0.006696965,0.998706364
bg_2_Z500,281,0.49710626,0,98.41941551,0.006696355,0.998744187
bg_2_Z500,282,0.503928806,0,98.03602431,0.006770348,0.998719606
bg_2_Z500,283,0.508055356,0,98.47909433,0.006751274,0.998727539
bg_2_Z500,284,0.504454472,0,97.96187789,0.006772307,0.998816953
bg_2_Z500,285,0.510598979,0,98.35611979,0.006870633,0.998823825
bg_2_Z500,286,0.513046431,0,98.41218171,0.006734777,0.998776919
bg_2_Z500,287,0.509573357,0,98.48451968,0.006699203,0.998675214
bg_2_Z500,288,0.494216929,0,98.59121817,0.006610571,0.998495139
bg_2_Z500,289,0.488660268,0,98.6328125,0.006800556,0.99840837
bg_2_Z500,290,0.491032415,0,98.48271123,0.006614185,0.998310485
bg_2_Z500,291,0.504299355,0,98.57494213,0.006604388,0.998320685
bg_2_Z500,292,0.510964431,0,98.49175347,0.006666854,0.998386909
bg_2_Z500,293,0.521998014,0,98.63823785,0.006733952,0.998462661
bg_2_Z500,294,0.519908466,0,98.7322772,0.00674385,0.99846686
bg_2_Z500,295,0.512967022,0,98.6400463,0.00679437,0.998600799
bg_2_Z500,296,0.50825312,0,98.57494213,0.006777978,0.998691881
bg_2_Z500,297,0.493186369,0,98.46462674,0.00670673,0.998687102
bg_2_Z500,298,0.49450415,0,98.49537037,0.006708663,0.99862093
bg_2_Z500,299,0.509888468,0,98.61472801,0.006709985,0.998645648
bg_2_Z500,300,0.51555673,0,98.06315104,0.006708866,0.998701292
bg_2_Z500,301,0.511049724,0,98.1427228,0.00678272,0.998643263
bg_2_Z500,302,0.514448351,0,98.51526331,0.006873351,0.998585009
bg_2_Z500,303,0.519316398,0,98.56770833,0.00685412,0.998561799
bg_2_Z500,304,0.523126349,0,98.60387731,0.00684879,0.998521035
bg_2_Z500,305,0.510903335,0,98.6255787,0.0066925,0.998438667
bg_2_Z500,306,0.494440123,0,98.58760127,0.006695439,0.998495201
bg_2_Z500,307,0.496244041,0,98.135489,0.006618602,0.998404509
bg_2_Z500,308,0.512042256,0,98.52792245,0.006702399,0.998474054
bg_2_Z500,309,0.505839955,0,98.54781539,0.006682622,0.998470089
bg_2_Z500,310,0.505108161,0,98.76302083,0.006614084,0.998491773
bg_2_Z500,311,0.517634004,0,98.76844618,0.006689437,0.99839925
bg_2_Z500,312,0.504688124,0,98.65270544,0.006729209,0.99850414
bg_2_Z500,313,0.511972238,0,98.58940972,0.006802309,0.998579332
bg_2_Z500,314,0.519292469,0,98.62377025,0.006801381,0.998605108
bg_2_Z500,315,0.51844089,0,98.67440683,0.00676375,0.998545965
bg_2_Z500,316,0.516086552,0,98.43207465,0.006769008,0.998551017
bg_2_Z500,317,0.527523088,0,98.63462095,0.006707137,0.998531686
bg_2_Z500,318,0.52441103,0,98.75759549,0.006698186,0.99839357
bg_2_Z500,319,0.524480517,0,97.98900463,0.006629619,0.99842381
bg_2_Z500,320,0.517319526,0,98.69972512,0.006612832,0.998379338
bg_2_Z500,321,0.542791635,0,98.62015336,0.00677585,0.998396248
bg_2_Z500,322,0.531926931,0,98.62738715,0.006777875,0.99845661
bg_2_Z500,323,0.518408027,0,98.66355613,0.006696863,0.998380044
bg_2_Z500,324,0.512578536,0,98.62377025,0.006658919,0.998385905
bg_2_Z500,325,0.515047327,0,98.60749421,0.006784885,0.998415384
bg_2_Z500,326,0.53019681,0,98.55866609,0.006800144,0.998389811
bg_2_Z500,327,0.530688434,0,98.58036748,0.006708358,0.998330532
bg_2_Z500,328,0.520826568,0,98.50260417,0.00660003,0.998368628
bg_2_Z500,329,0.520816158,0,98.62738715,0.006698893,0.998386509
bg_2_Z500,330,0.509352756,0,98.61472801,0.006596015,0.998452044
bg_2_Z500,331,0.525866971,0,98.65089699,0.006621814,0.998488827
bg_2_Z500,332,0.525939893,0,98.48994502,0.00660003,0.998484441
bg_2_Z500,333,0.526166095,0,98.11740451,0.006675094,0.998473357
bg_2_Z500,334,0.531463126,0,98.66898148,0.006615691,0.998501183
bg_2_Z500,335,0.53167762,0,98.68164063,0.006620107,0.998470768
bg_2_Z500,336,0.531728769,0,98.57132523,0.006614386,0.998497516
bg_2_Z500,337,0.539827583,0,98.6400463,0.006596416,0.998501944
bg_2_Z500,338,0.538695673,0,98.54781539,0.006621814,0.998439663
bg_2_Z500,339,0.526100272,0,98.52792245,0.006665124,0.998401067
bg_2_Z500,340,0.530377113,0,98.70153356,0.006670821,0.998565736
bg_2_Z500,341,0.50426909,0,98.46100984,0.006696965,0.998608918
bg_2_Z500,342,0.502770016,0,98.50260417,0.006666752,0.998625256
bg_2_Z500,343,0.514414649,0,98.50441262,0.006564793,0.998597669
bg_2_Z500,344,0.509104613,0,98.47366898,0.006613582,0.998567705
bg_2_Z500,345,0.505618317,0,98.50622106,0.006673873,0.998448149
bg_2_Z500,346,0.511993556,0,98.81546586,0.006620463,0.998356239
bg_2_Z500,347,0.517332544,0,98.61653646,0.006724053,0.998445706
bg_2_Z500,348,0.523334614,0,98.61291956,0.006685775,0.998382332
bg_2_Z500,349,0.516850975,0,98.73770255,0.006787852,0.998395622
bg_2_Z500,350,0.510824346,0,98.61653646,0.006705183,0.998397483
bg_2_Z500,351,0.504902702,0,98.59302662,0.00659808,0.998424476
bg_2_Z500,352,0.489387274,0,98.45739294,0.0066181,0.998454437
bg_2_Z500,353,0.49129292,0,98.55685764,0.006475011,0.998435659
bg_2_Z500,354,0.500001942,0,98.7286603,0.006582362,0.998369061
bg_2_Z500,355,0.507754345,0,98.65813079,0.006529554,0.998350849
bg_2_Z500,356,0.515377613,0,98.60930266,0.006596416,0.998342038
bg_2_Z500,357,0.501227928,0,98.69068287,0.006518208,0.998360639
bg_2_Z500,358,0.507379768,0,98.58760127,0.006480758,0.998412973
bg_2_Z500,359,0.505975965,0,98.55143229,0.006513754,0.998402373
bg_2_Z500,360,0.501676824,0,98.77567998,0.006447407,0.998259663
bg_2_Z500,361,0.495996147,0,98.66174769,0.006517519,0.998277041
bg_2_Z500,362,0.499609205,0,98.62196181,0.00653248,0.998268542
bg_2_Z500,363,0.510101048,0,98.69249132,0.0065195,0.998259127
bg_2_Z500,364,0.516745025,0,98.61291956,0.006529805,0.99814212
bg_2_Z500,365,0.514545234,0,98.66355613,0.006595513,0.997966804
bg_2_Z500,366,0.498634405,0,98.47909433,0.006513754,0.997926154
bg_2_Z500,367,0.500513441,0,98.68887442,0.006405934,0.997909292
bg_2_Z500,368,0.50177517,0,98.6328125,0.006356872,0.997936304
bg_2_Z500,369,0.497557237,0,98.47728588,0.006367688,0.99802168
bg_2_Z500,370,0.507726487,0,98.52068866,0.006450439,0.998223588
bg_2_Z500,371,0.516108088,0,98.59121817,0.006532678,0.998259994
bg_2_Z500,372,0.516069391,0,98.55504919,0.006510286,0.998235303
bg_2_Z500,373,0.516309857,0,98.64185475,0.006450537,0.998084711
bg_2_Z500,374,0.51093213,0,98.64366319,0.006427649,0.998103856
bg_2_Z500,375,0.500869423,0,98.60930266,0.006368075,0.998233479
bg_2_Z500,376,0.490596316,0,98.52792245,0.006416792,0.998331738
bg_2_Z500,377,0.492448989,0,98.50622106,0.006548931,0.998436505
bg_2_Z500,378,0.48043932,0,98.62196181,0.006446136,0.998447443
bg_2_Z500,379,0.474788868,0,98.55685764,0.006447798,0.998513203
bg_2_Z500,380,0.482603511,0,98.07038484,0.006534065,0.998479351
bg_2_Z500,381,0.504938061,0,98.58217593,0.00647947,0.998483931
bg_2_Z500,382,0.498573412,0,98.52792245,0.006530102,0.998414709
bg_2_Z500,383,0.495713045,0,98.60026042,0.006431757,0.99836632
bg_2_Z500,384,0.492465584,0,98.6255787,0.006463516,0.998382997
bg_2_Z500,385,0.48989613,0,98.69791667,0.006529706,0.998425628
bg_2_Z500,386,0.485182104,0,98.56047454,0.006619806,0.998427538
bg_2_Z500,387,0.490994969,0,98.67259838,0.006519699,0.998341163
bg_2_Z500,388,0.476828895,0,98.61834491,0.006497625,0.998312932
bg_2_Z500,389,0.479976543,0,98.57675058,0.006580153,0.998265412
bg_2_Z500,390,0.492659913,0,98.7322772,0.006511871,0.998208233
bg_2_Z500,391,0.490139562,0,98.54600694,0.006487298,0.998315611
bg_2_Z500,392,0.489266388,0,98.6328125,0.006438017,0.998234115
bg_2_Z500,393,0.486718241,0,98.66174769,0.006437057,0.998216695
bg_2_Z500,394,0.494956893,0,98.72323495,0.006608664,0.998239521
bg_2_Z500,395,0.502453973,0,98.76302083,0.006622215,0.998229841
bg_2_Z500,396,0.500388199,0,98.10112847,0.006698186,0.99827309
bg_2_Z500,397,0.514074235,0,98.51888021,0.006615791,0.998186306
bg_2_Z500,398,0.507303761,0,98.59845197,0.00650979,0.998065551
bg_2_Z500,399,0.504312889,0,98.62377025,0.006365371,0.998073343
bg_2_Z500,400,0.50527238,0,98.68344907,0.006450146,0.998151733
bg_2_Z500,401,0.511388125,0,98.57494213,0.006475803,0.998241767
bg_2_Z500,402,0.518499147,0,98.61653646,0.006508403,0.998276001
bg_2_Z500,403,0.529015337,0,98.59121817,0.006605953,0.99835754
bg_2_Z500,404,0.525360471,0,98.66355613,0.006610169,0.998307347
bg_2_Z500,405,0.515576621,0,98.57855903,0.006531489,0.998285612
bg_2_Z500,406,0.516560054,0,98.62377025,0.006533768,0.998146387
bg_2_Z500,407,0.497632899,0,98.59845197,0.006432833,0.998024574
bg_2_Z500,408,0.490033639,0,98.54239005,0.006398402,0.998056662
bg_2_Z500,409,0.504176193,0,98.58036748,0.006558067,0.998191041
bg_2_Z500,410,0.520958071,0,98.42845775,0.006604247,0.998357556
bg_2_Z500,411,0.509097416,0,98.60930266,0.006591196,0.998310516
bg_2_Z500,412,0.505440644,0,98.6255787,0.00653565,0.998338286
bg_2_Z500,413,0.502025398,0,98.55504919,0.006509988,0.998333511
bg_2_Z500,414,0.506498026,0,98.57313368,0.006531489,0.998316769
bg_2_Z500,415,0.504152876,0,98.59121817,0.006446429,0.998191436
bg_2_Z500,416,0.499986979,0,98.51345486,0.006568207,0.998109243
bg_2_Z500,417,0.506747785,0,98.58398438,0.00667784,0.998163756
bg_2_Z500,418,0.501016866,0,98.65813079,0.006688522,0.998172545
bg_2_Z500,419,0.506282885,0,98.69791667,0.006527328,0.998132737
bg_2_Z500,420,0.499485387,0,98.21867766,0.006533966,0.998066309
bg_2_Z500,421,0.504452627,0,98.58579282,0.006515339,0.998037497
bg_2_Z500,422,0.514113466,0,98.64908854,0.006507511,0.997992345
bg_2_Z500,423,0.516889532,0,98.63100405,0.006529453,0.998045008
bg_2_Z500,424,0.511356284,0,98.54962384,0.006533768,0.99817324
bg_2_Z500,425,0.514886566,0,98.66717303,0.006434105,0.998172112
bg_2_Z500,426,0.528348239,0,98.69972512,0.006499584,0.99834909
bg_2_Z500,427,0.532382162,0,98.50079572,0.006611976,0.998454172
bg_2_Z500,428,0.531560873,0,97.90400752,0.006599528,0.998594032
bg_2_Z500,429,0.536853491,0,98.63462095,0.006610972,0.998536752
bg_2_Z500,430,0.541734232,0,98.5369647,0.006589891,0.998415853
bg_2_Z500,431,0.534368476,0,98.0396412,0.006575636,0.998476601
bg_2_Z500,432,0.531322641,0,98.63823785,0.006610872,0.99849791
bg_2_Z500,433,0.523604195,0,98.5405816,0.006502557,0.998420697
bg_2_Z500,434,0.525137524,0,98.61111111,0.006451124,0.998382054
bg_2_Z500,435,0.52512114,0,98.57132523,0.00654873,0.998418541
bg_2_Z500,436,0.529551114,0,98.50802951,0.006637656,0.998406482
bg_2_Z500,437,0.533556957,0,98.5441985,0.006667057,0.99834422
bg_2_Z500,438,0.5346253,0,98.74855324,0.00668252,0.998331466
bg_2_Z500,439,0.534601261,0,98.5369647,0.006666243,0.998400312
bg_2_Z500,440,0.541383878,0,98.65451389,0.006710087,0.998397814
bg_2_Z500,441,0.547585628,0,98.65089699,0.006635113,0.998299602
bg_2_Z500,442,0.537397995,0,98.61111111,0.006586478,0.998201784
bg_2_Z500,443,0.53435223,0,98.60206887,0.00666136,0.998260792
bg_2_Z500,444,0.531142412,0,98.45558449,0.006696355,0.998302807
bg_2_Z500,445,0.537311592,0,98.57675058,0.006614988,0.998392196
bg_2_Z500,446,0.550407631,0,98.68164063,0.006622015,0.998385658
bg_2_Z500,447,0.54043154,0,98.11378762,0.006687403,0.998403858
bg_2_Z500,448,0.541375628,0,98.56770833,0.006590092,0.998329756
bg_2_Z500,449,0.543833854,0,98.62196181,0.006608463,0.998257106
bg_2_Z500,450,0.535296683,0,98.55685764,0.00652604,0.998270113
bg_2_Z500,451,0.540615784,0,98.64366319,0.006593003,0.998323324
bg_2_Z500,452,0.528116027,0,98.48090278,0.006618802,0.998453106
bg_2_Z500,453,0.52991893,0,98.53515625,0.006621613,0.998476858
bg_2_Z500,454,0.529206025,0,98.12463831,0.006535578,0.998374074
bg_2_Z500,455,0.529617531,0,98.6255787,0.00668126,0.998155426
bg_2_Z500,456,0.507956905,0,98.63100405,0.006578748,0.998002274
bg_2_Z500,457,0.517855957,0,98.59121817,0.006520689,0.99808798
bg_2_Z500,458,0.514498553,0,98.81727431,0.006521977,0.998075501
bg_2_Z500,459,0.530758501,0,98.74674479,0.006530498,0.998135019
bg_2_Z500,460,0.537621017,0,98.64547164,0.006533173,0.99824574
bg_2_Z500,461,0.544019214,0,98.64547164,0.006529508,0.998243405
bg_2_Z500,462,0.530268638,0,98.67078993,0.006576539,0.998199777
bg_2_Z500,463,0.532312581,0,98.60749421,0.006555557,0.998155164
bg_2_Z500,464,0.543725845,0,98.60026042,0.006535056,0.998249839
bg_2_Z500,465,0.541645337,0,98.61834491,0.006621613,0.998289218
bg_2_Z500,466,0.537817731,0,98.05953414,0.006694117,0.998460627
bg_2_Z500,467,0.540055415,0,98.53153935,0.006777153,0.998536329
bg_2_Z500,468,0.539650484,0,98.54239005,0.006800659,0.998565645
bg_2_Z500,469,0.52911353,0,98.57494213,0.00672859,0.9985002
bg_2_Z500,470,0.529208862,0,98.67078993,0.006613984,0.998497764
bg_2_Z500,471,0.533458858,0,98.60749421,0.006516132,0.998595617
bg_2_Z500,472,0.536581954,0,98.60568576,0.006621212,0.998601467
bg_2_Z500,473,0.53176974,0,98.526114,0.006621312,0.998535142
bg_2_Z500,474,0.520002901,0,98.46643519,0.006482938,0.998473855
bg_2_Z500,475,0.521052885,0,98.51345486,0.006467975,0.998457899
bg_2_Z500,476,0.529004329,0,98.63462095,0.006470551,0.998458939
bg_2_Z500,477,0.532935805,0,98.65993924,0.006519203,0.99847669
bg_2_Z500,478,0.540392765,0,98.50079572,0.006606957,0.998531921
bg_2_Z500,479,0.532198788,0,98.48994502,0.006584872,0.998549744
bg_2_Z500,480,0.508805175,0,98.56951678,0.006601034,0.998424754
bg_2_Z500,481,0.509663484,0,98.6400463,0.006611575,0.998383169
bg_2_Z500,482,0.514069403,0,98.71238426,0.006697067,0.998357148
bg_2_Z500,483,0.514189978,0,98.66536458,0.006710901,0.998345663
bg_2_Z500,484,0.506173327,0,98.59845197,0.006616995,0.998281794
bg_2_Z500,485,0.515242997,0,98.58036748,0.006619505,0.99829176
bg_2_Z500,486,0.524499411,0,98.51888021,0.006640708,0.998337502
bg_2_Z500,487,0.514380255,0,98.48994502,0.006690556,0.998364139
bg_2_Z500,488,0.521255685,0,98.58217593,0.006627279,0.998524251
bg_2_Z500,489,0.533580209,0,98.61472801,0.006699813,0.998529378
bg_2_Z500,490,0.531889806,0,98.71419271,0.00670673,0.998514284
bg_2_Z500,491,0.528695216,0,98.6364294,0.00670968,0.998593744
bg_2_Z500,492,0.536039297,0,98.63823785,0.006787463,0.998596233
bg_2_Z500,493,0.542531464,0,98.67440683,0.006781792,0.998503466
bg_2_Z500,494,0.548533238,0,98.60387731,0.006763337,0.998478626
bg_2_Z500,495,0.546926536,0,98.58579282,0.006752821,0.998491827
bg_2_Z500,496,0.538530895,0,98.6255787,0.006800659,0.998392698
bg_2_Z500,497,0.530654722,0,98.44292535,0.006683232,0.998250485
bg_2_Z500,498,0.520375641,0,98.52430556,0.006587783,0.998249085
bg_2_Z500,499,0.521257682,0,98.4411169,0.006560677,0.998387834
bg_2_Z500,500,0.518841064,0,98.56228299,0.006596216,0.99852765
bg_2_Z500,501,0.516936538,0,98.4302662,0.006485415,0.998631629
bg_2_Z500,502,0.530374255,0,98.28920718,0.006626567,0.998615169
bg_2_Z500,503,0.52635827,0,98.30729167,0.006646507,0.998691844
bg_2_Z500,504,0.51638637,0,98.38686343,0.006578146,0.998574888
bg_2_Z500,505,0.516357231,0,98.4375,0.006611776,0.998456314
bg_2_Z500,506,0.517591846,0,98.52249711,0.006530201,0.998347186
bg_2_Z500,507,0.521698374,0,98.39228877,0.00661559,0.998379945
bg_2_Z500,508,0.516452325,0,98.55324074,0.006618802,0.998332549
bg_2_Z500,509,0.506619334,0,97.97453704,0.006616995,0.998386429
bg_2_Z500,510,0.501843832,0,98.44835069,0.006613081,0.998341558
bg_2_Z500,511,0.519477552,0,98.59845197,0.00669666,0.998430049
bg_2_Z500,512,0.526466489,0,98.60206887,0.006799628,0.998380979
bg_2_Z500,513,0.517504344,0,98.61291956,0.006783957,0.998446719
bg_2_Z500,514,0.507618873,0,98.75578704,0.006796742,0.998396308
bg_2_Z500,515,0.499729032,0,98.12463831,0.006861436,0.998502449
bg_2_Z500,516,0.499463314,0,98.12282986,0.006801484,0.998567492
bg_2_Z500,517,0.491265437,0,98.5405816,0.006802515,0.998504895
bg_2_Z500,518,0.498959152,0,98.65451389,0.006760553,0.998516244
bg_2_Z500,519,0.487206373,0,98.52430556,0.006758182,0.998546705
bg_2_Z500,520,0.495372274,0,98.41037326,0.006799216,0.998604005
bg_2_Z500,521,0.495164612,0,98.4411169,0.006880771,0.99859585
bg_2_Z500,522,0.502794369,0,98.46100984,0.006782617,0.998504975
bg_2_Z500,523,0.497410201,0,98.51707176,0.006765502,0.998355207
bg_2_Z500,524,0.50570119,0,98.52430556,0.006664761,0.99818019
bg_2_Z500,525,0.514530454,0,98.56228299,0.006525445,0.998074388
bg_2_Z500,526,0.512553422,0,98.58398438,0.006616594,0.998159761
bg_2_Z500,527,0.506942899,0,98.52068866,0.006701949,0.998483406
bg_2_Z500,528,0.498872238,0,98.48090278,0.006683842,0.998576801
bg_2_Z500,529,0.497545433,0,98.56409144,0.006710087,0.998625952
bg_2_Z500,530,0.513766722,0,98.56951678,0.006879517,0.998750857
bg_2_Z500,531,0.510328617,0,98.32537616,0.006869797,0.998837523
bg_2_Z500,532,0.50430987,0,98.35792824,0.006859764,0.998786817
bg_2_Z500,533,0.508896488,0,98.56770833,0.006865826,0.998713581
bg_2_Z500,534,0.505386334,0,98.47005208,0.006792308,0.998579431
bg_2_Z500,535,0.507490113,0,98.43207465,0.006967682,0.998662474
bg_2_Z500,536,0.488044971,0,98.31452546,0.006827154,0.998616338
bg_2_Z500,537,0.490186299,0,98.50622106,0.006864571,0.998533998
bg_2_Z500,538,0.491479389,0,98.54239005,0.006750346,0.998593493
bg_2_Z500,539,0.517303351,0,98.52068866,0.006707968,0.998635361
bg_2_Z500,540,0.519962538,0,98.26388889,0.006794267,0.998714357
bg_2_Z500,541,0.512360044,0,98.41579861,0.006882443,0.998772898
bg_2_Z500,542,0.501375553,0,98.41760706,0.006876172,0.998798878
bg_2_Z500,543,0.488917863,0,98.31090856,0.006802515,0.998723692
bg_2_Z500,544,0.494410263,0,98.30005787,0.006768389,0.998655449
bg_2_Z500,545,0.495603683,0,98.41399016,0.006710596,0.99868319
bg_2_Z500,546,0.503071935,0,97.73943866,0.006738798,0.998765218
bg_2_Z500,547,0.508018682,0,98.23314525,0.00679138,0.9987731
bg_2_Z500,548,0.498579364,0,98.37058738,0.006893835,0.998725272
bg_2_Z500,549,0.498780166,0,98.33622685,0.006812103,0.998714711
bg_2_Z500,550,0.486067416,0,98.39228877,0.006846595,0.998702538
bg_2_Z500,551,0.484458123,0,98.28378183,0.006799319,0.998761986
bg_2_Z500,552,0.487668245,0,98.32899306,0.006892894,0.998705525
bg_2_Z500,553,0.497444535,0,98.41037326,0.00684649,0.998571409
bg_2_Z500,554,0.498613665,0,98.38686343,0.006787772,0.998558388
bg_2_Z500,555,0.498873808,0,98.40675637,0.006684758,0.998538704
bg_2_Z500,556,0.500240782,0,98.47547743,0.006582462,0.998439366
bg_2_Z500,557,0.496543032,0,98.40675637,0.006840721,0.998483439
bg_2_Z500,558,0.485277443,0,98.49898727,0.006739623,0.998419495
bg_2_Z500,559,0.489450022,0,98.70515046,0.006701949,0.998335365
bg_2_Z500,560,0.491724783,0,98.60930266,0.006697372,0.99836728
bg_2_Z500,561,0.471029079,0,98.55143229,0.006579149,0.998338838
bg_2_Z500,562,0.471264222,0,98.37782118,0.006612832,0.998396796
bg_2_Z500,563,0.47051486,0,98.43930845,0.006703272,0.998477796
bg_2_Z500,564,0.471261095,0,98.36697049,0.006704255,0.998451417
bg_2_Z500,565,0.475248947,0,98.3416522,0.006665379,0.998369817
bg_2_Z500,566,0.488030571,0,98.37239583,0.00666543,0.998316361
bg_2_Z500,567,0.508750927,0,98.38867188,0.006576037,0.998298924
bg_2_Z500,568,0.507742168,0,98.5333478,0.006612277,0.998387288
bg_2_Z500,569,0.501231818,0,98.59302662,0.006631552,0.998342573
bg_2_Z500,570,0.492619177,0,98.35069444,0.006629212,0.998434502
bg_2_Z500,571,0.502210336,0,98.54239005,0.006802206,0.998536963
bg_2_Z500,572,0.481720618,0,98.53515625,0.006879621,0.998758559
bg_2_Z500,573,0.482575955,0,98.46100984,0.006988981,0.998945467
bg_2_Z500,574,0.473212664,0,98.37782118,0.006984742,0.998922899
bg_2_Z500,575,0.486791627,0,98.42122396,0.006823705,0.998882082
bg_2_Z500,576,0.479974962,0,98.47005208,0.006801072,0.998824295
bg_2_Z500,577,0.481854654,0,98.48813657,0.006881398,0.998830284
bg_2_Z500,578,0.478678337,0,98.39409722,0.006865098,0.998892491
bg_2_Z500,579,0.482643562,0,98.54239005,0.006877427,0.998876339
bg_2_Z500,580,0.472149573,0,98.53877315,0.006896343,0.998770545
bg_2_Z500,581,0.467381422,0,98.38505498,0.006831962,0.998797403
bg_2_Z500,582,0.477450032,0,97.89677373,0.006888714,0.998739084
bg_2_Z500,583,0.474465854,0,98.47547743,0.006887041,0.998744476
bg_2_Z500,584,0.473831377,0,98.46824363,0.006892162,0.998854919
bg_2_Z500,585,0.475737781,0,98.37058738,0.006883906,0.998861559
bg_2_Z500,586,0.467383526,0,98.30367477,0.006893926,0.998943238
bg_2_Z500,587,0.464529243,0,98.48271123,0.0068745,0.998924501
bg_2_Z500,588,0.459084302,0,98.38143808,0.006855583,0.99887611
bg_2_Z500,589,0.466094717,0,98.47186053,0.006881189,0.998831222
bg_2_Z500,590,0.467503106,0,98.32718461,0.006829663,0.998889885
bg_2_Z500,591,0.492066097,0,98.46100984,0.006929534,0.998875133
bg_2_Z500,592,0.510345833,0,98.35792824,0.006886101,0.998887865
bg_2_Z500,593,0.509192195,0,98.42122396,0.006967788,0.998925912
bg_2_Z500,594,0.497438587,0,98.51345486,0.00696196,0.998939755
bg_2_Z500,595,0.488033427,0,98.51164641,0.007073072,0.998928494
bg_2_Z500,596,0.495667582,0,98.51345486,0.006986438,0.998953187
bg_2_Z500,597,0.49195578,0,98.66355613,0.006964291,0.99897943
bg_2_Z500,598,0.488925636,0,98.50622106,0.006970967,0.998937866
bg_2_Z500,599,0.486232026,0,98.50441262,0.006922751,0.998936031
bg_2_Z500,600,0.490968693,0,98.56770833,0.007089942,0.998979362
bg_2_Z500,601,0.477523292,0,98.51164641,0.006965245,0.998903935
bg_2_Z500,602,0.480834477,0,98.63462095,0.006955496,0.998881536
bg_2_Z500,603,0.488067752,0,98.52430556,0.00698951,0.998865236
bg_2_Z500,604,0.497136553,0,98.48090278,0.006969166,0.998888883
bg_2_Z500,605,0.480308747,0,98.41399016,0.006972557,0.998828213
bg_2_Z500,606,0.480922047,0,98.49175347,0.007037288,0.99885098
bg_2_Z500,607,0.470533523,0,98.49175347,0.006885056,0.998851225
bg_2_Z500,608,0.48744885,0,98.68164063,0.006860182,0.998773107
bg_2_Z500,609,0.499040064,0,98.55143229,0.007040619,0.998765394
bg_2_Z500,610,0.491975246,0,98.49537037,0.006989087,0.998773328
bg_2_Z500,611,0.498194854,0,98.07038484,0.006889759,0.998675524
bg_2_Z500,612,0.486280723,0,98.42303241,0.006961854,0.998703841
bg_2_Z500,613,0.508289608,0,98.39228877,0.006978596,0.99877061
bg_2_Z500,614,0.500123171,0,98.40675637,0.006989298,0.998816942
bg_2_Z500,615,0.495811919,0,98.47366898,0.006894148,0.998807386
bg_2_Z500,616,0.509988506,0,98.54962384,0.006981563,0.998788548
bg_2_Z500,617,0.506576944,0,98.41399016,0.006962596,0.998763401
bg_2_Z500,618,0.507526272,0,98.57494213,0.006842728,0.998652468
bg_2_Z500,619,0.486324383,0,98.5333478,0.006720754,0.99848486
